400 400 133 COORD_PMED seed=20260727 source=pmed20
CUSTOMERS
1 99.002901 32.238035
2 12.401504 40.752212
3 97.192108 63.551107
4 7.094422 56.180739
5 80.527663 24.990045
6 5.107756 8.876971
7 19.581161 5.162590
8 27.104588 58.874202
9 82.934360 23.503792
10 59.881622 2.546982
11 81.157337 35.942506
12 75.204644 32.023567
13 75.819586 46.694150
14 52.714326 87.086650
15 12.051035 72.410166
16 16.709048 15.108377
17 98.899372 23.029889
18 88.317430 36.517659
19 64.100738 63.020579
20 98.083485 82.811213
21 99.607156 67.084273
22 81.962042 23.016865
23 42.875164 13.132681
24 39.487968 65.771850
25 27.096439 63.242053
26 87.532932 69.470810
27 81.290310 27.642957
28 40.387467 99.852261
29 18.071322 71.511709
30 23.927356 31.070163
31 4.898920 33.157084
32 60.856243 9.186578
33 35.322401 29.986604
34 17.545892 17.048100
35 58.434365 97.439643
36 53.444820 27.733658
37 37.085232 46.923505
38 69.523230 22.027641
39 76.338276 74.909721
40 54.579036 60.783827
41 90.339597 95.374532
42 30.072339 22.216636
43 22.262302 76.513720
44 42.033390 44.819693
45 95.417197 17.329612
46 9.250882 32.859047
47 75.070339 86.707922
48 80.584152 4.758004
49 11.214872 49.991964
50 38.872734 75.409009
51 58.876215 88.065000
52 17.471252 9.434192
53 10.612544 84.997010
54 79.762829 40.232835
55 11.716762 83.362072
56 49.367380 16.025230
57 68.869736 64.176773
58 28.203031 83.183950
59 44.884974 96.974016
60 2.785335 34.244621
61 84.918754 26.369954
62 53.063830 9.772925
63 35.066357 35.405860
64 49.307630 81.645579
65 94.545154 1.463605
66 63.762903 81.681478
67 48.299054 40.084578
68 4.879881 61.934856
69 78.548444 72.382928
70 7.661086 54.406724
71 24.321636 88.803243
72 4.053264 80.180158
73 2.509585 15.573788
74 1.015413 44.045620
75 53.419647 40.496840
76 27.450937 37.552390
77 64.684808 68.540210
78 46.547560 69.177240
79 9.245405 75.960087
80 39.929632 46.197876
81 54.796982 56.693150
82 98.380769 85.552391
83 65.522510 46.880389
84 74.240002 87.729090
85 53.836523 61.592586
86 20.288814 57.565881
87 6.251499 48.557180
88 7.091329 38.990686
89 61.830411 42.961572
90 45.640057 66.751786
91 17.809247 49.415453
92 29.940671 76.355807
93 55.168629 73.224308
94 81.310108 93.133964
95 86.565782 68.514436
96 44.520297 0.045281
97 39.063807 3.783833
98 4.132422 0.983469
99 9.971273 60.642149
100 56.508204 72.055574
101 50.679429 74.490805
102 60.455729 33.775707
103 64.746008 24.103381
104 53.995942 42.606656
105 29.528836 30.201037
106 0.487560 27.112479
107 35.359423 43.743370
108 24.798586 53.815734
109 43.307415 42.264882
110 77.473524 84.806976
111 72.852063 11.311655
112 49.907567 30.397064
113 26.844951 78.993636
114 61.682728 69.716767
115 62.830258 14.609015
116 6.289202 27.466892
117 65.989066 65.375154
118 97.687908 24.585101
119 82.177213 62.818740
120 57.142243 21.258481
121 1.400710 86.604347
122 47.464191 77.656559
123 89.997485 96.022209
124 8.498374 93.886610
125 33.149280 40.772449
126 4.909036 2.302573
127 7.485007 10.081133
128 31.573269 33.884698
129 42.469249 82.538126
130 34.088097 33.117461
131 6.596388 33.675523
132 39.616982 65.334266
133 39.679334 23.070652
134 81.041174 44.074142
135 63.600330 21.107256
136 27.085685 78.329169
137 16.012430 93.185117
138 3.068694 66.967791
139 49.084684 18.526144
140 90.278533 96.131275
141 44.986328 82.980648
142 42.750374 71.357750
143 67.478258 18.052963
144 7.937469 17.207743
145 94.860891 54.927631
146 68.390991 85.595563
147 71.223970 67.587250
148 35.177850 68.500131
149 95.964417 41.725839
150 89.168141 59.644979
151 7.227475 70.607434
152 66.811841 33.765914
153 47.285023 37.315428
154 81.658827 82.976080
155 49.231006 42.092375
156 40.998363 52.491027
157 34.640300 78.808500
158 77.781337 61.186661
159 79.990832 41.384865
160 44.242958 80.369665
161 84.868086 39.829430
162 67.396749 7.032734
163 16.230279 88.039140
164 5.720306 23.691151
165 79.536486 42.164735
166 81.833005 65.886122
167 54.595457 67.121554
168 9.660621 82.842183
169 45.284011 87.723168
170 23.245506 8.679505
171 25.864129 71.504087
172 48.822854 95.188585
173 55.231480 46.953943
174 4.008326 76.465733
175 33.354889 43.069520
176 65.687308 4.074950
177 72.912541 84.834749
178 26.257221 84.797590
179 9.459170 87.587198
180 59.317441 94.375308
181 0.661510 94.756067
182 62.853423 40.851652
183 12.213865 88.347474
184 75.359864 33.570694
185 32.223918 8.040363
186 23.133300 98.266789
187 88.653101 97.134263
188 3.539452 24.758399
189 56.563432 63.544153
190 50.851791 60.528109
191 87.432926 58.414720
192 88.718753 88.747269
193 52.402915 45.768533
194 92.574475 55.823708
195 28.637708 46.138211
196 64.848660 53.035085
197 73.445264 92.270665
198 12.463931 39.958729
199 81.211740 51.126711
200 8.995728 51.005288
201 48.995800 72.097468
202 22.011063 97.861594
203 30.577808 59.705002
204 85.516071 64.108738
205 25.159863 49.224129
206 87.034480 91.505999
207 68.678348 47.968234
208 89.872079 55.389945
209 65.904878 81.178035
210 68.036325 8.191908
211 37.016028 23.775515
212 93.796123 22.161585
213 90.463947 89.963361
214 34.379442 0.034129
215 40.335271 43.491903
216 73.759341 66.436192
217 79.462082 20.316694
218 92.332464 9.497306
219 14.775953 59.481278
220 20.713008 61.778949
221 79.015443 45.613493
222 32.976782 39.447814
223 59.194833 74.346371
224 31.193826 48.649221
225 84.061526 94.345983
226 0.730640 16.477438
227 20.101705 80.777066
228 50.178205 76.502566
229 71.383106 79.757450
230 6.982565 54.385453
231 71.684105 13.775290
232 63.076323 64.707930
233 82.785752 22.401456
234 17.951821 73.829652
235 57.828016 90.139349
236 90.681309 98.302219
237 86.623504 16.477985
238 89.046629 2.124612
239 95.017199 69.546131
240 25.225297 49.710841
241 39.584952 7.546518
242 86.419987 13.311924
243 39.424608 98.243204
244 81.226422 87.932612
245 45.537771 61.299906
246 26.222024 20.080076
247 97.658368 11.573996
248 45.796477 80.138857
249 56.678126 86.714462
250 2.839296 52.934357
251 25.254379 65.047956
252 87.775118 57.025900
253 80.585345 76.071303
254 20.954786 8.964742
255 37.606695 9.774740
256 39.767337 82.671710
257 76.517523 62.069092
258 94.328076 74.251831
259 85.570030 86.655464
260 76.760268 94.862010
261 29.851011 84.096715
262 44.846132 53.193851
263 69.830916 80.232772
264 66.889813 57.058762
265 82.827617 86.924220
266 69.155469 98.656251
267 87.341737 2.724349
268 73.931980 38.470172
269 71.004141 80.129842
270 61.519843 74.911997
271 55.442544 84.900436
272 56.598799 26.195664
273 29.501633 50.441509
274 76.660683 16.326832
275 18.662782 65.217028
276 33.137601 2.582711
277 94.565421 88.675313
278 78.199877 32.134272
279 40.578748 80.334538
280 44.546684 83.784740
281 95.918142 18.916736
282 16.724072 1.721169
283 9.394722 87.500333
284 48.011562 93.697999
285 86.400303 28.853262
286 77.086545 22.553749
287 33.816579 31.319016
288 12.757079 62.543989
289 75.366976 69.380287
290 64.607218 79.280278
291 43.658961 45.974749
292 10.285051 60.183706
293 47.786189 76.204041
294 57.164789 12.469631
295 3.266940 21.751364
296 39.677278 50.404940
297 90.065792 13.764566
298 89.870425 6.612806
299 24.113659 73.737513
300 17.932535 80.075161
301 73.109773 78.754286
302 74.123017 71.792402
303 79.562521 17.350289
304 23.295672 4.398487
305 93.695396 62.917567
306 33.056137 65.758013
307 61.252309 19.853670
308 72.684514 81.262619
309 13.969077 4.263322
310 44.349371 39.339817
311 36.056929 94.992655
312 76.199207 33.608479
313 96.145055 31.955970
314 2.056391 54.917453
315 63.279190 59.745950
316 5.519270 18.334373
317 84.058802 48.004759
318 82.209715 58.718933
319 86.240291 86.545105
320 95.738186 10.394083
321 73.289951 11.336501
322 71.774383 2.640195
323 19.142767 92.649488
324 22.961502 73.753175
325 91.269923 22.463437
326 59.842989 42.291524
327 5.719743 69.945992
328 44.944125 32.111722
329 27.810891 71.879375
330 13.637866 98.093168
331 52.141220 28.587500
332 89.161747 83.467124
333 36.513241 72.210239
334 16.628299 48.029335
335 76.684619 96.529649
336 34.139390 92.368827
337 92.397280 95.977709
338 78.695970 21.175327
339 94.741829 60.784043
340 31.996402 98.415297
341 30.612281 8.797784
342 11.296237 77.340879
343 26.452735 73.921974
344 29.038025 24.832862
345 55.173361 33.643281
346 9.524860 75.841920
347 2.664236 84.085819
348 51.499415 90.393711
349 67.677363 56.362974
350 33.462891 24.033940
351 21.548786 63.661396
352 10.312560 26.625749
353 25.467059 46.126437
354 65.999978 44.636157
355 57.545623 57.905031
356 58.850097 12.826808
357 24.161953 61.853665
358 71.936766 96.868177
359 2.097051 37.436916
360 53.204485 72.853091
361 66.045596 32.373982
362 39.929191 51.006849
363 89.380213 84.822878
364 88.382640 61.811840
365 56.604246 73.112237
366 15.339905 12.536489
367 51.503380 37.226017
368 1.955353 14.684172
369 25.156047 87.844245
370 76.287314 93.793773
371 49.017076 81.115724
372 18.198346 59.303199
373 25.749646 77.834600
374 55.241697 40.554765
375 81.348636 31.633868
376 45.109112 5.684832
377 90.830729 77.291548
378 54.072098 10.402423
379 84.515769 42.282921
380 6.621276 13.091051
381 93.012481 64.827237
382 19.654659 24.563965
383 3.930841 32.195679
384 39.493205 50.320022
385 69.609486 55.840383
386 60.326114 84.071041
387 55.875129 33.267113
388 53.298257 32.589303
389 50.448740 48.530593
390 57.528865 2.392005
391 78.216648 73.893116
392 91.709329 57.485787
393 46.373560 92.112898
394 55.190731 21.619782
395 39.282420 79.397278
396 13.904095 51.453585
397 46.687022 50.695014
398 42.513044 65.356783
399 48.506179 54.103298
400 51.881498 90.364718
LOCATIONS
1 98.848893 70.653140
2 79.625479 3.987853
3 47.007863 54.634919
4 72.745857 24.860031
5 77.889464 56.316065
6 32.950261 77.246419
7 60.980169 11.940527
8 12.372197 72.756289
9 55.062852 3.468572
10 49.507008 0.465479
11 19.363226 63.866692
12 10.269624 27.102538
13 82.586738 25.188495
14 74.250189 51.480950
15 49.807797 65.282349
16 88.417397 44.122232
17 14.744255 75.632585
18 46.672516 32.439050
19 43.580073 5.414809
20 1.425369 97.161773
21 10.055881 90.153192
22 27.363962 20.356790
23 20.343154 18.464454
24 42.289564 49.376041
25 11.470518 89.835995
26 22.855184 62.469276
27 39.342782 87.142082
28 50.833911 9.449638
29 80.765673 89.065291
30 38.155772 52.819021
31 35.878867 15.968901
32 68.303501 46.432461
33 42.294382 48.573313
34 88.534049 3.009600
35 27.167060 21.283586
36 31.433324 99.507741
37 46.257156 63.362095
38 46.825834 52.816302
39 86.010577 26.681335
40 4.208908 10.438996
41 98.366947 26.776025
42 50.082718 14.152017
43 9.224792 93.116908
44 95.398035 72.542651
45 80.855367 54.830302
46 58.188020 68.705944
47 85.710262 28.204658
48 43.764478 0.414681
49 28.984714 72.885369
50 53.683506 16.548342
51 10.721992 47.710364
52 2.752090 21.677363
53 73.193344 55.184764
54 38.666332 86.523924
55 32.007819 82.550489
56 35.186306 85.233619
57 58.715208 16.950808
58 58.806908 63.805747
59 94.422777 23.199703
60 16.085350 85.132520
61 60.402929 23.176362
62 44.449895 5.519536
63 20.100341 70.653794
64 93.360502 28.004582
65 3.006764 3.012481
66 30.415210 89.894316
67 47.846694 64.838522
68 85.050286 36.145799
69 76.782753 75.442970
70 22.570407 47.749617
71 56.684153 12.433667
72 1.351025 51.697118
73 82.560187 52.874129
74 79.405029 45.115106
75 31.433939 77.814414
76 6.271232 45.165702
77 38.632955 47.506903
78 53.829744 54.577776
79 9.095045 77.805868
80 28.061113 8.418104
81 72.685244 12.770665
82 44.383079 69.793564
83 44.478368 39.787515
84 92.860931 14.069356
85 63.301759 25.538014
86 32.796389 54.686240
87 67.194226 31.268956
88 26.902448 60.262310
89 96.628188 5.971914
90 26.213819 51.151749
91 57.830129 15.426349
92 81.031151 18.063911
93 80.734223 69.195313
94 25.179670 66.988300
95 22.106352 89.336739
96 42.299792 65.050834
97 11.795926 40.908326
98 50.995489 80.347029
99 62.690610 4.357573
100 2.413204 71.925138
101 73.507016 92.759080
102 20.383906 24.064146
103 67.018135 61.303555
104 62.715353 60.427397
105 36.124990 4.964817
106 0.640326 16.522476
107 11.067870 25.152170
108 97.766274 78.887992
109 62.341963 90.982132
110 45.770478 62.850653
111 72.011185 9.663414
112 9.674320 72.841019
113 97.976493 9.661821
114 48.808504 91.067964
115 59.625195 48.034095
116 10.696719 25.930243
117 97.613397 46.015006
118 6.184941 9.534553
119 87.822494 54.534222
120 23.713082 1.491640
121 10.913425 89.032451
122 1.979118 49.598569
123 12.050637 2.030884
124 62.804862 14.314085
125 49.981018 92.920375
126 62.599678 73.455223
127 23.522555 55.432046
128 22.137088 13.510213
129 42.360133 95.664956
130 1.952735 6.656926
131 86.937988 18.356131
132 70.613031 18.051257
133 84.591850 13.890101
134 83.973877 92.420524
135 62.406434 69.339143
136 16.241285 5.041085
137 0.946281 82.809658
138 61.502245 74.179603
139 89.541172 76.408125
140 38.170768 18.247778
141 81.517151 12.714732
142 48.677644 31.709426
143 36.622348 37.175690
144 32.865077 52.068676
145 35.238566 63.696297
146 67.378794 21.463873
147 14.496939 15.087119
148 26.488502 69.256110
149 89.658764 37.385683
150 53.208512 71.511798
151 35.478964 7.256542
152 48.853001 59.087621
153 81.611080 59.218596
154 85.128758 84.213446
155 75.324101 25.180682
156 16.988929 77.837527
157 92.355656 36.881418
158 40.571775 54.985431
159 68.001629 36.705268
160 69.947144 70.787407
161 59.701554 3.092601
162 38.835326 15.597327
163 18.215172 8.890377
164 46.048912 54.919680
165 2.861733 76.504230
166 83.281813 48.203566
167 95.840208 78.001904
168 82.022384 47.816158
169 48.636709 66.033059
170 98.363147 25.358834
171 77.392479 95.227588
172 36.707674 17.546872
173 32.748190 37.095187
174 83.306420 12.194594
175 98.093376 1.801683
176 86.242223 51.453292
177 89.792332 82.526865
178 88.826241 90.065611
179 88.460090 73.781684
180 6.012698 97.724427
181 49.511767 76.373147
182 73.859646 68.826569
183 36.794267 1.099110
184 22.340907 44.909219
185 41.387658 69.371473
186 76.770948 40.349867
187 85.869101 48.984960
188 88.608100 66.970636
189 0.454800 10.332804
190 20.007321 80.925600
191 86.324626 17.330828
192 12.863131 98.500614
193 64.480768 76.040328
194 85.138631 74.930458
195 74.979077 19.544646
196 26.015055 31.219130
197 8.727240 51.129703
198 11.184499 5.744285
199 36.598227 14.905800
200 8.344154 95.302679
201 77.375451 53.417669
202 93.381197 78.452892
203 77.940573 21.754813
204 24.952393 67.253965
205 3.908317 86.657332
206 1.826203 10.549287
207 54.402851 99.111142
208 34.234797 34.355424
209 24.932433 87.108859
210 27.395095 14.585892
211 77.470650 99.759909
212 10.963591 70.578612
213 60.943045 91.120750
214 12.803287 18.428233
215 46.321489 3.872751
216 41.398672 85.404244
217 27.505754 16.093275
218 15.616416 92.508511
219 1.208016 82.615609
220 33.150702 20.532323
221 49.837041 64.750946
222 84.981080 50.831097
223 41.535129 31.459168
224 42.763591 95.886262
225 11.807832 38.127548
226 66.191068 61.193692
227 69.001032 47.734025
228 27.832949 4.215506
229 70.833875 26.994070
230 69.194098 22.963790
231 82.685938 79.463646
232 78.865872 10.690976
233 17.602741 82.022311
234 32.700021 47.188505
235 18.843254 70.128227
236 84.736128 51.831838
237 97.845426 82.483516
238 25.958529 67.367160
239 9.853079 46.870872
240 64.305721 1.479571
241 93.190122 4.423046
242 77.254827 9.889526
243 91.582304 78.607559
244 76.438674 50.805964
245 92.548024 66.081346
246 73.798021 17.485629
247 59.313215 32.449528
248 87.461544 18.698144
249 39.887422 15.249569
250 89.316621 32.659765
251 29.249312 37.088283
252 63.723521 37.678591
253 42.011748 19.379218
254 54.033573 44.833738
255 13.611015 94.885432
256 72.090025 70.212446
257 53.967819 62.496619
258 23.234918 19.098524
259 46.558745 6.996722
260 74.849930 15.040817
261 57.404857 30.614189
262 92.154456 17.157258
263 26.558096 18.684510
264 61.443552 0.882179
265 18.295108 33.047683
266 1.843200 73.533839
267 83.050672 51.547700
268 69.435974 49.846979
269 72.581889 58.978560
270 13.377770 60.606975
271 61.885499 66.232950
272 87.183786 83.667288
273 12.907166 28.405103
274 33.236593 39.192109
275 43.549966 50.614129
276 13.348842 85.323860
277 72.369262 38.169593
278 42.156524 50.079426
279 70.337747 59.628720
280 24.361731 67.636182
281 74.677113 37.271705
282 55.358981 61.902293
283 19.823641 14.020059
284 5.663437 96.607486
285 4.092183 29.442064
286 79.632593 98.314365
287 14.556254 80.683168
288 35.777628 84.476911
289 46.415142 13.995245
290 17.991433 21.518568
291 63.522996 89.226372
292 60.134481 89.067497
293 98.952566 13.478116
294 35.198008 32.958656
295 18.819385 91.309193
296 96.577616 99.230596
297 6.531439 80.314078
298 28.777866 84.554607
299 5.928514 12.991404
300 50.400113 98.420239
301 68.693860 88.176999
302 25.803617 93.347803
303 34.266835 84.036901
304 77.229452 91.811225
305 12.015459 69.062299
306 19.457710 24.943483
307 92.523188 68.705746
308 37.152000 16.276262
309 8.984394 97.153543
310 11.707012 77.504772
311 28.596055 73.983628
312 34.883990 77.719197
313 86.185573 38.990016
314 69.871314 35.630613
315 55.409218 47.304928
316 38.229128 70.761180
317 56.441300 30.812134
318 47.615019 23.510627
319 32.883133 55.591804
320 76.334419 31.156102
321 23.417431 91.515441
322 95.547501 16.899990
323 95.093993 18.389094
324 44.711670 51.396460
325 4.269710 57.029482
326 93.548326 17.461572
327 83.899292 72.576060
328 23.901936 61.176789
329 39.775348 29.652163
330 77.090619 5.675198
331 31.998963 31.583052
332 5.780027 37.927182
333 72.644608 92.638022
334 73.561332 8.625627
335 99.569450 60.624737
336 39.968537 92.182175
337 11.831956 11.099366
338 42.449245 4.799769
339 74.036783 97.995091
340 92.699196 52.551100
341 71.929013 50.092033
342 99.618591 30.869122
343 99.548544 52.144764
344 43.820798 57.154982
345 69.680854 33.451908
346 49.888474 52.351511
347 60.579992 10.458522
348 99.407317 5.307488
349 71.026335 52.705438
350 35.311193 32.674703
351 48.023480 29.708314
352 60.148049 54.406541
353 18.701367 23.359088
354 21.674088 1.870818
355 8.766441 6.120332
356 49.828427 59.953234
357 85.886236 66.791926
358 14.699706 72.266903
359 97.133331 66.886994
360 60.701669 30.619680
361 62.234015 9.079715
362 32.403594 68.523972
363 36.479476 96.457665
364 65.904268 23.777686
365 73.127607 96.132345
366 30.581061 90.454978
367 87.013455 4.425256
368 64.702456 84.352195
369 30.727796 61.586950
370 28.748652 23.080534
371 57.838204 65.082905
372 28.945460 60.510124
373 3.429741 26.301463
374 38.740017 68.740316
375 86.936965 71.746790
376 39.302280 5.147493
377 24.295889 5.180956
378 77.285193 34.107304
379 93.920757 68.785809
380 40.806800 74.086923
381 70.045135 55.823030
382 19.028428 61.242985
383 83.678220 39.684729
384 6.865104 69.426216
385 65.227293 96.209991
386 58.269965 33.742423
387 60.037184 47.950088
388 88.479597 76.352772
389 83.407477 42.470748
390 7.268899 34.119648
391 91.816503 83.627344
392 19.867801 30.613244
393 90.009326 83.770587
394 37.394462 75.656044
395 2.601137 86.826781
396 26.066169 85.301513
397 91.191389 97.308258
398 4.493440 84.642248
399 24.733195 48.716163
400 29.158971 32.400624
