100 100 10 COORD_PMED seed=20260710 source=pmed3
CUSTOMERS
1 84.561886 67.689443
2 15.124634 30.833913
3 21.363381 14.033385
4 96.936235 34.595730
5 50.882713 96.906783
6 67.007478 65.216128
7 58.465343 12.210370
8 45.167405 36.504445
9 62.034014 44.831904
10 58.043106 86.315136
11 65.897932 38.728624
12 15.339010 81.744243
13 50.617167 21.035712
14 42.055850 93.411337
15 26.011888 8.547165
16 2.398913 48.037616
17 26.726732 5.228676
18 22.686918 9.354597
19 65.870891 43.812075
20 56.588352 5.973520
21 20.722968 92.029822
22 23.822527 17.146979
23 2.049568 94.212760
24 33.636024 28.289916
25 58.096114 36.288619
26 35.797414 16.963734
27 40.242956 96.348320
28 75.705982 29.281514
29 51.458039 54.939608
30 71.003266 56.173191
31 15.197753 41.387619
32 46.360765 95.261042
33 20.912125 91.449136
34 71.074654 33.057152
35 21.504212 45.829698
36 21.017415 91.026481
37 32.318499 3.143200
38 33.759800 36.719575
39 14.472624 63.235174
40 84.436591 2.340820
41 72.265397 37.469799
42 53.742253 71.912254
43 97.503710 88.333859
44 72.089785 6.123663
45 49.295049 80.772912
46 74.715922 70.559352
47 11.604174 96.634096
48 77.092482 44.816524
49 67.832959 43.092933
50 37.682781 25.091348
51 48.871691 83.111020
52 37.733385 63.868312
53 49.671253 88.412808
54 62.750881 42.696479
55 71.506178 28.186219
56 5.935725 40.574126
57 80.552609 89.381551
58 61.043634 17.453114
59 44.311525 30.432338
60 43.564669 27.322365
61 69.087536 91.140284
62 95.655866 95.722947
63 76.021657 37.990109
64 41.288674 81.198539
65 98.754815 69.595192
66 2.729840 34.874434
67 41.090590 43.746362
68 42.057171 67.991337
69 61.669295 59.459987
70 97.557043 2.971445
71 62.926421 97.146808
72 33.348326 51.726598
73 1.660575 18.789297
74 17.403100 45.046152
75 75.430682 79.967935
76 73.749798 87.902893
77 92.053685 20.058740
78 18.390318 51.690129
79 16.449084 48.105246
80 6.250409 31.772321
81 67.217617 90.278940
82 55.008314 30.816448
83 81.865993 41.202435
84 33.793098 96.437425
85 27.445450 48.444358
86 31.443470 54.862010
87 78.190565 3.952268
88 3.944632 82.856941
89 84.977821 66.890034
90 92.538737 19.361140
91 90.325836 96.749795
92 92.529420 73.150538
93 81.915586 15.015613
94 11.898535 9.228374
95 92.137425 48.293221
96 94.323653 94.079678
97 92.673519 27.350951
98 79.216972 4.274871
99 81.008549 85.591388
100 6.256227 80.889088
LOCATIONS
1 86.819429 48.761611
2 56.855588 16.360356
3 77.666085 53.374096
4 68.419091 77.409086
5 42.031928 53.841547
6 99.854527 14.861455
7 83.631794 68.120249
8 63.160697 37.658592
9 66.730801 60.990888
10 0.714909 1.845515
11 38.731386 34.766786
12 35.231580 86.249668
13 53.591770 24.620241
14 93.808412 6.470520
15 72.498020 79.328616
16 44.080298 25.391668
17 43.299008 76.624281
18 89.467846 48.796260
19 14.186170 84.716351
20 47.696548 29.921242
21 13.387680 38.422008
22 52.307176 30.112947
23 87.371565 33.993805
24 57.826630 18.569182
25 76.047146 47.795857
26 26.916254 42.216832
27 25.087334 98.023811
28 86.064151 75.878580
29 16.616331 72.805086
30 11.626600 9.560690
31 67.616623 82.911505
32 81.342670 34.605791
33 52.159913 55.429109
34 9.350048 43.262624
35 47.591208 48.520300
36 53.657068 74.850289
37 78.849874 26.583231
38 89.265498 5.678080
39 33.830651 95.404960
40 12.337780 71.224067
41 46.242543 46.688350
42 51.334840 94.026520
43 30.777846 55.081970
44 96.432198 39.061461
45 61.243893 62.950308
46 11.886198 40.487999
47 38.524065 77.485640
48 73.856974 21.645331
49 79.460763 64.645299
50 51.690971 46.159289
51 40.764567 40.167144
52 72.205297 67.044628
53 74.927932 4.657827
54 9.146647 83.810159
55 39.933663 21.218934
56 12.039589 29.392626
57 77.963468 50.440639
58 48.865810 5.782687
59 3.972396 32.966823
60 60.967620 41.249276
61 68.502399 38.632462
62 96.052251 88.760485
63 29.385346 74.705757
64 19.190904 24.732273
65 66.895299 29.136395
66 21.816687 5.858951
67 60.121160 97.389559
68 67.836464 31.416813
69 37.325520 30.187314
70 40.467553 23.544742
71 12.497871 53.970103
72 36.682529 51.657291
73 22.172998 59.370939
74 65.779735 20.405525
75 14.275504 72.277151
76 66.772592 79.582976
77 60.894649 24.666072
78 78.879107 81.845505
79 58.341579 83.896640
80 84.452870 83.548923
81 29.848921 35.460343
82 96.372529 42.770680
83 25.716874 0.458857
84 80.990486 89.512017
85 64.244189 16.740100
86 3.966850 71.193347
87 43.241264 47.727511
88 20.769006 37.934929
89 97.976775 47.017683
90 1.951297 75.318155
91 29.743563 95.278192
92 39.551760 36.727334
93 95.790239 50.942864
94 70.396432 64.445712
95 71.381736 56.245931
96 78.230542 8.583670
97 10.188325 56.602143
98 55.609403 64.616404
99 59.392927 2.688705
100 27.844722 11.875599
