600 600 5 COORD_PMED seed=20260733 source=pmed26
CUSTOMERS
1 83.436365 13.190978
2 28.050694 47.488183
3 42.326876 43.985561
4 6.476310 2.518371
5 20.948210 97.159914
6 42.753214 27.053798
7 77.031897 45.342641
8 6.716709 72.266401
9 83.661803 73.115710
10 38.088791 53.981076
11 7.737282 55.970927
12 1.833473 27.026490
13 71.300957 68.525735
14 4.311209 30.841707
15 44.654519 42.145038
16 79.346016 62.846654
17 1.089900 18.069988
18 12.409538 95.686327
19 91.675323 70.044266
20 30.288786 51.440948
21 11.825674 11.927919
22 54.665661 2.719063
23 27.959968 73.216207
24 5.943461 53.643117
25 19.833849 27.147300
26 13.549129 75.273314
27 33.629693 6.847164
28 15.629895 36.344988
29 65.264004 33.765464
30 67.020708 83.488664
31 74.018655 67.442741
32 48.731369 7.409553
33 76.574266 35.146137
34 95.833737 9.783221
35 51.320342 81.577529
36 31.672925 55.019783
37 89.748906 39.901800
38 21.973416 82.103690
39 51.447875 99.742342
40 75.543674 34.065253
41 60.679745 76.594277
42 64.563013 9.625147
43 32.275641 72.957804
44 81.972288 67.609162
45 73.614061 2.822427
46 42.268942 92.283257
47 66.218327 21.637336
48 43.685252 36.159496
49 90.460738 56.170447
50 1.151673 34.771915
51 99.874066 8.212850
52 2.901819 54.066966
53 5.546774 12.819257
54 46.208480 59.803232
55 58.397055 33.346545
56 25.073331 50.087465
57 27.025626 30.111078
58 1.384261 23.996254
59 73.753655 70.223865
60 19.401987 86.733395
61 71.264792 93.397698
62 5.110723 50.504203
63 47.139514 42.182934
64 46.182548 4.208873
65 69.424772 4.187587
66 88.626792 91.700539
67 74.727296 61.183585
68 95.284762 14.113059
69 22.514685 96.874693
70 51.375928 13.372092
71 75.583868 75.321527
72 44.784501 59.357419
73 43.773262 87.909241
74 61.808259 79.812295
75 4.918714 6.679881
76 83.549456 39.464480
77 68.170544 17.763183
78 9.717703 58.622631
79 73.605154 64.418194
80 78.097430 6.034712
81 21.769557 35.439057
82 6.775226 89.150072
83 16.836938 96.761192
84 33.862935 77.988363
85 5.875806 23.640374
86 77.249519 0.400391
87 35.932150 81.217521
88 71.123510 60.479994
89 51.857488 33.546518
90 46.704858 40.851914
91 42.538256 18.619299
92 49.961610 43.240258
93 58.284227 29.318538
94 44.290221 38.106927
95 33.636590 57.879832
96 50.516264 13.211337
97 28.763163 65.135782
98 85.264098 63.397507
99 49.656361 94.899748
100 87.407582 16.585592
101 22.412197 64.315250
102 39.543499 91.360907
103 62.377619 97.439539
104 70.942800 72.841057
105 1.165972 59.337935
106 90.679313 66.668277
107 30.768082 88.971992
108 6.045748 25.805127
109 91.162582 60.013232
110 75.955937 65.934942
111 98.207568 14.851094
112 53.114023 47.808676
113 22.009173 62.621575
114 76.934984 65.997362
115 95.648726 13.446607
116 44.062250 22.197110
117 57.693660 23.869110
118 33.047642 0.577722
119 75.311130 98.765471
120 20.189218 82.856863
121 19.739435 61.153799
122 23.070545 27.669259
123 91.149126 46.582146
124 60.957617 74.811093
125 97.009643 25.103967
126 62.694834 69.804475
127 84.498861 61.111315
128 29.352909 74.836274
129 17.135429 61.009330
130 7.794690 85.181550
131 50.210020 32.549673
132 29.166885 74.257523
133 91.679434 4.679132
134 84.032600 86.806785
135 82.890480 44.087920
136 85.189261 22.210490
137 47.288433 64.860962
138 0.170942 5.783709
139 38.368764 18.491188
140 66.462607 64.473753
141 28.256093 8.444852
142 27.739936 13.196434
143 8.362653 61.641978
144 35.516125 42.991027
145 51.818871 45.838080
146 48.006982 90.545247
147 88.692740 0.631726
148 23.588895 21.945252
149 96.719970 35.996144
150 30.326604 35.297684
151 43.668750 7.366081
152 81.672112 22.418130
153 88.203912 20.042412
154 64.349645 38.310717
155 25.219643 89.892076
156 78.335089 87.127803
157 47.387170 77.123159
158 92.319488 38.919705
159 7.854226 83.809952
160 90.213424 32.096775
161 2.632926 70.586803
162 17.764005 90.202136
163 36.638115 49.736237
164 55.393666 95.430125
165 90.852773 77.106329
166 38.724484 7.039669
167 65.666761 68.265195
168 79.875963 81.054443
169 88.765610 4.150916
170 52.798319 44.182070
171 81.914467 35.812573
172 37.904722 69.355507
173 75.516027 68.552832
174 97.651686 58.447340
175 71.506662 91.403192
176 59.111175 52.268709
177 48.329206 16.174678
178 68.592794 29.142371
179 6.802017 3.720871
180 1.354174 1.301651
181 81.635217 92.873131
182 41.470288 2.844217
183 10.150091 75.435054
184 54.815459 18.776409
185 82.528429 39.555804
186 92.943509 11.438271
187 51.868862 6.225702
188 7.171085 31.421331
189 98.494961 3.360367
190 64.552449 30.886604
191 63.844398 61.886270
192 45.161534 62.048561
193 96.515708 46.878060
194 66.255563 36.922292
195 2.874697 68.880376
196 49.616299 37.723411
197 65.986104 51.079899
198 79.686164 20.760583
199 36.668509 46.282569
200 64.905237 9.431527
201 97.888897 35.609761
202 95.287222 74.063361
203 70.669705 11.383687
204 63.480680 12.742789
205 83.416181 80.375171
206 84.649229 74.221354
207 20.804231 24.686210
208 12.458619 54.984755
209 27.798668 22.901245
210 71.621573 91.726410
211 96.878775 80.377004
212 50.054126 75.490660
213 69.222995 6.106819
214 88.746818 41.250203
215 72.273959 86.945516
216 46.825264 77.378598
217 64.949914 16.495030
218 93.343675 85.748631
219 2.646386 2.742969
220 80.522985 93.936486
221 41.225380 84.830170
222 82.369822 45.374184
223 25.749393 45.255981
224 75.812153 26.287011
225 10.210999 98.489270
226 15.728883 5.092174
227 19.907532 4.841744
228 30.142121 13.185455
229 9.401145 29.773086
230 93.224643 25.903480
231 21.720613 81.862113
232 63.214149 75.182300
233 4.347956 19.677227
234 15.351047 24.600177
235 38.021253 0.608481
236 42.009747 86.007963
237 77.122064 77.999954
238 24.197043 68.057357
239 82.759386 74.797851
240 27.140426 57.472120
241 94.871825 50.657273
242 66.510447 56.117354
243 79.712195 14.703462
244 37.062889 2.871053
245 21.493088 97.547297
246 87.603716 77.364373
247 98.238640 3.491496
248 50.777001 68.609149
249 78.540750 78.027523
250 77.765490 70.591640
251 17.485931 99.729528
252 83.928240 81.872079
253 35.764885 19.269842
254 47.238631 5.395544
255 42.186584 45.229227
256 1.061190 20.717662
257 17.879887 99.608955
258 46.071842 58.946233
259 94.759614 19.203735
260 55.646290 20.093088
261 20.057058 71.144815
262 10.301163 67.803708
263 16.071703 34.908977
264 53.385129 31.283719
265 21.359159 67.286839
266 97.793898 67.162997
267 49.627379 1.318984
268 26.069734 7.837370
269 28.507081 7.865217
270 62.121374 70.507958
271 73.098222 66.359690
272 18.647148 72.544355
273 98.201061 1.050828
274 24.481094 26.156627
275 86.330992 4.197770
276 58.368873 72.683510
277 11.190775 98.540871
278 99.331411 87.343843
279 10.418192 69.235028
280 93.394103 70.353471
281 62.637464 16.929326
282 55.604971 52.513531
283 73.704560 3.729043
284 96.484275 57.539454
285 51.623158 84.276954
286 5.121332 83.321778
287 60.633484 6.535283
288 98.124277 86.543331
289 2.346419 90.366029
290 2.132888 34.617231
291 80.683351 5.221919
292 11.636014 43.531829
293 10.652322 7.970665
294 74.191653 30.345995
295 89.603597 66.464401
296 2.081214 37.069922
297 65.327589 80.136511
298 95.501630 97.302771
299 76.823116 83.778279
300 20.875062 10.623933
301 63.409322 98.261677
302 25.439893 61.530570
303 34.793304 10.585612
304 37.988317 66.392647
305 33.056752 8.007195
306 97.663292 1.151124
307 29.357758 63.629460
308 32.389873 91.472933
309 7.914253 24.807564
310 61.914512 55.277696
311 81.549494 91.198789
312 75.346348 80.906813
313 14.559624 91.929766
314 8.496825 66.914225
315 11.601453 46.396715
316 23.814794 85.326297
317 45.023012 23.543043
318 36.346397 11.904863
319 26.566579 97.501851
320 37.205362 97.056594
321 83.096262 31.225614
322 52.782926 82.911284
323 24.128351 38.999072
324 60.528343 54.095953
325 26.733370 88.791624
326 84.285135 93.533715
327 25.608379 20.874645
328 20.750308 64.591933
329 67.872703 66.073845
330 10.153295 68.164179
331 89.010315 80.308496
332 96.417053 72.056944
333 1.727896 28.588147
334 57.411290 13.915710
335 32.247316 73.004519
336 83.211831 39.442479
337 7.224922 20.774188
338 28.417439 73.194471
339 50.875714 40.752596
340 74.668293 19.937543
341 3.625337 26.723569
342 33.500994 24.479830
343 65.080572 37.751296
344 82.795019 35.206469
345 3.621076 97.603172
346 53.768203 26.544816
347 9.112601 89.812957
348 0.103770 9.464882
349 45.742593 69.502884
350 56.426887 39.074907
351 80.521443 69.351163
352 29.588510 78.967868
353 52.799822 45.806090
354 53.603414 85.644800
355 94.180978 26.169574
356 52.941270 46.863431
357 65.486916 29.375102
358 33.505916 60.907253
359 91.309853 90.215422
360 50.064652 34.916727
361 56.743215 4.596163
362 96.274064 84.979576
363 44.013457 73.604734
364 54.565044 93.525895
365 91.403100 71.552640
366 70.395024 10.365038
367 41.326215 47.425649
368 56.596253 11.600595
369 55.499946 87.354364
370 46.760969 43.763160
371 93.777651 59.561279
372 24.196395 57.576993
373 19.813686 79.540047
374 54.498341 60.056237
375 65.420812 10.905830
376 11.371580 66.635875
377 45.177775 49.636476
378 23.327839 95.399483
379 80.735169 61.339954
380 29.729549 8.213818
381 99.484100 20.498471
382 54.085606 32.910591
383 98.093877 70.372202
384 16.193995 91.922344
385 60.400229 17.951465
386 58.459123 10.166243
387 55.478969 2.183330
388 24.543422 79.678549
389 38.314097 39.410844
390 35.191727 52.945939
391 5.260992 7.314847
392 29.916356 33.520141
393 91.280756 2.208212
394 39.768505 83.406465
395 11.005906 33.856925
396 62.599672 64.820469
397 0.245932 35.939460
398 83.759484 64.818627
399 72.184162 13.997949
400 18.768666 0.168926
401 70.687640 0.223196
402 15.447287 95.447066
403 62.481705 76.971975
404 66.274489 7.950696
405 57.246884 92.870565
406 34.717094 76.786307
407 42.516683 51.704982
408 7.046988 38.687078
409 37.148517 50.389291
410 75.254918 60.934777
411 97.937043 43.311083
412 71.707002 42.100120
413 29.385681 52.319131
414 21.041239 0.480114
415 51.145469 73.979132
416 34.332075 71.450111
417 40.952387 6.078994
418 96.935197 35.183890
419 84.850775 95.436248
420 41.367377 91.238515
421 8.953967 77.940596
422 97.989937 32.310076
423 85.253797 17.193401
424 4.229826 78.222848
425 95.339856 74.845068
426 76.001155 72.469682
427 61.298851 41.127508
428 80.514809 2.258135
429 25.047653 33.309689
430 73.695894 86.167997
431 72.632416 99.552971
432 45.334531 90.979424
433 26.440080 15.173880
434 74.412539 27.639863
435 20.101324 74.921918
436 10.449671 63.645082
437 28.771050 55.483929
438 96.803017 27.999424
439 10.885894 92.945470
440 68.037694 42.090263
441 69.757877 62.640834
442 98.019461 36.578090
443 61.683000 28.166562
444 45.950136 83.508831
445 82.634850 26.641833
446 13.349084 93.589097
447 78.203504 76.981297
448 63.056266 18.331053
449 95.282251 82.814756
450 7.509776 50.294259
451 60.304925 81.287218
452 13.047607 7.549150
453 48.131564 40.642651
454 89.884488 14.155290
455 48.574337 78.884456
456 73.671360 75.186838
457 74.923357 49.168115
458 45.560575 79.725774
459 6.079592 85.979138
460 17.428064 98.239778
461 83.319598 64.766056
462 83.019856 28.800464
463 40.901631 47.915190
464 15.924841 52.654413
465 14.333305 20.260909
466 62.855426 6.494850
467 62.112036 43.858003
468 82.469090 68.956538
469 27.270888 14.297834
470 0.746385 72.301932
471 55.793503 76.559925
472 0.910093 54.369263
473 11.027588 30.817923
474 73.230798 34.244329
475 88.008678 63.467474
476 61.157492 50.085186
477 85.744247 12.944944
478 58.917792 74.471526
479 78.241307 62.416834
480 77.047433 50.162827
481 23.974732 63.682702
482 20.009370 73.462988
483 51.511011 87.002406
484 7.644556 99.870063
485 60.076791 10.063974
486 46.149608 22.047243
487 17.342542 87.585245
488 64.372438 42.603390
489 6.757982 61.637055
490 63.047809 47.732579
491 8.206377 31.947544
492 74.231826 17.249930
493 21.352251 3.431611
494 7.874523 62.116008
495 27.428712 62.703950
496 41.381075 28.453200
497 11.436505 69.029652
498 64.716299 70.903412
499 77.639052 59.896815
500 7.752316 20.809134
501 59.156768 58.976945
502 67.617074 37.947149
503 16.015509 27.479275
504 32.732069 40.629904
505 88.931940 9.930331
506 24.056304 44.425280
507 84.270187 58.093993
508 47.708837 80.991130
509 13.337873 9.550037
510 96.011749 32.718974
511 55.658808 36.739337
512 25.649877 36.754818
513 29.640135 67.681997
514 54.700545 87.143854
515 20.400036 94.229603
516 24.700582 69.588402
517 55.707826 28.071138
518 25.053287 44.474744
519 18.701625 85.176724
520 94.177761 17.850722
521 91.110355 12.975959
522 76.153791 43.481390
523 32.496922 33.908415
524 89.963707 55.678368
525 13.276298 6.150515
526 69.197414 36.817491
527 89.026070 82.670092
528 28.382897 11.838878
529 20.517004 10.505621
530 5.008687 8.127776
531 24.609482 15.891879
532 0.820187 10.325075
533 41.702089 71.519646
534 57.794226 44.393587
535 52.230574 4.735272
536 41.670541 83.316120
537 43.856347 35.173475
538 95.060557 73.921324
539 63.431366 86.685915
540 3.170922 88.817317
541 72.722549 80.735034
542 24.397204 5.104131
543 15.451949 81.840621
544 33.010408 55.510197
545 78.126459 54.787130
546 27.592650 73.731241
547 47.479173 45.203801
548 15.349985 23.118185
549 20.878515 29.182718
550 68.711067 99.759389
551 66.502449 43.990859
552 98.521237 36.925041
553 69.636195 31.371359
554 40.262792 38.991492
555 79.627014 82.988735
556 21.168800 0.743495
557 22.126057 85.948138
558 69.010425 28.323172
559 37.423318 4.729812
560 21.317725 59.143041
561 20.646674 41.741052
562 71.144345 39.478573
563 31.126380 50.368348
564 18.631885 84.636007
565 43.586543 28.876461
566 89.722988 3.831567
567 68.103696 50.922986
568 0.358434 64.190669
569 63.473657 67.349231
570 84.060969 1.078808
571 42.053730 89.169958
572 6.378133 65.724604
573 48.601842 28.034365
574 58.572397 4.309189
575 62.385123 39.910311
576 93.398667 27.879585
577 30.371018 41.007345
578 23.492056 73.219551
579 74.610956 41.253354
580 97.296967 5.393287
581 43.147971 5.036497
582 22.072542 39.807514
583 1.917521 69.214514
584 25.716526 17.161410
585 33.136523 42.504987
586 91.914942 11.179264
587 97.856349 20.853915
588 20.004994 96.693418
589 77.598793 17.596006
590 51.247990 59.544334
591 39.597135 11.499154
592 90.908446 63.429963
593 61.961486 81.024948
594 41.537622 63.679328
595 89.952002 58.660696
596 45.710887 81.382325
597 84.693181 19.328907
598 8.043781 57.466143
599 94.774027 44.316422
600 69.925816 26.072504
LOCATIONS
1 91.293073 48.286840
2 51.857172 62.843593
3 78.870661 55.944029
4 60.366260 99.948156
5 12.941861 26.681424
6 26.800316 4.742586
7 8.323932 1.285721
8 52.190117 77.554026
9 76.568576 46.830690
10 5.478738 84.640229
11 32.986866 13.329990
12 82.627009 83.570778
13 67.922618 38.026100
14 56.713468 12.113320
15 71.190128 85.715151
16 3.857458 44.061092
17 5.050268 24.723384
18 96.376090 40.713379
19 27.644632 94.495233
20 84.659304 29.203577
21 30.947393 10.324448
22 56.399040 52.854420
23 44.021180 66.535478
24 21.829596 55.083336
25 33.988522 22.883485
26 74.624615 98.992727
27 16.599288 26.482732
28 78.099840 5.704225
29 82.638630 29.480248
30 37.602530 98.036374
31 50.212422 49.106248
32 75.293824 89.980712
33 3.065636 16.753176
34 37.386027 61.574109
35 97.244697 6.521945
36 46.989775 89.673893
37 38.854515 65.149336
38 44.541190 98.265189
39 72.528663 98.250761
40 48.462780 88.862985
41 88.227678 95.494757
42 23.224498 97.337388
43 38.650905 33.923892
44 77.291752 56.326241
45 72.804105 53.977059
46 20.800806 33.145153
47 80.947566 54.408232
48 52.191463 24.672703
49 38.166352 43.222435
50 40.571242 29.096697
51 93.952318 96.900307
52 56.125444 30.653661
53 90.835240 32.919481
54 73.902285 38.583875
55 4.956185 40.537677
56 84.300015 56.041659
57 99.123149 80.546937
58 38.890236 82.469807
59 58.553979 9.084759
60 17.014429 23.370028
61 43.682556 79.531108
62 33.303654 83.543689
63 13.861104 53.055777
64 61.588321 75.782226
65 77.360120 85.476819
66 84.528104 71.571896
67 56.550930 30.930154
68 59.201961 67.061549
69 96.122689 15.829666
70 86.655382 86.943164
71 7.786754 2.356069
72 72.804107 20.987595
73 74.496650 74.601183
74 87.801342 39.258777
75 36.594451 53.356556
76 49.598205 88.733259
77 53.450798 99.768036
78 64.586545 25.817263
79 57.054899 4.641387
80 55.685223 20.465926
81 79.758480 89.203824
82 4.236178 84.098597
83 0.041583 59.839070
84 95.120266 41.928659
85 8.071969 56.376452
86 78.968231 20.132443
87 65.334657 90.884927
88 30.167775 38.413956
89 25.372645 38.962085
90 2.946828 63.057979
91 63.833767 61.976769
92 46.009962 65.159922
93 15.126020 75.293671
94 69.856635 92.835855
95 45.997602 97.436897
96 47.570224 48.125956
97 97.802131 35.600502
98 88.855183 88.120076
99 21.959902 36.859884
100 50.784870 31.494422
101 69.770693 18.174993
102 10.972505 19.679975
103 85.458602 13.263918
104 41.617439 22.015422
105 31.560975 79.557292
106 23.317090 8.324973
107 71.980769 30.577605
108 20.924956 73.337121
109 88.779596 34.501591
110 53.996333 83.635247
111 99.799684 2.158361
112 73.015827 60.489579
113 65.037980 18.938070
114 76.821287 85.481817
115 23.030149 20.539133
116 11.841185 2.126471
117 79.935218 32.175918
118 4.238198 47.524541
119 92.361485 90.885903
120 74.689103 38.139383
121 99.208041 85.903947
122 52.463688 55.959607
123 81.332532 18.191522
124 40.403059 40.567155
125 15.213905 77.325908
126 24.421122 31.430991
127 56.697589 80.956404
128 51.764387 73.471990
129 35.274162 65.398025
130 84.448291 68.894144
131 27.162903 12.861657
132 54.945375 72.096649
133 66.352782 68.067014
134 12.219546 64.459885
135 93.749848 8.215454
136 2.884323 92.615117
137 23.840463 73.044974
138 53.853623 62.551392
139 36.872040 84.442416
140 64.097504 5.836948
141 26.955218 2.632099
142 20.028376 78.180068
143 85.957385 28.273599
144 10.994913 32.044184
145 85.857600 52.677932
146 16.752558 11.328077
147 33.986906 55.697483
148 80.457973 6.315062
149 3.780553 13.836028
150 56.730656 67.991368
151 2.424760 21.130399
152 70.658999 14.945913
153 62.911278 98.144767
154 58.524752 89.190467
155 78.819599 95.403961
156 34.224663 18.378028
157 2.867123 33.847959
158 49.264468 60.118773
159 37.931137 73.786617
160 37.205302 21.079236
161 77.975806 81.026262
162 12.973336 91.133968
163 85.019653 96.922444
164 90.551281 96.093670
165 85.025703 44.345478
166 60.993445 15.814352
167 66.495650 25.672906
168 1.228441 86.395356
169 6.116818 23.098898
170 51.616197 54.308361
171 82.588176 12.782232
172 46.435687 57.818547
173 53.073702 64.933048
174 96.205652 6.973764
175 91.667821 90.162163
176 83.640016 97.603149
177 90.597344 4.673172
178 22.204333 44.878380
179 65.267408 76.559037
180 10.337393 15.800890
181 7.138377 72.262699
182 48.768568 59.879329
183 92.630389 61.912820
184 34.597776 9.401592
185 20.906390 28.892497
186 2.001450 41.849767
187 14.693145 90.906762
188 80.600301 94.182864
189 60.500227 94.553414
190 77.829914 76.229959
191 54.754169 67.496257
192 22.565728 42.782011
193 88.939915 72.640419
194 28.110470 65.406453
195 58.340022 26.277732
196 83.475839 59.833307
197 37.331648 80.139004
198 78.007200 66.772245
199 0.982689 74.199689
200 97.469567 8.078722
201 98.058374 52.469201
202 66.969013 94.770608
203 6.204832 88.325078
204 7.118565 96.478776
205 25.912897 16.402355
206 29.142563 65.164163
207 78.007521 60.433766
208 44.675539 75.603285
209 89.108597 85.822234
210 25.573787 28.100215
211 90.164938 21.464887
212 99.488933 92.805402
213 80.169316 59.426100
214 72.327915 72.845510
215 92.687852 10.542598
216 12.743720 98.627423
217 41.763360 16.009141
218 55.294184 10.281771
219 49.828147 97.812525
220 40.107780 60.474449
221 96.814105 41.012862
222 72.437777 86.255178
223 19.158519 5.789308
224 60.215849 65.439384
225 64.292784 68.310967
226 58.368391 73.719187
227 58.761480 86.537437
228 2.034251 97.501128
229 54.639820 13.193671
230 68.048909 15.499795
231 14.688291 55.590662
232 50.164765 25.283037
233 35.586803 26.439995
234 4.707975 93.589689
235 92.841012 20.353370
236 77.030094 88.646182
237 73.755498 58.880174
238 42.064163 56.147594
239 10.258585 74.229864
240 66.030652 76.401974
241 88.202484 96.736913
242 21.198323 6.309948
243 74.614469 46.923184
244 9.738113 9.472829
245 19.023928 0.464082
246 48.460183 97.751792
247 94.862946 42.029102
248 10.053384 41.652628
249 33.642635 1.018750
250 4.447214 64.114958
251 30.610231 34.349430
252 6.164195 21.404964
253 12.580368 8.024416
254 43.151174 36.093368
255 72.657964 84.423523
256 57.414325 30.323525
257 59.679960 79.854282
258 23.487902 7.863864
259 88.238469 11.461687
260 67.648641 78.574252
261 27.219092 50.869619
262 39.430493 93.304256
263 57.659700 12.154788
264 42.352590 57.145405
265 17.346486 14.159818
266 14.639984 97.986281
267 99.319421 82.135825
268 89.106113 59.521181
269 33.201062 88.100778
270 37.584471 69.901538
271 52.150050 13.031493
272 35.371223 3.221274
273 70.325160 70.981505
274 28.851327 28.816427
275 46.944622 8.812393
276 45.241918 63.585796
277 21.689826 24.093605
278 81.782080 12.854776
279 83.952109 25.774219
280 87.530935 71.524543
281 76.377778 15.905003
282 5.961888 40.258336
283 75.699452 16.590716
284 14.654061 72.719719
285 47.905861 50.056802
286 64.997481 7.696880
287 90.582928 13.866839
288 29.991339 76.944790
289 12.198184 81.648446
290 18.323234 10.179155
291 55.381046 43.222629
292 60.140608 81.597795
293 39.981758 27.145369
294 81.827816 34.560794
295 7.755590 40.763660
296 72.847298 44.604805
297 14.194618 36.186203
298 34.182641 63.942086
299 9.359094 57.442163
300 28.545800 90.647094
301 27.130408 32.394674
302 57.270595 93.811726
303 8.600194 0.118426
304 7.221514 87.530363
305 70.006486 20.285238
306 72.647865 23.503447
307 19.632100 93.693215
308 9.212914 94.320081
309 67.630758 69.476053
310 11.008292 3.531926
311 88.723970 22.195880
312 19.038544 49.872952
313 59.309069 57.694231
314 30.823344 92.991626
315 58.832022 48.903295
316 58.701431 93.772802
317 2.274978 13.752426
318 52.630761 50.528577
319 63.722060 51.825257
320 80.834738 46.977676
321 54.709909 27.028612
322 70.957463 42.337110
323 86.137491 19.173213
324 81.231102 43.496962
325 46.966725 0.636475
326 89.699714 24.023676
327 66.916208 40.621548
328 27.476986 5.238963
329 83.680303 87.615273
330 7.268505 48.738942
331 99.130969 80.421553
332 25.796818 95.930513
333 53.579162 70.221887
334 39.314285 8.614073
335 63.748850 91.706131
336 80.890119 54.619470
337 19.822277 54.128173
338 4.798990 61.230275
339 5.633341 23.778972
340 70.574656 17.168137
341 76.609274 17.574940
342 55.715260 99.582830
343 7.755751 97.605492
344 86.138409 72.282700
345 60.054295 30.662260
346 69.671817 67.637436
347 47.489874 14.652480
348 17.189625 38.198547
349 32.862194 36.268155
350 55.732284 38.469713
351 98.381473 84.901684
352 77.631750 96.299086
353 24.754657 77.268383
354 62.956632 30.282648
355 30.077347 9.567586
356 40.861415 49.266836
357 58.205322 46.391247
358 48.359835 58.147915
359 63.035146 49.380124
360 83.578045 21.964084
361 30.385904 48.111677
362 83.970594 38.215828
363 92.226363 59.062442
364 57.229116 18.082098
365 35.297383 50.701308
366 22.658139 71.946071
367 76.602515 21.388829
368 21.471023 85.388665
369 94.603458 98.240028
370 83.231637 84.379542
371 95.882660 75.943476
372 46.933000 38.169823
373 26.534515 42.203878
374 13.417111 97.869706
375 20.731330 16.852243
376 1.568529 93.169743
377 41.107572 50.127601
378 65.414176 21.378325
379 40.223408 68.414205
380 64.296408 2.889214
381 38.903388 6.024459
382 39.800997 98.347149
383 78.981232 49.312492
384 97.595595 1.171058
385 62.102568 41.240560
386 51.161731 8.655737
387 73.797277 9.972972
388 17.114922 82.412236
389 87.577611 89.421203
390 68.899401 63.482406
391 33.300559 4.203250
392 7.059825 35.930405
393 17.216513 11.629749
394 53.779844 39.574157
395 5.465001 81.888598
396 27.677832 52.611367
397 49.800493 71.948508
398 22.594178 57.475351
399 69.479718 1.811488
400 75.784265 19.156700
401 58.204617 59.916673
402 74.560141 88.174942
403 75.061028 78.299173
404 14.227469 43.688744
405 88.017451 47.172629
406 26.063003 80.560639
407 97.295450 17.948906
408 75.584538 44.603392
409 74.054628 85.470817
410 62.808620 98.677549
411 84.487939 55.906102
412 53.518468 67.669749
413 94.815962 74.495053
414 99.215667 63.749375
415 69.040526 16.194446
416 61.487822 15.404657
417 46.702174 17.186324
418 22.762221 22.747186
419 34.860108 24.145058
420 25.849084 96.272028
421 35.007530 18.657324
422 75.621949 13.634788
423 90.791687 3.041853
424 66.363969 47.564325
425 7.644324 85.801108
426 44.525011 96.193748
427 97.692166 19.080719
428 94.958164 52.137194
429 16.919906 93.581331
430 71.943295 84.411740
431 36.208716 57.102761
432 64.426783 46.336596
433 33.418830 30.867125
434 38.177330 29.855123
435 59.937525 15.676052
436 27.792918 85.670374
437 53.122639 15.125809
438 8.174640 81.398315
439 6.457014 57.397131
440 91.489637 77.965106
441 21.907394 8.876908
442 73.231570 7.954818
443 5.048677 56.588454
444 71.357213 1.666179
445 8.649718 92.414614
446 55.350546 12.184140
447 22.006176 75.393504
448 35.649266 11.112989
449 91.383661 68.547153
450 57.556278 28.624569
451 68.384793 30.947438
452 5.155804 61.932238
453 54.618616 83.335473
454 83.076070 63.949451
455 25.413093 44.963215
456 76.449666 28.180927
457 11.952721 97.697098
458 85.858305 4.761724
459 13.776988 77.973065
460 97.871719 2.647149
461 98.694539 77.434682
462 95.878994 62.105165
463 75.921326 88.297486
464 81.849320 29.255381
465 87.126862 15.259850
466 91.866271 43.678606
467 21.284180 25.991394
468 95.323943 87.754432
469 98.417478 88.699932
470 49.295972 19.767758
471 50.129232 10.809956
472 98.141182 29.463274
473 17.156365 67.424654
474 41.176743 34.393957
475 74.443208 0.593884
476 30.757666 32.772999
477 8.614522 28.741414
478 80.367090 51.315524
479 23.376947 59.011137
480 54.205010 22.092276
481 66.802351 6.732411
482 41.502524 14.714451
483 65.328506 54.235408
484 55.579454 56.008127
485 2.586779 55.494184
486 91.468893 74.715137
487 79.272728 66.324492
488 56.609240 38.402671
489 43.973436 41.124515
490 66.824262 3.176057
491 73.260031 36.787825
492 36.075558 55.734868
493 70.320752 23.475729
494 40.588930 70.279347
495 61.575850 90.663726
496 93.374774 88.604951
497 95.372366 74.200929
498 97.313540 27.710922
499 96.233356 5.676242
500 31.336135 79.991264
501 70.479566 34.599686
502 36.595263 8.818860
503 66.619115 1.694827
504 69.667433 48.617065
505 46.346802 49.861087
506 17.541113 62.621376
507 16.706308 34.214390
508 29.775350 6.944990
509 25.353046 8.865478
510 93.922202 11.957570
511 15.930372 97.865864
512 49.638677 48.916489
513 13.987312 40.178969
514 88.210399 65.997516
515 29.527529 77.002631
516 16.350094 75.408016
517 35.958908 18.809437
518 32.985887 22.711795
519 10.210415 29.442733
520 79.042406 6.390232
521 47.401634 93.673478
522 44.256587 61.593483
523 43.196164 12.630321
524 24.047206 1.446317
525 63.346944 85.251505
526 57.796277 81.612690
527 20.904461 23.792131
528 12.663155 69.357181
529 34.129058 88.858044
530 95.619887 76.105241
531 85.072397 40.337331
532 54.194447 10.170656
533 38.540265 80.273668
534 96.524572 39.337398
535 2.522408 62.357884
536 7.907813 86.610871
537 71.515866 37.882821
538 55.848724 92.490485
539 64.526550 81.628226
540 67.501121 41.492844
541 11.314886 36.815707
542 80.943318 51.951741
543 63.872684 45.061589
544 47.195695 92.956346
545 12.697675 96.902312
546 71.160506 98.340521
547 19.642971 53.783569
548 6.762377 33.832721
549 55.681058 43.426652
550 92.716388 41.855010
551 38.350339 86.718764
552 32.880983 14.696420
553 12.221174 88.467576
554 14.306329 11.572839
555 12.041013 6.598072
556 71.716168 94.580403
557 57.756072 31.636636
558 79.266723 58.913892
559 73.605063 95.466525
560 66.028645 30.313384
561 3.356121 87.425698
562 33.489248 15.448738
563 37.287735 99.626073
564 13.095877 3.148953
565 39.017287 94.962150
566 93.136110 79.559016
567 72.044157 55.214988
568 54.200790 53.493714
569 7.691618 51.244802
570 51.496765 99.044852
571 93.302506 57.198102
572 72.309552 43.000786
573 74.730048 37.195999
574 34.480639 34.317363
575 76.511753 84.554793
576 33.447868 10.524338
577 59.915248 99.517167
578 98.905475 61.358726
579 54.215190 27.979973
580 61.420041 22.910961
581 89.059366 82.354591
582 81.633938 64.622034
583 48.475322 73.326256
584 79.888986 97.945739
585 79.673556 2.445880
586 98.403123 82.293356
587 85.338138 94.553778
588 5.601520 75.917712
589 88.120260 36.815508
590 43.172705 0.346262
591 97.357968 92.891660
592 52.258255 18.804862
593 90.912593 67.140985
594 71.019685 20.782377
595 82.474860 60.948203
596 15.924803 92.811208
597 42.767754 87.600925
598 4.074650 86.611103
599 50.074786 32.252014
600 40.837936 91.492343
