700 700 10 COORD_PMED seed=20260739 source=pmed32
CUSTOMERS
1 81.709314 89.372341
2 72.596039 88.713304
3 69.462156 42.571823
4 49.802761 81.208570
5 39.272324 14.388074
6 19.736887 48.016610
7 66.076666 69.220347
8 68.983913 48.425430
9 30.966078 28.855954
10 6.033414 96.527207
11 0.706008 29.349755
12 86.474073 60.943620
13 85.507143 72.227575
14 68.671399 23.384292
15 30.398930 46.229968
16 2.953605 5.674758
17 32.207523 83.657989
18 55.337803 99.740366
19 72.062092 38.402199
20 97.215391 79.348333
21 12.783397 80.868770
22 49.950694 38.964091
23 7.167733 81.733225
24 60.355180 46.830732
25 64.034190 32.194738
26 53.966350 82.603991
27 9.372656 70.848480
28 64.546696 63.232222
29 89.371916 22.853708
30 43.657095 44.534257
31 19.520396 14.449082
32 48.138824 42.363867
33 98.738973 44.844195
34 26.912573 78.081004
35 75.790922 28.382535
36 26.304332 35.545168
37 3.653212 49.363464
38 18.399970 88.064454
39 41.712036 9.850591
40 61.797078 75.702283
41 62.471594 12.275592
42 17.725969 21.128596
43 41.812403 10.609471
44 39.673197 16.387645
45 71.923469 7.062797
46 80.850704 74.654159
47 44.794747 83.718603
48 39.775647 62.900647
49 0.084356 31.781250
50 63.465061 95.878169
51 82.812549 88.443192
52 38.754600 44.387567
53 57.340774 89.314230
54 36.830312 40.172538
55 65.981621 36.126225
56 56.354122 98.345727
57 18.040699 95.784538
58 86.479193 57.810637
59 58.952830 11.889515
60 96.772394 87.994539
61 6.455909 59.317474
62 67.519787 76.274591
63 43.809142 54.133239
64 88.513110 71.270877
65 49.272262 88.156591
66 48.260567 32.870831
67 90.063767 56.878274
68 85.311800 3.469794
69 16.463716 58.500409
70 95.113597 31.508423
71 89.924452 53.748139
72 55.230591 86.147930
73 16.965307 37.965426
74 39.294989 13.318806
75 91.096434 75.923268
76 70.003231 88.293993
77 27.770703 23.642456
78 62.845261 71.759701
79 85.396056 35.008687
80 23.874603 80.200668
81 68.921083 50.481470
82 94.586707 28.248414
83 49.741355 96.775359
84 2.725487 54.528128
85 88.095298 23.263032
86 93.194875 75.860125
87 99.344780 19.174394
88 33.042531 16.152908
89 97.387662 68.231245
90 5.796338 50.481428
91 67.631931 4.033775
92 45.895716 64.052675
93 39.612919 48.337805
94 58.940957 93.838847
95 42.018937 25.097104
96 59.434514 6.380603
97 64.342031 92.347735
98 96.294275 90.251128
99 87.598464 97.752776
100 49.018606 82.361383
101 34.199712 37.778031
102 98.662933 98.400735
103 60.691217 59.629731
104 60.648753 36.640643
105 67.541528 0.126320
106 56.426496 10.374310
107 31.615066 88.338423
108 67.284976 48.873204
109 65.072084 11.212790
110 80.473544 26.760882
111 24.861048 76.068957
112 33.156838 35.612486
113 81.987936 65.017019
114 47.669494 12.924406
115 8.723029 43.022318
116 12.870611 4.231012
117 24.876935 6.861509
118 2.801715 23.294141
119 41.536635 44.591149
120 39.556712 60.425314
121 41.352888 39.389118
122 74.357952 98.820873
123 26.616171 23.017692
124 47.081835 97.093367
125 94.816544 53.307733
126 0.641367 20.138686
127 82.572445 10.080081
128 54.929194 64.551638
129 50.726487 84.573846
130 59.581777 24.053578
131 65.311286 10.614929
132 68.241756 39.187139
133 56.452852 98.217386
134 92.276978 99.153437
135 21.515387 49.945891
136 24.259457 85.367556
137 36.110876 18.202031
138 14.463017 73.745420
139 2.218052 91.579922
140 98.006948 23.896717
141 16.350275 10.014615
142 1.221338 92.731558
143 33.110944 54.162883
144 52.351293 88.120388
145 7.460587 10.506462
146 11.563021 22.365584
147 9.741295 38.872607
148 59.481347 43.174834
149 51.654347 47.421179
150 90.381355 56.739096
151 23.771306 51.181532
152 67.868315 65.067039
153 46.002721 40.026226
154 90.545735 66.394265
155 9.135412 74.220471
156 8.819461 68.355225
157 40.281012 53.279849
158 79.635084 63.933085
159 22.224397 13.341144
160 93.543085 6.615589
161 5.789872 79.037069
162 77.964119 70.143028
163 44.619303 31.753951
164 94.188085 39.341117
165 58.851973 0.373382
166 35.884533 56.352499
167 42.869932 79.351838
168 32.967115 60.463079
169 38.492325 53.914301
170 13.989738 72.014426
171 47.297509 61.671518
172 42.857290 77.480733
173 21.025632 16.746387
174 39.796632 5.154646
175 99.657723 88.525252
176 52.654584 91.413118
177 40.250442 86.673799
178 95.154668 38.288467
179 1.632277 65.906576
180 64.871427 57.859636
181 86.896270 10.243363
182 88.834549 5.850232
183 74.756157 19.203295
184 81.637846 17.315916
185 85.672379 80.877664
186 62.027700 8.693942
187 22.300599 78.020013
188 61.213213 30.410577
189 45.893285 16.617111
190 97.274226 11.413333
191 61.468418 39.003127
192 24.854539 4.938341
193 49.015280 50.935842
194 35.474133 54.604088
195 98.334283 80.459880
196 28.871346 44.113116
197 92.885975 3.152496
198 66.533155 35.932460
199 11.391603 46.412919
200 60.890019 45.172930
201 51.001759 57.268533
202 95.786906 71.990763
203 76.923193 14.170643
204 86.478998 75.017279
205 18.710150 67.790200
206 76.842557 12.001429
207 56.167058 89.244500
208 7.292014 42.868764
209 5.810099 56.197792
210 25.883494 69.520246
211 67.450629 4.579758
212 28.505073 4.137628
213 34.471267 63.989896
214 99.772562 26.803498
215 95.125667 26.034505
216 27.807927 38.043874
217 59.626645 6.848578
218 72.106791 71.606511
219 29.234208 57.013005
220 48.223364 60.031489
221 35.221332 56.357961
222 69.470983 28.798191
223 10.543073 73.905936
224 84.340108 91.092746
225 85.595767 2.787965
226 82.587571 17.927307
227 20.653380 59.676040
228 94.067843 31.463858
229 5.769553 2.193908
230 40.652152 31.633862
231 14.470648 43.363773
232 44.604633 13.891321
233 18.132287 2.901900
234 13.468691 40.114108
235 31.157773 8.569214
236 91.711147 82.726492
237 46.242746 41.305760
238 66.524736 22.762062
239 24.343347 71.343564
240 22.938993 9.608169
241 65.028421 64.654972
242 91.249361 93.060738
243 97.181248 61.830244
244 29.869345 43.232933
245 6.584946 95.509450
246 46.488450 42.514598
247 60.428242 80.837842
248 15.799370 10.594801
249 93.502860 78.762663
250 42.553747 91.745894
251 91.240001 2.936231
252 88.607349 25.680205
253 10.383098 38.112967
254 41.665455 52.832415
255 1.256841 66.836817
256 31.102475 94.739083
257 47.059488 27.397033
258 54.598311 97.911312
259 21.453357 61.365047
260 7.206429 57.233457
261 98.154216 86.460908
262 41.005826 23.874535
263 57.195521 45.897544
264 26.126799 67.855901
265 81.208714 55.159540
266 72.508137 42.883879
267 98.061099 92.773180
268 63.035782 30.987133
269 19.728563 36.746488
270 26.861955 80.865071
271 99.076871 94.734500
272 83.875997 48.020819
273 87.905105 88.043535
274 9.837788 30.901263
275 61.117280 79.806986
276 63.647220 15.175146
277 71.250720 91.818824
278 97.957521 73.466565
279 65.117463 60.171489
280 86.696433 61.915410
281 66.441859 85.326864
282 31.369925 5.034011
283 13.003364 10.944569
284 44.969850 90.403480
285 55.625532 38.717321
286 95.093471 96.757371
287 2.338754 13.530777
288 71.144131 12.724283
289 57.937955 61.602398
290 25.213566 37.634369
291 85.706568 11.180874
292 85.032383 98.709403
293 54.795611 55.277418
294 53.277038 98.324738
295 79.436034 27.395896
296 50.672003 62.119426
297 68.800668 80.020432
298 96.569256 53.498181
299 24.272083 62.834185
300 50.641833 98.754838
301 99.478339 61.492633
302 96.733679 93.269623
303 57.491991 20.027429
304 53.670253 92.343453
305 11.633744 69.196500
306 75.451356 0.865963
307 33.418702 55.285344
308 99.385228 55.446192
309 39.094573 88.000572
310 0.938711 36.773257
311 63.890170 28.169243
312 70.905473 94.702730
313 94.251698 51.862875
314 30.091858 22.554117
315 2.055129 47.948733
316 66.768467 87.217089
317 59.623640 65.334093
318 20.349016 18.545366
319 44.728211 25.153957
320 63.035166 63.129869
321 30.680846 4.421437
322 68.430481 91.542776
323 59.989887 36.743360
324 56.627306 62.938771
325 36.389499 16.359072
326 76.000999 75.056039
327 68.696122 54.017669
328 29.007583 57.445374
329 37.746321 84.157579
330 91.477398 22.685828
331 4.158915 39.056181
332 96.412944 88.119760
333 89.527313 82.992144
334 91.304460 73.498309
335 45.998871 15.270058
336 8.387914 2.919494
337 64.135258 65.759983
338 21.902341 70.825714
339 44.331901 22.856517
340 43.058352 12.202872
341 31.664226 74.504506
342 29.552554 89.426634
343 76.874903 23.655757
344 29.242147 8.085308
345 42.948866 91.560298
346 64.699751 26.902212
347 89.118991 28.682286
348 6.170010 79.981493
349 51.786021 13.823360
350 57.360176 1.220228
351 68.093729 86.090380
352 53.963365 59.663183
353 34.508825 59.592993
354 0.535120 87.662518
355 5.363739 81.726451
356 13.661635 52.894747
357 83.821474 59.104679
358 36.060941 55.500588
359 56.178216 98.056930
360 39.639194 20.806470
361 2.503653 28.059875
362 48.444485 43.156671
363 75.403799 94.822950
364 3.712910 23.677475
365 87.595495 92.535292
366 44.306595 34.030629
367 6.434799 79.056074
368 53.243829 60.934141
369 19.862031 71.358391
370 89.319713 75.297258
371 13.349958 20.808457
372 15.992124 56.273958
373 21.406949 79.485478
374 20.871563 70.274577
375 79.095363 88.866614
376 42.690129 92.189355
377 74.302410 52.534996
378 91.044729 56.753155
379 52.553782 15.998724
380 44.474498 90.055344
381 46.298377 4.931225
382 79.093283 77.440713
383 60.739277 70.124950
384 96.662259 40.998344
385 20.639451 47.047957
386 47.827321 77.427776
387 87.555602 54.038110
388 72.412510 69.245733
389 10.197398 36.400822
390 49.688170 17.414401
391 12.368066 26.915064
392 26.672645 92.572017
393 98.637474 42.355971
394 88.647853 43.529118
395 94.884815 64.711974
396 77.567451 53.776263
397 18.948070 28.396468
398 88.529804 69.545521
399 91.929890 35.026419
400 88.433135 15.332421
401 41.817156 97.069051
402 29.938672 25.693250
403 22.020207 53.535246
404 41.142907 37.850544
405 6.493476 68.564094
406 48.752389 49.360355
407 99.662325 38.321023
408 0.837448 98.897764
409 16.757530 76.436881
410 52.889466 32.062863
411 74.032075 57.287659
412 35.185860 39.771140
413 7.293682 52.821492
414 74.460641 13.800603
415 32.504750 76.858597
416 86.048212 20.344214
417 22.443176 11.282013
418 73.703519 69.615532
419 47.042063 17.142930
420 92.280269 77.433779
421 69.071965 70.553344
422 43.399462 45.803381
423 16.591319 44.337606
424 91.072785 66.730476
425 23.067973 55.666569
426 11.862589 13.491922
427 5.179532 18.908998
428 22.685113 45.108102
429 36.521222 29.361448
430 34.103354 16.005112
431 47.272375 95.672058
432 55.649683 9.584074
433 86.527364 27.736769
434 35.766808 6.830858
435 73.599068 10.382124
436 73.981331 66.703987
437 71.341293 11.289899
438 26.140436 23.059573
439 97.916409 73.397517
440 85.023638 81.146932
441 37.274168 59.387094
442 76.152039 17.007377
443 31.493800 78.799512
444 98.104777 63.475143
445 64.603160 96.447862
446 5.703923 50.260339
447 1.478424 26.199006
448 98.632936 79.085215
449 15.916196 95.564649
450 21.011964 87.612555
451 18.793748 59.361601
452 72.400650 46.252606
453 81.489316 4.137248
454 68.368961 91.787987
455 86.699852 17.630697
456 40.022899 22.584318
457 72.475862 78.345781
458 76.178529 68.161461
459 33.309798 14.608249
460 63.827178 47.261345
461 71.356571 21.652773
462 24.129479 52.073045
463 6.788658 98.678619
464 10.141252 73.734955
465 15.297967 95.329926
466 40.611979 39.210691
467 77.901178 39.396839
468 31.168362 10.161648
469 95.825469 92.446577
470 45.647350 60.253328
471 75.175518 23.262786
472 88.042765 85.820762
473 23.691242 48.801490
474 72.527146 15.695490
475 15.744074 32.978846
476 62.831394 75.116331
477 16.272658 29.403306
478 13.874527 59.054311
479 40.169165 22.208977
480 82.856983 16.579897
481 21.382307 72.747777
482 27.525165 56.185994
483 50.023955 91.125401
484 7.883561 2.477768
485 37.972563 30.925069
486 85.674128 59.165277
487 43.616599 66.884558
488 81.825755 38.963139
489 54.700771 49.306177
490 64.131292 42.624309
491 97.556187 44.037984
492 42.262102 31.640658
493 79.483453 65.597335
494 37.386348 56.738266
495 13.018681 84.854236
496 0.305019 18.296413
497 82.243971 25.319949
498 0.799246 30.858176
499 9.546370 13.623702
500 31.826052 41.808580
501 41.711148 2.018014
502 76.674382 90.105426
503 2.149941 81.163698
504 6.034054 50.248459
505 2.296595 9.417583
506 51.332680 21.100149
507 71.423425 92.259692
508 65.945389 13.756087
509 66.738462 12.897426
510 46.882776 20.860655
511 46.024553 87.703066
512 77.425595 68.641807
513 52.760262 23.987301
514 17.343740 42.725089
515 65.693378 5.247800
516 88.674025 63.665339
517 82.489606 21.695810
518 67.175755 81.870733
519 61.906750 34.397443
520 91.275247 52.581411
521 77.329777 81.371546
522 38.744340 50.939590
523 40.344035 55.444600
524 92.593999 99.675637
525 59.934010 50.366403
526 55.972971 29.118911
527 81.439536 57.584053
528 51.810683 77.808831
529 52.403034 68.350887
530 12.283057 69.972689
531 94.429356 78.317489
532 34.253391 60.750888
533 2.184995 47.135250
534 33.089439 44.075492
535 38.885277 88.009533
536 95.633288 27.985450
537 0.259141 3.068464
538 91.557442 74.001186
539 20.983187 53.519819
540 17.522120 91.846893
541 70.426129 65.426843
542 36.628917 2.970989
543 60.736921 3.055013
544 2.280781 54.132232
545 54.519668 75.716720
546 52.791113 5.286879
547 75.976624 8.577792
548 62.822686 43.017097
549 87.124082 33.020261
550 35.485427 73.648865
551 45.851984 59.020777
552 18.373711 42.465700
553 67.280608 30.754673
554 12.839271 31.615997
555 71.622385 47.527250
556 93.154330 46.525082
557 47.530272 19.535001
558 30.223030 16.884072
559 86.318564 8.295846
560 50.365632 63.599170
561 66.466946 21.831398
562 87.259661 50.416825
563 12.666722 30.921569
564 77.657169 94.085940
565 74.391261 97.707939
566 86.316532 76.258063
567 26.938855 72.077996
568 51.492642 38.110806
569 0.288784 46.468090
570 87.690971 50.801784
571 19.107877 93.052549
572 93.015590 88.663145
573 35.054971 53.616929
574 74.233331 15.353366
575 95.689300 87.587806
576 15.562016 97.008302
577 40.094637 0.906816
578 65.002740 21.082561
579 33.619968 16.683484
580 81.503458 18.506067
581 20.408044 40.883156
582 23.654519 71.962953
583 56.998155 92.140814
584 13.160459 29.873212
585 94.408055 17.554496
586 67.175486 19.263721
587 57.315758 66.152763
588 92.556933 78.995156
589 65.624505 35.105636
590 52.731197 48.029643
591 73.884643 15.480134
592 20.173808 52.855295
593 10.723380 52.382691
594 83.951532 15.040430
595 60.383729 73.610455
596 9.772902 50.212112
597 14.861943 72.764070
598 94.505862 63.415028
599 3.201205 6.285145
600 88.546185 42.538974
601 66.695509 23.214369
602 37.107702 68.233135
603 42.167005 50.049072
604 92.351768 67.363428
605 99.529958 43.055372
606 4.794455 8.415203
607 97.112390 51.479239
608 62.353571 76.777706
609 15.957201 13.082166
610 58.993896 29.998702
611 14.477413 24.510937
612 26.832380 65.973882
613 83.212918 99.847696
614 16.933728 77.584545
615 85.715423 8.410200
616 67.483027 66.732435
617 57.088195 47.245920
618 84.229628 5.263981
619 78.661272 71.126427
620 95.948845 41.936750
621 1.377052 45.573973
622 95.732431 10.082415
623 3.515426 48.191646
624 8.624086 77.007999
625 68.161340 0.527665
626 99.719735 23.112808
627 10.774574 45.899142
628 33.243899 25.821688
629 44.884091 58.622512
630 55.497529 22.908169
631 77.408713 86.383757
632 99.929663 55.347938
633 18.923756 5.368278
634 95.806663 20.257246
635 95.513101 20.283873
636 82.652990 71.398824
637 17.194445 13.014303
638 73.991511 17.757908
639 5.191834 6.833004
640 93.276214 25.609665
641 92.868761 16.701054
642 22.493336 57.784534
643 32.447757 90.602492
644 51.362277 22.391822
645 84.796272 88.195332
646 43.207407 23.921315
647 53.001658 44.126356
648 99.764868 13.799143
649 76.839315 48.810159
650 10.457320 99.463484
651 25.686215 78.220338
652 49.500836 59.834626
653 79.035763 56.792198
654 39.421930 81.796387
655 26.025862 72.266463
656 33.669492 65.064961
657 36.178386 69.048198
658 10.533703 0.332845
659 43.937478 17.555429
660 75.091643 78.588909
661 20.084792 81.683914
662 30.556667 82.571472
663 8.655517 82.865967
664 41.082122 60.965148
665 47.666983 81.684435
666 45.147639 41.041558
667 7.288322 64.708181
668 38.379722 93.844184
669 10.405376 16.589073
670 38.768851 47.959195
671 26.016373 93.723150
672 8.490469 91.249638
673 37.640416 34.731088
674 78.319704 46.078891
675 49.972102 35.507356
676 9.754227 14.396646
677 91.920193 46.281031
678 52.276862 69.496260
679 94.804437 72.068428
680 13.363230 33.850209
681 67.814814 99.259342
682 12.219960 20.815782
683 39.799643 93.582237
684 81.469445 40.508671
685 32.826202 70.746872
686 63.687655 60.882446
687 99.554193 83.755666
688 9.427593 29.874632
689 80.919679 5.253105
690 79.283491 77.395826
691 63.342069 0.861563
692 66.243614 41.881519
693 23.378528 36.174064
694 71.726204 69.753862
695 73.610048 59.987583
696 51.597253 98.829758
697 6.361049 82.241046
698 44.680643 71.716007
699 65.862133 39.052228
700 47.689981 55.197296
LOCATIONS
1 48.217943 48.010782
2 18.476228 53.374514
3 87.849032 12.823506
4 32.900388 99.213176
5 15.647993 62.359591
6 9.301782 47.182234
7 13.496862 45.948380
8 88.921933 89.596824
9 77.054037 55.061845
10 64.583667 74.773482
11 8.188091 86.239961
12 80.907658 71.374628
13 39.428049 9.500880
14 22.905912 92.444024
15 29.169323 8.438489
16 9.414032 35.821037
17 2.439178 63.887631
18 24.462972 84.797090
19 7.955937 81.959680
20 26.695270 9.157540
21 82.764464 15.370213
22 7.280481 47.285977
23 40.604119 80.266542
24 88.094049 74.500260
25 34.989415 51.427177
26 82.001833 80.936648
27 94.390755 19.451535
28 37.058392 37.657318
29 57.250813 18.349507
30 45.111280 3.725317
31 67.838848 70.985891
32 36.499038 96.562093
33 73.222755 21.527675
34 87.730735 60.814054
35 86.733096 66.395167
36 37.903298 98.544081
37 21.408649 64.979981
38 13.746675 87.663240
39 2.744748 91.827288
40 65.593878 0.840525
41 19.875266 54.072770
42 57.723157 53.815874
43 20.433809 15.901317
44 49.528915 59.043859
45 36.046152 14.368547
46 5.851387 62.493174
47 10.767643 85.364928
48 44.102236 61.575606
49 37.899484 96.989719
50 82.859620 0.444560
51 31.940063 93.976784
52 78.403677 34.581231
53 69.383789 33.816962
54 76.402777 5.174072
55 43.471860 49.485174
56 26.597669 64.116817
57 37.758259 24.809851
58 39.082423 72.601590
59 32.424402 77.814555
60 22.538837 84.621846
61 16.989739 17.768665
62 74.786616 11.319706
63 24.295747 94.390818
64 8.219276 52.298224
65 52.441764 57.110133
66 63.346467 54.919891
67 43.525589 20.831751
68 9.128362 83.443944
69 75.180342 4.306352
70 2.843150 67.815202
71 89.595848 82.650836
72 38.546974 78.983501
73 14.978604 93.189406
74 45.802870 34.451351
75 86.066881 95.666783
76 82.448495 50.779546
77 62.170032 26.236000
78 46.930681 67.198861
79 16.595898 94.038857
80 79.431848 33.619893
81 90.729167 13.956965
82 10.112664 79.168569
83 64.247463 66.827946
84 0.480715 36.756266
85 2.448924 18.255319
86 89.920496 16.093451
87 79.111402 67.748019
88 59.680898 8.227417
89 90.170427 78.869636
90 52.781899 46.124207
91 33.225341 54.007243
92 75.868481 30.315373
93 41.757335 4.606398
94 45.530742 16.386043
95 67.406066 86.431854
96 55.201867 1.558989
97 90.340830 73.718309
98 50.370079 99.193042
99 90.103138 25.397814
100 59.080521 45.675380
101 45.923547 31.893076
102 50.028261 65.388215
103 79.252576 95.007061
104 6.708330 24.745151
105 78.653671 11.890741
106 67.472437 34.106760
107 7.326543 76.310352
108 49.212210 2.403594
109 40.586850 5.278899
110 10.313726 45.070041
111 20.205724 89.713541
112 53.645221 1.259150
113 56.784526 48.430796
114 72.311208 45.917787
115 26.690328 75.529098
116 62.828365 48.277336
117 20.553423 61.138128
118 55.908758 23.629874
119 92.460080 17.960666
120 2.307698 94.869269
121 53.526853 70.688530
122 85.483384 8.582248
123 91.219503 29.639533
124 35.872622 91.624770
125 47.944818 18.416321
126 95.510216 36.339859
127 54.082942 86.255113
128 28.445853 38.956720
129 94.933266 15.178051
130 33.079645 60.022574
131 19.163808 50.594701
132 41.545216 15.380359
133 14.000788 3.504280
134 17.644302 32.301029
135 6.620833 94.969882
136 21.688580 42.201755
137 21.345324 71.650810
138 73.475979 18.152512
139 18.197215 85.301347
140 28.853801 27.594682
141 25.419741 93.691014
142 69.530819 18.525723
143 67.914403 52.920946
144 1.688416 32.947267
145 25.931665 10.155530
146 61.372367 36.584274
147 51.426130 11.465863
148 39.986044 58.921438
149 16.357320 98.457276
150 60.480540 26.990478
151 57.411532 85.533011
152 49.659308 6.023044
153 0.806585 88.298531
154 25.995656 61.077076
155 71.119167 93.965323
156 87.641262 94.679147
157 4.085012 8.584694
158 54.133383 91.967016
159 80.347251 2.147767
160 99.708092 20.463182
161 46.933622 46.491540
162 7.778373 6.617248
163 88.714689 58.741626
164 11.428204 27.341320
165 6.285056 60.312619
166 12.453148 44.261100
167 67.283523 55.857716
168 63.553469 26.964801
169 44.501553 6.006930
170 92.044965 20.809449
171 90.565371 62.382230
172 48.489893 71.083373
173 46.963411 9.609002
174 36.576749 2.030040
175 21.299636 39.720328
176 70.552214 20.348654
177 33.391872 48.043577
178 27.852680 93.958797
179 90.283449 28.756864
180 84.881223 87.732498
181 80.460989 23.805302
182 79.462554 86.662368
183 18.540682 75.710422
184 69.810654 43.887723
185 62.267466 52.223906
186 32.510583 71.484589
187 95.488222 52.029187
188 78.375517 29.453126
189 84.290207 66.936780
190 64.753421 59.925919
191 99.036472 3.487655
192 37.550903 76.542298
193 45.922783 86.143327
194 20.971388 65.786500
195 72.390222 12.437209
196 77.617792 84.852868
197 72.074834 27.892810
198 28.525507 50.883608
199 52.565008 85.632786
200 7.583805 72.111261
201 4.297794 36.239555
202 37.274974 59.839018
203 80.591278 36.314013
204 92.306675 90.916495
205 91.951822 66.472204
206 42.922280 24.969557
207 19.107237 42.184701
208 74.153075 79.716672
209 29.720604 52.192709
210 86.706523 65.192714
211 88.242126 48.951020
212 48.084399 39.774939
213 94.612761 84.620481
214 46.381096 56.355936
215 22.454328 43.050551
216 83.002254 64.700354
217 18.192406 18.346876
218 61.212358 37.829802
219 97.899804 96.486099
220 52.272948 55.238726
221 75.252875 18.598048
222 98.530939 99.124040
223 37.553141 71.991281
224 63.707506 47.045648
225 53.733007 42.042809
226 63.017119 62.674364
227 39.184548 88.073204
228 6.778410 57.851301
229 24.651468 63.013560
230 9.456201 57.952675
231 16.870298 48.027741
232 48.398168 85.541381
233 3.861863 40.317194
234 11.293429 21.823634
235 63.431174 82.729841
236 87.984048 49.804212
237 15.728960 85.227667
238 66.443634 32.588601
239 90.994166 96.009001
240 21.274308 79.311077
241 65.042902 73.029435
242 89.120215 38.973809
243 35.117727 17.343863
244 52.877092 46.666800
245 13.741735 17.651315
246 18.697851 43.855461
247 63.160207 58.054256
248 84.508571 4.617655
249 92.799294 60.013136
250 0.754371 65.860385
251 0.590863 49.578557
252 82.668242 87.320462
253 99.182621 23.008581
254 77.787704 83.082621
255 3.778393 26.220565
256 25.600802 27.260644
257 46.964785 67.674931
258 24.880237 77.886057
259 58.431428 71.571738
260 29.723863 71.455287
261 20.630453 22.665841
262 80.998684 57.788073
263 89.880637 50.428225
264 77.584501 89.833871
265 93.683439 24.405414
266 78.771876 74.316618
267 7.942237 94.743421
268 51.743493 43.037363
269 68.977765 42.042402
270 7.771794 66.420624
271 28.992087 8.601755
272 93.174075 85.998413
273 10.891840 26.196662
274 24.295190 21.134855
275 4.867069 15.365370
276 4.896769 24.166709
277 80.943739 1.477694
278 99.413162 94.081295
279 25.950324 2.308252
280 30.768740 15.663248
281 87.118968 88.673568
282 51.105410 68.948308
283 60.880804 8.625698
284 44.313427 21.535955
285 67.318801 5.088015
286 32.717700 44.481022
287 52.591178 33.785664
288 90.965859 5.922480
289 35.902217 77.587296
290 34.556423 2.783510
291 19.950083 95.350759
292 51.666693 28.881218
293 90.377928 74.667162
294 3.646967 85.129495
295 28.864455 69.766485
296 18.264054 59.336645
297 7.636655 86.229449
298 64.788627 66.687278
299 4.219537 41.067753
300 42.621893 24.853801
301 87.416382 25.243122
302 70.649394 52.132486
303 94.065550 52.435465
304 99.600232 14.797504
305 6.201749 84.431750
306 12.206386 54.842162
307 9.166029 37.991266
308 85.346007 78.701131
309 69.310694 16.433517
310 25.133885 48.432692
311 12.720872 83.812814
312 87.519841 48.086149
313 47.629820 18.668186
314 27.642980 52.637262
315 37.747122 39.001832
316 37.733305 38.696618
317 46.829586 5.916561
318 97.955119 9.417636
319 93.347566 16.836748
320 44.141158 53.095215
321 83.517160 70.690219
322 19.521738 12.961142
323 73.308301 2.103313
324 41.960544 19.802898
325 12.615351 73.927712
326 49.110023 59.962732
327 86.580864 34.377544
328 37.148900 58.997162
329 23.841543 68.157003
330 71.596743 23.823670
331 60.674905 63.392123
332 20.240259 47.653616
333 6.444328 24.285445
334 47.987251 70.162100
335 5.020129 21.938465
336 72.689668 16.239099
337 78.143630 95.291804
338 23.412601 60.007516
339 6.592702 10.750953
340 91.254888 22.731920
341 90.056723 86.358105
342 95.450940 72.026886
343 95.381257 95.772652
344 31.360759 63.072126
345 55.295290 14.947339
346 81.846859 70.652954
347 8.009581 24.250146
348 80.493337 87.672112
349 56.106281 67.512358
350 43.321028 39.303744
351 39.525759 98.361770
352 38.631032 91.507319
353 50.893274 4.152382
354 7.908031 38.453749
355 77.911051 28.957635
356 78.895114 62.586422
357 72.363250 31.620941
358 45.392096 40.344159
359 44.947604 95.680769
360 45.073710 92.919223
361 4.138312 60.734114
362 47.445907 29.133249
363 49.846255 29.582747
364 34.230730 98.294838
365 53.780211 44.153765
366 20.690688 1.825782
367 92.132943 87.155902
368 42.028097 41.196789
369 0.065818 32.112410
370 57.792198 19.205004
371 94.401733 17.252407
372 69.843477 91.303034
373 51.194590 69.188230
374 61.659898 22.486134
375 21.847890 94.938881
376 38.002856 40.744441
377 99.366936 81.359734
378 71.233017 42.048143
379 41.557360 55.861209
380 58.480940 45.385861
381 87.749887 76.886544
382 80.551683 29.242065
383 70.451038 98.691090
384 56.287504 26.315763
385 68.285579 29.083137
386 66.753753 17.983822
387 35.876080 62.608620
388 73.731583 54.427233
389 38.133390 68.904542
390 59.978949 97.805110
391 82.319717 34.951829
392 49.463907 93.121988
393 1.314226 89.548745
394 68.964849 79.241985
395 30.813892 79.739576
396 42.702438 55.613575
397 88.923622 93.154938
398 81.975139 43.436714
399 78.944089 25.983589
400 17.237049 82.556422
401 21.565671 90.336571
402 24.636425 74.779111
403 73.986837 16.449350
404 56.092177 26.129470
405 61.332948 33.147244
406 81.187099 9.505358
407 7.175133 40.345863
408 57.263302 30.702841
409 99.059662 16.324948
410 90.785767 9.373771
411 13.525525 32.662443
412 23.405051 15.355424
413 15.833632 70.716082
414 21.349786 29.102232
415 10.768099 52.711289
416 65.446769 46.411009
417 30.244545 1.111240
418 30.602096 29.504071
419 42.495617 92.449629
420 4.399104 13.689016
421 32.091699 63.884158
422 18.990609 61.149092
423 44.216354 68.370632
424 41.971758 90.038609
425 49.478689 39.143016
426 91.310323 35.665245
427 11.346569 10.995213
428 70.199684 0.581138
429 23.651108 19.319345
430 50.061970 80.833704
431 77.447739 97.322655
432 13.758156 56.410993
433 13.602447 90.815262
434 34.105471 87.460548
435 36.286334 98.340944
436 92.651050 28.029888
437 43.671629 69.547695
438 53.222815 56.273412
439 46.615048 68.338876
440 73.319722 0.845062
441 42.367503 35.824569
442 69.897365 98.378185
443 83.499387 88.848414
444 65.635058 31.967860
445 40.206897 2.110542
446 21.681184 50.619752
447 28.165029 55.225631
448 14.171606 94.814501
449 93.291448 49.713183
450 16.719258 13.743153
451 66.278675 82.937571
452 19.452565 91.530474
453 51.675547 7.752682
454 86.884276 85.030764
455 39.515093 81.730078
456 90.779496 10.378650
457 80.172965 76.537430
458 70.343123 70.196775
459 30.304563 84.324244
460 67.044025 34.962086
461 97.227922 98.678136
462 92.150946 16.609473
463 78.090457 21.241328
464 99.194296 25.358393
465 0.561091 56.046141
466 99.321630 27.048845
467 21.457771 93.045943
468 40.544713 95.116497
469 69.715892 34.334032
470 98.725266 81.997115
471 99.138290 78.269839
472 11.438089 90.153373
473 13.147540 60.684269
474 15.042551 95.113662
475 93.245477 58.744392
476 80.838328 39.037048
477 82.527768 57.228646
478 0.063816 38.445234
479 52.791243 68.960563
480 27.705576 63.370246
481 27.026257 81.471775
482 17.396328 53.866537
483 66.215749 15.532069
484 15.016476 79.369587
485 54.793113 79.289190
486 1.974757 43.921968
487 11.229708 51.402133
488 71.030813 28.221588
489 38.813317 20.958934
490 95.948553 29.084727
491 24.687749 48.604647
492 45.022399 85.223810
493 85.089362 82.461455
494 99.780193 17.874910
495 29.105083 63.518926
496 11.389999 90.407086
497 64.889384 40.177369
498 57.913491 25.849213
499 15.391184 43.669536
500 44.028019 70.865808
501 51.062900 74.014680
502 9.300324 63.300738
503 81.811108 77.166474
504 49.658382 60.636499
505 99.600386 46.300148
506 65.860910 54.277900
507 24.336996 78.787498
508 9.335261 66.090227
509 34.107794 48.761226
510 86.077098 87.398088
511 22.543154 36.931715
512 12.217833 44.109518
513 30.022016 3.863289
514 48.933440 72.661177
515 95.727340 98.847348
516 63.253227 45.371312
517 26.317544 21.030957
518 98.010707 34.198878
519 88.349661 26.205120
520 63.487797 24.920942
521 15.302322 65.629775
522 65.630918 1.257028
523 9.551047 59.595311
524 0.262942 75.278060
525 78.480874 36.762979
526 38.135314 42.573328
527 51.351971 19.848434
528 64.021446 13.122732
529 16.481058 58.958030
530 28.292767 0.299699
531 82.478620 75.593849
532 31.671267 8.882935
533 60.578166 57.964073
534 52.138353 48.603686
535 84.312919 69.159729
536 39.116587 93.571583
537 50.501106 49.139706
538 83.470909 43.957424
539 23.025067 68.468670
540 43.660370 48.615174
541 39.800144 40.458966
542 37.258392 47.205975
543 99.355495 64.527196
544 81.388729 72.411737
545 17.331934 24.673954
546 27.321946 64.602388
547 76.183014 6.172369
548 1.368923 27.357590
549 21.864892 18.951288
550 79.534323 34.454040
551 47.811729 62.910522
552 73.614255 65.150429
553 0.863726 56.389884
554 62.592423 85.830247
555 0.874536 81.449556
556 60.023684 57.654985
557 86.569987 60.985511
558 44.018025 57.695664
559 24.851925 68.586272
560 96.719641 22.477423
561 95.986013 1.178169
562 75.889912 37.766430
563 40.964468 58.813515
564 93.298821 53.263830
565 32.916978 49.065103
566 94.261518 22.363252
567 83.386252 91.024460
568 39.091607 34.626363
569 38.594345 55.073501
570 50.303888 46.253196
571 73.206493 3.243335
572 19.880489 44.809333
573 64.214632 69.369406
574 14.154315 82.718302
575 29.325079 79.359679
576 86.754532 69.802989
577 64.297165 66.021813
578 98.927698 62.102613
579 41.948426 5.423590
580 85.047062 73.067709
581 20.834157 98.274718
582 64.806806 25.428000
583 98.770988 84.426097
584 49.984589 67.635500
585 2.103982 58.847259
586 11.970116 39.221025
587 85.257162 53.994593
588 32.980245 14.817405
589 87.150072 8.391593
590 62.544175 80.546324
591 70.812501 2.263863
592 84.870185 1.221354
593 76.650110 36.081235
594 90.550125 22.643368
595 39.243041 31.404496
596 45.430698 19.455835
597 25.098598 72.132362
598 26.038800 13.715077
599 39.750148 80.192239
600 11.771608 43.849484
601 70.290893 39.490228
602 10.282291 33.709646
603 58.675429 60.341771
604 79.133948 58.295679
605 78.298644 13.778928
606 99.964577 75.002828
607 90.235003 59.748128
608 54.706667 11.539295
609 63.128799 67.477085
610 75.458077 1.366588
611 60.693128 15.213587
612 63.957165 88.048503
613 61.146463 4.767772
614 59.812036 32.344229
615 82.039732 3.968612
616 40.070115 49.250136
617 26.377787 45.555391
618 60.528127 28.159236
619 12.929366 49.449500
620 32.965872 5.014279
621 31.520303 88.734334
622 27.186914 51.129450
623 2.996889 95.249510
624 93.788679 44.572862
625 28.318100 55.624641
626 61.796139 94.264872
627 51.822120 51.182348
628 73.955025 38.124764
629 39.931449 74.091446
630 7.920020 96.241933
631 78.300753 33.608195
632 22.997850 6.302790
633 14.908489 25.317517
634 10.191664 56.538718
635 89.490755 96.911573
636 12.138791 73.214511
637 17.584758 1.844364
638 97.271925 76.508512
639 94.436850 7.443506
640 35.571732 73.910877
641 57.273014 6.381387
642 30.054859 61.712343
643 61.838712 11.423114
644 64.104168 19.000279
645 12.168051 39.372247
646 82.966593 0.736752
647 42.301180 34.861337
648 42.311400 1.496373
649 38.470459 97.285770
650 73.879215 95.516761
651 35.303966 16.605301
652 32.852940 32.166719
653 63.707906 48.675527
654 54.256039 88.522847
655 66.015465 80.332909
656 1.107790 61.160051
657 77.540953 66.809305
658 71.176614 87.142290
659 95.530380 84.922573
660 87.406453 62.608613
661 10.827173 69.756576
662 36.008146 7.337245
663 46.623185 10.569717
664 33.525860 67.923438
665 89.117091 46.057260
666 29.053247 49.471113
667 8.721891 25.221363
668 83.588108 7.689723
669 23.760523 18.767862
670 40.101780 28.271647
671 85.616158 39.576524
672 13.141067 74.265400
673 69.096795 98.632701
674 47.811500 64.845974
675 88.142979 43.288840
676 73.933485 62.198350
677 45.118506 21.665758
678 96.582098 45.730852
679 5.250711 46.278675
680 35.946761 21.083330
681 3.234801 35.714931
682 61.703156 71.988463
683 25.717774 14.491236
684 79.498407 8.150957
685 42.020469 37.506778
686 20.328145 94.419781
687 68.546125 55.985903
688 28.818068 29.160544
689 61.476178 83.429256
690 73.776825 86.082119
691 43.985282 86.184416
692 32.464106 16.405731
693 43.135430 16.307574
694 49.221119 64.816409
695 91.909937 53.150369
696 94.863936 15.989825
697 95.353753 89.445493
698 72.359380 87.905596
699 86.684268 60.634502
700 0.259352 85.204601
