200 200 67 COORD_PMED seed=20260717 source=pmed10
CUSTOMERS
1 35.206970 18.116239
2 92.451183 22.693175
3 58.744119 73.156204
4 43.164948 90.407564
5 10.679318 40.281781
6 68.310666 28.513863
7 52.522988 79.112624
8 22.798033 89.615940
9 7.479287 91.682765
10 53.189796 87.497580
11 21.900656 97.030187
12 17.278156 39.880305
13 97.481621 97.036992
14 41.229430 31.067676
15 35.482788 21.408910
16 38.269703 3.695251
17 67.785910 85.535712
18 18.591447 94.151690
19 0.314375 99.330587
20 4.496500 70.159280
21 76.868368 31.078379
22 54.440808 29.547062
23 89.228426 86.980326
24 36.948212 86.413854
25 43.100362 25.151092
26 71.507593 56.184785
27 89.855639 16.358630
28 66.365370 73.451782
29 29.638980 19.699887
30 0.873719 54.758511
31 63.725367 11.649728
32 12.730891 53.249896
33 55.290378 82.189469
34 52.451406 20.059580
35 98.241473 66.364058
36 76.850982 56.576409
37 33.596457 25.140893
38 93.596631 11.403159
39 58.599832 0.352540
40 53.113981 2.134124
41 73.768245 70.765775
42 59.748538 71.617609
43 79.424240 41.624268
44 8.372865 37.538264
45 62.831501 71.472237
46 38.519265 36.771783
47 22.877512 21.503810
48 80.968936 8.087459
49 87.155634 65.760340
50 49.067666 9.747809
51 26.922620 75.779704
52 48.718814 63.711891
53 70.969878 59.098886
54 0.692336 79.160274
55 68.849547 65.921669
56 33.431606 79.709020
57 63.545207 1.242291
58 80.052614 81.813629
59 18.070689 92.973377
60 99.060157 81.811899
61 90.205831 5.668526
62 92.541516 5.623447
63 70.001370 8.234924
64 90.326587 54.321984
65 73.666253 1.702189
66 94.936692 63.482621
67 36.424064 95.547856
68 39.227852 67.057286
69 97.711882 45.917702
70 48.256600 25.805726
71 75.730603 45.287494
72 61.138122 56.954441
73 11.502175 29.652509
74 73.235432 14.781609
75 55.849641 90.714329
76 74.507751 53.146373
77 56.141070 60.205007
78 41.259144 49.860834
79 24.869446 50.845398
80 2.588829 26.234781
81 69.067842 3.800405
82 23.636179 56.036462
83 73.583644 27.296341
84 67.691098 99.841989
85 60.236803 59.573761
86 30.675224 87.268658
87 57.913163 7.092219
88 42.133003 67.847327
89 45.725004 61.315835
90 75.731832 31.121467
91 87.217772 46.256640
92 99.662266 96.672138
93 5.730781 33.999672
94 24.089918 56.483716
95 73.192632 13.478762
96 4.576887 26.444596
97 19.291385 71.777518
98 17.754638 38.356395
99 86.750678 53.363059
100 98.851636 39.467750
101 26.491508 27.591915
102 21.383744 62.732390
103 1.642738 63.028503
104 94.832478 36.354907
105 52.410347 71.996402
106 33.164187 85.705307
107 53.006470 61.338088
108 6.336428 73.663626
109 1.552341 99.792526
110 17.682118 62.640103
111 60.362567 42.583435
112 54.050913 95.162582
113 85.377406 50.225212
114 76.995880 41.748669
115 5.543767 49.189314
116 88.800013 53.407542
117 94.816501 67.397422
118 86.543938 49.139696
119 17.474026 77.977227
120 53.328112 88.801987
121 15.021980 54.864871
122 7.072778 35.266852
123 73.649754 87.946148
124 79.689086 90.102437
125 13.195498 71.907604
126 18.168322 97.387137
127 30.343447 39.871849
128 98.809421 72.133868
129 99.894335 88.038972
130 94.465580 65.659090
131 54.117481 2.848940
132 68.752439 96.297206
133 46.401835 29.321188
134 85.463777 86.963161
135 21.622982 57.135452
136 35.459467 96.179665
137 36.202347 88.069091
138 32.084100 59.885198
139 70.001639 11.140944
140 20.026912 67.332038
141 13.648450 19.053275
142 34.559955 16.605503
143 95.309007 28.758766
144 89.689508 13.994284
145 34.817093 56.522830
146 96.735155 47.331602
147 18.822671 83.581127
148 7.461659 13.750959
149 47.109903 37.381435
150 88.061680 39.340849
151 25.364928 33.138514
152 82.849645 81.205949
153 99.234688 15.347939
154 51.435651 65.282687
155 9.428327 30.196629
156 59.343168 42.187956
157 15.649764 62.488602
158 83.349434 40.066701
159 83.752765 94.408030
160 91.746084 15.129312
161 27.143276 15.874739
162 86.374679 23.775974
163 84.001811 36.783649
164 73.253928 66.230209
165 59.374757 65.111756
166 94.894804 2.517743
167 31.434471 31.348019
168 3.568762 86.151382
169 21.657732 63.391441
170 40.776419 30.401767
171 98.794709 15.032953
172 52.387168 5.899902
173 38.737582 22.405239
174 79.482329 73.156915
175 81.212983 18.978604
176 68.220233 94.817621
177 55.348267 99.777482
178 38.630652 48.801442
179 73.505422 48.570981
180 25.416838 65.013950
181 40.846405 27.009265
182 21.403181 43.858524
183 9.251542 40.028079
184 77.512220 10.081515
185 50.052676 57.718936
186 69.614149 6.762812
187 73.431316 57.666132
188 37.272108 97.906752
189 32.308329 7.178938
190 32.303071 75.921430
191 5.914968 66.612489
192 58.455500 55.694181
193 36.263284 48.566978
194 95.917975 34.035949
195 99.330516 97.569109
196 96.779390 12.903893
197 14.247692 7.396151
198 79.383086 60.852898
199 3.044840 61.148178
200 88.813279 7.480577
LOCATIONS
1 94.550155 18.887996
2 56.525975 34.943310
3 94.137290 28.612260
4 27.969441 83.443457
5 83.962025 98.349170
6 5.510866 57.083922
7 23.969366 71.824061
8 34.377173 44.030156
9 61.574446 94.731701
10 66.929304 53.581651
11 56.641902 8.177348
12 94.385730 91.574109
13 31.155569 24.918226
14 71.543019 14.645622
15 10.774087 57.814848
16 66.669797 4.861409
17 58.202855 98.302179
18 50.526256 31.465699
19 60.313660 48.492392
20 84.849651 60.323989
21 18.363442 17.912821
22 83.054929 65.472549
23 60.980545 59.973523
24 28.743688 99.151480
25 73.028347 40.166021
26 66.070823 52.670060
27 73.943066 75.784047
28 44.443611 23.332233
29 30.738467 58.707175
30 86.921306 1.347331
31 13.318980 38.027459
32 56.138254 3.485044
33 43.898571 28.062256
34 5.323321 26.455024
35 33.627896 89.876619
36 55.135588 91.803028
37 92.195779 67.045138
38 37.710281 96.532854
39 10.189525 74.373379
40 39.941067 63.325558
41 82.889769 56.056694
42 27.309612 1.090969
43 49.540109 11.836453
44 64.732685 55.393190
45 49.869366 0.428259
46 85.352298 10.752868
47 91.773482 81.448917
48 49.454044 83.664431
49 89.807170 61.548169
50 62.927656 71.331531
51 49.209993 31.625401
52 49.841158 66.335475
53 16.922803 92.206610
54 69.479066 43.610731
55 6.871845 36.878224
56 23.093773 69.247291
57 26.860774 97.866284
58 16.665330 12.057155
59 20.781753 42.107907
60 31.022075 91.820444
61 27.687938 57.565021
62 95.123020 51.414341
63 21.761777 92.644036
64 29.708054 97.180957
65 33.112309 26.668208
66 41.592188 65.486989
67 11.308278 13.344665
68 76.529637 18.323930
69 92.293133 64.012566
70 91.582719 3.378406
71 2.328232 32.768795
72 85.985041 86.693396
73 22.350786 25.309045
74 59.350389 28.968377
75 2.159085 75.312743
76 62.692086 37.556442
77 40.296938 22.032097
78 12.841608 75.365748
79 16.524107 32.112414
80 88.422252 75.946560
81 5.707004 90.654862
82 27.069896 14.961872
83 19.369122 72.062824
84 41.674122 77.599229
85 40.318416 69.468246
86 6.886035 20.809580
87 79.292776 23.422405
88 48.136573 79.534091
89 71.619488 52.277184
90 31.016809 57.911660
91 9.782810 8.719774
92 24.348227 95.265564
93 6.904452 32.372110
94 76.762407 23.301521
95 43.950376 74.792259
96 15.078811 42.370637
97 8.648206 34.514643
98 10.272121 95.046205
99 75.180984 62.250947
100 25.702091 75.113888
101 43.331630 51.594465
102 35.617196 89.361078
103 28.550809 85.736036
104 94.481004 20.651837
105 25.714304 48.336104
106 10.063989 72.427411
107 24.814071 77.807394
108 37.290374 8.346951
109 97.109136 84.345287
110 24.681837 69.114422
111 66.964280 10.787693
112 50.146794 59.098135
113 88.246841 61.809946
114 72.278644 96.004281
115 20.714963 98.229062
116 51.203064 12.576048
117 10.424588 40.848210
118 44.857527 29.122161
119 7.713610 59.687475
120 47.916218 51.618696
121 55.988367 69.125502
122 11.393829 39.473704
123 93.606077 16.652585
124 71.742937 93.277971
125 62.322989 21.428794
126 16.905230 38.964351
127 96.642262 74.080902
128 38.621615 25.872784
129 30.946492 11.748313
130 31.171999 89.870473
131 24.645869 29.708024
132 92.199764 50.957093
133 26.950632 64.261724
134 48.102163 74.051622
135 74.055847 85.958318
136 71.131645 25.820318
137 33.050607 95.148183
138 33.365406 61.244397
139 28.696900 55.543097
140 72.114614 65.569480
141 19.608805 7.434414
142 60.678573 56.675213
143 56.031768 93.065549
144 37.681709 48.010952
145 7.400938 78.902685
146 96.686968 52.967597
147 85.774701 32.850864
148 55.197195 41.856405
149 98.009547 43.864102
150 57.712592 2.043486
151 21.859873 22.198763
152 18.183281 8.934288
153 18.200876 99.660644
154 31.315140 37.271675
155 16.048097 24.753805
156 22.957054 39.348402
157 84.251862 15.916415
158 97.133061 3.891288
159 19.834929 60.124333
160 5.776423 8.657169
161 49.716606 46.473806
162 85.434374 48.559931
163 56.509896 17.125139
164 69.939985 99.081840
165 61.345656 49.898255
166 59.747439 60.814618
167 79.914970 11.822631
168 32.266497 89.914456
169 93.081898 85.004584
170 37.303260 43.077624
171 77.736199 51.771388
172 79.929643 97.604679
173 90.608602 11.523010
174 75.340233 58.147299
175 63.862045 88.603303
176 99.193004 81.611307
177 63.183291 95.763675
178 9.469741 77.461591
179 47.810473 85.842506
180 61.643952 75.225154
181 82.154571 35.749097
182 18.120336 60.259259
183 7.197291 26.710139
184 85.071227 92.987435
185 85.238591 69.855602
186 14.609153 11.751535
187 50.336964 79.787158
188 66.817199 5.898293
189 22.006077 0.654144
190 39.830426 4.941973
191 16.471767 91.267705
192 0.462021 84.100034
193 96.669266 62.711652
194 67.381336 73.446500
195 47.703343 4.213504
196 90.727795 87.132904
197 97.146715 59.537475
198 30.700826 81.287794
199 12.130639 6.107780
200 69.464826 94.481422
