600 600 120 COORD_PMED seed=20260736 source=pmed29
CUSTOMERS
1 69.137207 26.383261
2 45.332842 44.601668
3 77.773740 89.682766
4 4.145382 24.573007
5 85.387557 75.542799
6 98.048423 41.497384
7 81.912508 27.394032
8 37.197547 9.254743
9 37.705935 22.333567
10 75.518394 22.422085
11 88.628991 98.783982
12 66.212409 96.918659
13 91.111417 82.097371
14 39.380242 72.074490
15 60.391633 90.634950
16 77.587083 32.033298
17 76.805369 60.035038
18 52.344160 55.537890
19 73.195964 62.559433
20 5.385733 65.048072
21 90.896974 58.532593
22 89.273843 83.790142
23 43.332206 55.709427
24 8.692878 17.247899
25 32.190582 5.080260
26 75.198709 50.118909
27 23.029350 55.837332
28 36.936686 19.143044
29 38.088982 84.869687
30 41.545933 41.466018
31 7.686492 11.449685
32 91.216035 15.789166
33 53.078723 35.309836
34 41.771572 3.009066
35 84.640081 60.072344
36 33.851571 24.793633
37 95.832155 3.335427
38 85.935947 20.941175
39 5.604446 16.164175
40 15.747796 53.417246
41 74.579193 15.315881
42 45.666179 64.627757
43 8.618620 77.856602
44 74.256718 85.685567
45 42.068272 86.714445
46 79.730228 77.773932
47 90.936037 64.268028
48 56.548537 53.549789
49 28.976071 79.217813
50 55.646947 70.217050
51 41.766746 37.088902
52 57.323430 84.904319
53 63.902599 21.758267
54 44.433463 77.097774
55 61.916239 2.746832
56 17.795200 21.885942
57 22.182405 42.562967
58 52.343963 38.766886
59 33.754442 24.181177
60 11.698203 95.957167
61 35.157041 18.232906
62 25.701508 43.359818
63 87.058525 74.904913
64 36.691763 34.732595
65 76.659946 34.419559
66 43.640174 41.073182
67 53.836048 74.011303
68 5.927820 3.830929
69 40.144622 26.851817
70 55.234888 44.438058
71 37.423188 99.403105
72 6.417079 47.425494
73 75.870695 26.771417
74 90.711931 68.431103
75 38.469156 53.417685
76 70.256903 34.391827
77 79.486486 76.849709
78 73.879976 62.165431
79 31.917471 10.320468
80 19.711790 14.907582
81 13.316215 11.770167
82 6.656085 57.326114
83 11.831557 63.049330
84 78.220401 65.047798
85 0.003179 96.701401
86 36.621537 30.139476
87 81.532412 0.061285
88 12.790407 28.380953
89 76.191195 23.209456
90 31.078401 47.548425
91 34.543563 75.656186
92 31.469206 16.985327
93 85.489314 83.411802
94 19.809516 86.685613
95 98.362962 10.623886
96 30.501278 0.846248
97 93.456761 22.263492
98 43.643767 80.864019
99 68.549283 90.863115
100 93.729390 9.900744
101 31.576711 19.672281
102 87.550985 73.296572
103 60.972406 85.666250
104 74.882295 56.076992
105 62.533538 63.605034
106 74.843190 76.808966
107 96.701133 74.916759
108 61.028531 96.473881
109 81.583666 68.858733
110 46.710052 19.494732
111 49.758592 58.307347
112 18.805116 42.646875
113 26.578872 19.524458
114 22.818121 98.327121
115 85.968014 75.042893
116 3.299350 66.676604
117 13.859907 5.230246
118 82.686152 61.189489
119 21.164105 41.786637
120 59.607279 14.874526
121 98.111969 53.482290
122 57.327240 37.159680
123 43.675501 13.043274
124 1.339924 40.306956
125 48.007148 5.119650
126 76.363145 83.230989
127 82.178187 86.920680
128 4.227599 26.609491
129 79.340340 20.139110
130 47.183373 59.031865
131 36.247686 79.661259
132 23.504703 19.451823
133 81.934689 48.250950
134 19.868922 18.315278
135 68.242973 59.358773
136 27.676958 26.512943
137 89.777053 98.175270
138 13.793800 3.903376
139 72.878791 46.200809
140 13.774708 52.195608
141 79.697107 26.196405
142 88.186789 72.021447
143 3.998926 15.516456
144 92.248584 77.914316
145 91.491385 83.076863
146 3.008517 19.513010
147 39.274775 24.548055
148 66.773538 94.175533
149 21.906094 35.773542
150 88.735158 67.257188
151 34.885838 7.035572
152 25.130257 45.236917
153 73.113218 76.704454
154 6.263317 11.965570
155 6.890410 13.075147
156 91.439697 45.169870
157 39.864443 17.898794
158 31.349417 70.305892
159 35.885525 37.743211
160 84.588023 97.684991
161 53.984418 96.514193
162 44.587084 61.914641
163 49.573955 17.205411
164 4.444916 7.514934
165 28.421628 52.111365
166 2.406927 49.020467
167 53.861074 51.563466
168 88.425777 53.371542
169 8.795578 98.785785
170 56.783194 4.309741
171 87.035360 3.368378
172 19.177378 53.111993
173 15.566651 93.778414
174 91.659600 43.854408
175 95.387046 56.179019
176 66.108895 92.697636
177 84.253848 4.103257
178 45.062979 81.889356
179 31.257424 5.994604
180 18.019637 92.148789
181 78.699265 93.937441
182 73.242897 26.210194
183 89.934397 18.753796
184 60.644362 79.475731
185 18.915073 34.152722
186 81.811281 84.618358
187 55.452896 14.121906
188 58.722876 83.932790
189 94.315596 69.663349
190 54.662295 31.809234
191 40.900441 81.107061
192 24.938905 18.138937
193 49.014881 95.675065
194 74.077369 4.090909
195 77.756828 27.501905
196 97.104292 51.133061
197 78.983072 70.065959
198 68.403041 66.455174
199 38.567741 91.676038
200 73.030422 83.186742
201 72.348134 4.910042
202 42.980213 13.060836
203 5.776720 95.405756
204 38.472626 25.918330
205 99.205861 66.759168
206 29.124531 1.267789
207 54.567142 72.913884
208 82.401068 68.954191
209 41.856837 29.497004
210 88.082822 3.902073
211 86.080057 23.416397
212 47.373531 42.233139
213 97.976891 69.848979
214 92.010015 55.059400
215 50.295000 69.537225
216 94.646857 26.902801
217 3.614478 6.527199
218 77.696090 80.938138
219 76.042646 47.723531
220 90.217271 83.970168
221 36.143398 56.922195
222 81.733603 98.080553
223 13.381493 1.274288
224 82.641513 38.435946
225 61.099791 26.041139
226 54.038093 46.810614
227 13.527573 34.202888
228 52.345133 33.814994
229 5.182692 35.237043
230 11.748412 46.408001
231 70.179954 34.489025
232 1.650078 83.717105
233 4.815881 69.529303
234 44.116807 13.429592
235 71.471025 10.287364
236 51.814941 99.390061
237 64.468372 74.238987
238 87.911683 31.476433
239 17.684883 59.166737
240 82.449480 33.165099
241 44.378835 93.019993
242 33.077929 11.890057
243 22.298530 65.027276
244 11.997465 93.422877
245 0.418728 17.555824
246 32.133234 75.903985
247 10.164313 91.578347
248 6.569935 72.876413
249 98.734012 78.303380
250 77.927124 70.242373
251 91.987061 1.465153
252 56.896151 77.328762
253 24.368966 44.601791
254 99.086579 57.331397
255 1.046886 68.768516
256 12.095368 29.079164
257 84.580738 21.773497
258 78.630511 80.580955
259 74.879194 93.873299
260 47.511290 12.256073
261 95.507506 26.415038
262 52.653219 23.392745
263 77.877433 52.720544
264 79.478905 34.728003
265 84.464887 56.717575
266 63.293662 62.572650
267 9.241635 31.491693
268 59.923681 85.519242
269 21.248169 90.067432
270 0.386908 15.876015
271 2.960491 24.535756
272 31.131642 2.056386
273 23.016832 2.773606
274 66.214113 13.836338
275 59.195015 76.618131
276 38.745228 41.103137
277 41.934902 92.122234
278 77.511539 71.324399
279 73.877387 44.822609
280 32.049404 89.852415
281 84.945548 36.462127
282 72.986481 88.836893
283 97.867995 15.706463
284 10.461104 36.475029
285 90.168387 4.660145
286 29.165340 52.270366
287 85.760200 40.940892
288 16.737759 53.903589
289 79.147481 43.799755
290 3.545059 19.707100
291 11.660866 47.518190
292 29.668329 5.172127
293 44.742261 72.932737
294 77.686025 46.621093
295 7.597477 29.646441
296 95.807660 74.402811
297 6.123411 76.342661
298 62.370611 96.213295
299 9.020437 84.660632
300 48.117950 7.419502
301 71.159121 41.287085
302 81.347997 27.351603
303 32.554043 57.167639
304 15.986918 55.479605
305 5.332279 19.508567
306 91.927479 93.425136
307 41.034363 69.424364
308 14.700020 69.893989
309 36.870916 25.692029
310 78.416156 22.243282
311 35.561635 92.445275
312 71.263315 87.281435
313 75.747946 14.403998
314 2.210585 47.249662
315 1.065114 99.533524
316 9.927920 1.690926
317 68.420640 70.266764
318 14.718488 75.444082
319 95.738858 52.045088
320 55.095616 58.621410
321 21.653758 86.635970
322 61.831111 22.005457
323 74.894517 13.840361
324 41.030379 64.694731
325 92.771642 16.796796
326 31.863866 45.909255
327 66.106892 29.347628
328 9.232493 23.218142
329 68.847780 35.055377
330 88.408162 25.215839
331 2.506766 51.427191
332 77.811700 33.787031
333 56.959572 96.358082
334 4.500426 47.749240
335 39.091281 51.302433
336 37.979609 10.982783
337 55.760054 5.741691
338 88.626408 65.948751
339 55.993385 10.049358
340 70.266744 7.320569
341 62.297892 2.764472
342 17.115753 74.660333
343 8.369127 63.064997
344 46.426916 97.360396
345 20.440685 72.308116
346 62.263211 43.100357
347 25.917568 41.183872
348 73.008156 10.096162
349 26.761028 35.431106
350 55.724798 11.910994
351 38.633665 88.621321
352 27.965735 60.086492
353 49.890850 57.911920
354 9.829122 5.633268
355 28.864573 78.577658
356 40.761005 10.312126
357 1.055019 5.446893
358 1.162753 52.982242
359 42.582448 60.878801
360 74.826780 41.896715
361 30.501818 36.009263
362 63.904738 11.361947
363 13.635938 12.578803
364 70.065302 57.211234
365 68.993012 70.741737
366 87.077029 13.071290
367 92.897955 26.424451
368 62.165743 45.299311
369 71.222255 49.295493
370 22.379321 49.611521
371 31.412317 61.085354
372 61.549763 86.366188
373 67.767772 80.828039
374 96.965543 85.941283
375 55.314322 64.997143
376 88.418731 76.307947
377 43.018138 22.823630
378 82.524976 66.833187
379 10.334077 96.902095
380 62.303121 82.803573
381 47.474062 39.546216
382 9.744089 12.659992
383 13.726071 9.915994
384 33.858406 91.376728
385 64.685898 66.802213
386 70.496941 16.681395
387 73.784883 36.646769
388 23.332020 9.248298
389 6.709001 38.887697
390 68.242770 51.288011
391 46.201976 56.529507
392 13.967718 56.469659
393 65.114588 19.152806
394 55.904645 88.381764
395 77.479051 64.990619
396 71.089950 46.088721
397 16.411096 72.953624
398 96.044036 15.731404
399 31.815504 43.757373
400 31.043530 72.468183
401 47.845030 87.809466
402 59.494902 16.742135
403 17.815165 79.094090
404 76.822984 54.142998
405 48.450285 92.346288
406 28.840796 55.675349
407 59.182340 99.345854
408 84.819941 68.402640
409 83.303074 30.979900
410 75.501160 98.869594
411 74.671172 11.074496
412 1.967680 43.555370
413 62.361503 77.060903
414 44.209347 57.297834
415 9.747642 85.410362
416 36.024229 25.497388
417 31.702889 91.494060
418 54.162901 23.077154
419 60.297584 69.066188
420 37.008526 20.485262
421 20.852768 34.673278
422 42.548544 14.069415
423 84.338327 15.844599
424 33.817091 53.115002
425 16.635746 15.924079
426 7.808005 12.183235
427 78.571624 61.016216
428 16.651631 3.365370
429 78.520893 54.210224
430 45.455510 76.519744
431 61.974494 4.329212
432 90.509484 9.457986
433 31.866051 10.407898
434 16.863223 76.538700
435 52.462762 15.228303
436 65.621082 21.376526
437 12.613173 22.172851
438 31.396454 87.909407
439 45.466609 11.915111
440 89.324246 56.415647
441 90.195082 8.393878
442 13.548234 77.930869
443 37.433641 55.696826
444 64.819996 59.457818
445 93.267340 2.592629
446 35.819963 82.086405
447 85.766806 56.212011
448 45.755465 53.797862
449 31.689781 39.222959
450 27.992169 69.478729
451 47.922593 69.361754
452 34.707916 43.758314
453 17.472753 3.860714
454 12.670849 26.178429
455 97.793958 23.110422
456 88.864969 64.741671
457 36.479946 77.525435
458 16.313013 58.162607
459 75.613278 25.316377
460 79.995528 98.921858
461 69.412675 89.075341
462 29.303650 55.659905
463 3.347138 37.931823
464 40.184594 71.462405
465 5.478897 55.048450
466 73.075409 53.834021
467 99.620626 19.927116
468 16.300116 49.445455
469 76.041615 88.198926
470 72.798890 95.879596
471 49.178281 73.391051
472 47.517216 89.149394
473 75.772705 20.807596
474 45.635044 96.022662
475 62.329115 41.810205
476 6.857319 66.638189
477 82.699072 89.739832
478 54.231906 59.689073
479 18.367814 9.188532
480 16.613116 79.237460
481 81.542946 99.513941
482 95.733979 60.911525
483 35.877564 91.247778
484 60.319162 2.617055
485 10.036677 43.026992
486 0.669111 38.062359
487 24.966227 95.548380
488 32.520073 77.400467
489 98.658847 78.607236
490 65.476183 88.183230
491 27.619240 79.010100
492 25.676403 39.608007
493 68.931563 62.229886
494 39.245339 60.279020
495 50.001887 60.981246
496 88.243730 54.119471
497 85.224151 80.989775
498 12.876546 84.385900
499 33.162575 29.248886
500 67.607411 79.489207
501 30.616207 48.776030
502 16.046088 21.882203
503 67.118537 31.773902
504 47.720423 4.793754
505 8.355693 33.882850
506 38.451946 7.324081
507 61.373373 18.571122
508 63.972431 46.137025
509 84.522386 17.073096
510 92.660194 94.882541
511 47.455172 20.675841
512 11.544408 42.024749
513 85.833909 53.618841
514 24.265968 98.027243
515 15.690057 85.688180
516 19.638980 93.376279
517 65.739985 76.815024
518 17.426494 18.710213
519 91.049776 49.496220
520 24.498313 36.346972
521 4.921178 41.991851
522 51.189567 82.194922
523 85.985221 24.610118
524 66.332672 10.589700
525 36.641040 87.128230
526 57.059022 56.484858
527 18.662098 85.355872
528 26.125444 19.157031
529 88.897912 19.164868
530 2.495586 43.596003
531 75.576963 10.289225
532 26.383120 1.319968
533 54.137145 67.762712
534 85.581630 66.568847
535 90.363104 10.705556
536 97.959838 45.425179
537 12.212708 80.480104
538 83.261204 85.750209
539 42.102559 38.711522
540 2.559797 5.235990
541 13.396909 58.786588
542 78.439464 86.513029
543 24.620673 45.289426
544 60.586332 33.032930
545 63.912078 1.731822
546 91.064944 50.157972
547 12.031987 2.924727
548 39.521828 71.581313
549 60.445022 48.486245
550 10.861263 18.381261
551 79.026782 22.972782
552 88.771059 67.831849
553 76.084888 86.355439
554 99.890950 87.933056
555 68.595443 33.806733
556 41.323274 28.946366
557 57.955043 98.305301
558 0.062155 17.500048
559 14.205140 68.002519
560 53.821022 87.779510
561 42.391977 31.551466
562 85.759232 73.103948
563 90.667913 33.809242
564 26.832929 60.881035
565 46.741294 57.464657
566 19.212757 95.470208
567 35.284338 96.750989
568 96.781441 61.067383
569 31.445898 53.923570
570 39.109094 92.859170
571 85.237875 29.241990
572 75.405717 76.729747
573 21.150351 48.639380
574 64.875083 8.766594
575 42.130875 24.030156
576 13.184191 82.681432
577 87.581799 49.009203
578 88.301663 86.053820
579 86.937501 80.659947
580 77.996909 32.569456
581 82.700601 13.336304
582 62.219042 44.340541
583 53.823727 29.147496
584 97.469832 50.200056
585 42.342079 68.045434
586 88.284055 29.357534
587 49.493743 56.908540
588 8.946371 54.744025
589 27.396285 0.638462
590 63.211987 38.207808
591 68.757658 23.177327
592 69.457836 36.291858
593 33.948767 43.800498
594 41.414603 69.297155
595 48.529449 83.924494
596 16.515871 25.418252
597 78.265232 37.022872
598 49.471542 51.809250
599 94.112896 12.036898
600 77.189476 69.272200
LOCATIONS
1 84.084615 65.770301
2 24.568299 15.194244
3 73.846665 87.978184
4 69.620735 60.675731
5 42.515122 66.415253
6 86.084766 25.811180
7 53.284442 56.273675
8 28.238943 28.404639
9 7.618198 19.403979
10 36.374459 29.641569
11 52.123943 88.285150
12 16.318249 61.974285
13 76.472592 10.593523
14 86.902019 90.870142
15 0.196229 15.520841
16 8.817528 62.449529
17 14.850309 31.270046
18 88.391225 92.548532
19 64.419772 50.146120
20 13.833774 37.950352
21 76.550076 70.609021
22 46.453525 71.727943
23 6.024865 31.170157
24 20.765268 52.349223
25 75.581022 62.163919
26 13.550398 89.417717
27 54.766393 14.026539
28 24.258893 1.615741
29 93.478419 14.932092
30 67.876446 28.217893
31 37.185442 37.863408
32 84.431515 21.710364
33 84.190095 15.654471
34 5.408975 29.599932
35 32.757674 26.114007
36 69.415698 12.536006
37 23.330845 70.248933
38 56.729740 10.535308
39 32.112475 26.981244
40 49.736131 84.694678
41 54.164709 23.746548
42 46.390576 39.636574
43 48.028771 43.096803
44 46.163511 87.023233
45 96.526899 25.992197
46 78.722101 97.023005
47 12.503628 54.496456
48 99.717241 4.937891
49 26.747241 55.793639
50 76.946574 69.237474
51 17.096279 84.628073
52 58.911490 32.306584
53 47.073809 27.523390
54 81.085714 70.572361
55 97.009236 17.609275
56 88.078178 94.483644
57 34.607327 17.280695
58 11.306297 45.338564
59 27.466496 9.417121
60 62.155824 48.152230
61 25.564902 11.556890
62 88.318904 44.963294
63 47.128480 7.056790
64 78.489131 13.576163
65 64.585653 48.387276
66 10.500374 85.735478
67 31.710748 17.642828
68 74.485131 53.037932
69 50.063730 13.753253
70 21.653748 37.050872
71 86.541987 69.042711
72 32.147309 48.295733
73 16.629856 91.111542
74 56.721317 47.353127
75 60.649938 81.502577
76 78.369643 39.248911
77 53.671732 33.836385
78 23.491800 49.473072
79 99.925891 53.157112
80 55.916303 19.082163
81 86.476061 18.608369
82 2.566895 96.651221
83 77.682764 42.895188
84 88.054456 12.838119
85 92.129054 54.416888
86 45.919711 84.143088
87 52.199179 70.129837
88 70.781201 42.978903
89 60.525489 33.415707
90 9.680977 44.462627
91 3.488984 32.690256
92 87.474043 52.894052
93 37.882442 63.301417
94 40.065545 4.587027
95 87.799493 12.277203
96 65.631116 12.353359
97 18.473436 88.500489
98 57.454869 42.181678
99 39.413145 94.759219
100 77.001674 3.399818
101 98.842313 44.029516
102 71.515298 70.650308
103 40.005382 69.634555
104 28.594163 99.815912
105 62.592570 3.219124
106 25.364713 49.213834
107 17.500063 47.260029
108 8.722014 71.704459
109 28.658433 82.667828
110 80.495206 35.545548
111 38.382212 3.926257
112 21.375257 51.463175
113 33.782908 88.280565
114 34.198023 44.667565
115 35.098768 27.627470
116 0.844017 22.401896
117 51.039749 79.849511
118 46.789256 34.404787
119 79.619420 32.164067
120 76.677216 25.952461
121 20.850016 63.994700
122 56.124087 73.948027
123 86.080975 26.674463
124 95.513221 94.629197
125 35.481061 28.398640
126 88.422519 59.335391
127 92.814410 86.208183
128 47.527263 49.444417
129 52.465027 14.697204
130 42.979422 4.049599
131 15.022923 68.773599
132 3.842751 90.730159
133 38.373522 68.612803
134 44.968928 7.111546
135 46.434572 3.807092
136 65.376659 79.394340
137 80.462021 73.032401
138 13.527279 20.094695
139 13.227770 98.222996
140 54.486461 47.241665
141 93.774060 28.061611
142 13.691435 49.124648
143 61.723896 13.688118
144 62.654518 82.671771
145 57.672006 68.602871
146 62.014307 12.428407
147 91.113566 57.857378
148 95.821994 72.596254
149 50.210126 7.641737
150 54.819821 64.821357
151 43.272058 63.246952
152 68.250924 15.758056
153 96.317301 46.711671
154 70.854940 38.652791
155 26.167820 65.362500
156 84.363701 26.993666
157 31.852623 15.236443
158 26.800380 60.813906
159 14.706287 16.593460
160 87.426073 37.903809
161 10.154602 35.810440
162 80.695915 39.116587
163 56.286026 16.566973
164 85.871010 74.197358
165 22.623300 74.829939
166 58.977213 49.107412
167 0.196600 9.393071
168 39.388489 34.408978
169 17.915616 21.644809
170 40.193848 27.790704
171 82.972558 37.252589
172 39.653951 48.868166
173 16.414338 42.555710
174 88.554271 67.943057
175 4.060098 36.570389
176 30.839603 17.493378
177 85.018758 96.341363
178 41.921881 99.595764
179 58.054552 10.522989
180 21.727144 83.941259
181 96.210926 38.838502
182 98.447474 53.628989
183 15.495969 17.990054
184 89.193239 84.308475
185 5.703606 35.126178
186 84.855139 38.920648
187 20.778796 58.386046
188 85.323265 23.653592
189 91.570650 50.921780
190 38.554135 7.423453
191 57.706602 22.793826
192 63.460240 53.381125
193 85.418791 12.988890
194 46.269280 92.631226
195 6.038243 45.893109
196 79.520071 55.814837
197 61.903211 63.976568
198 75.933955 7.448475
199 12.397620 8.904154
200 52.791666 38.133897
201 12.433567 10.253265
202 63.676433 94.539745
203 41.236672 60.027159
204 57.716844 18.957355
205 94.003520 22.605443
206 71.495417 20.002356
207 92.311201 46.844919
208 78.313745 34.464160
209 96.897900 17.331338
210 24.801231 49.658635
211 1.537935 50.697822
212 53.032846 50.798429
213 70.427043 83.455152
214 58.980661 34.048578
215 79.361774 72.741019
216 90.869631 24.163112
217 50.122053 27.870214
218 22.509822 30.480811
219 79.505039 25.485868
220 63.166324 9.305823
221 92.353744 59.595913
222 66.288233 79.318489
223 28.246108 15.057829
224 53.421082 20.727511
225 98.539885 54.278080
226 33.564471 49.244468
227 81.023982 83.145273
228 59.329908 58.032878
229 63.167333 75.042674
230 32.948498 52.569193
231 57.927048 87.542204
232 37.046513 9.549776
233 93.802788 22.205585
234 79.651319 43.059319
235 11.125387 4.087734
236 35.124882 36.325747
237 0.459139 17.114470
238 25.979963 22.527349
239 72.068811 57.300092
240 71.937020 9.681967
241 66.513919 0.179769
242 78.571361 63.937322
243 61.399524 29.932994
244 7.621329 40.029098
245 11.007564 95.236524
246 0.881777 72.636935
247 1.257792 79.240209
248 11.565217 29.603823
249 93.906397 98.606041
250 72.307013 21.280242
251 26.884628 71.259546
252 36.103236 50.937247
253 49.934066 99.832905
254 7.299612 30.340419
255 16.693915 61.417854
256 69.320209 47.650840
257 17.668275 62.686620
258 0.604375 3.000386
259 43.286284 94.981325
260 99.318001 54.760287
261 83.890282 30.262039
262 3.380357 51.926534
263 14.944527 4.367157
264 57.095893 77.518881
265 13.398158 20.840706
266 18.873627 25.245076
267 4.694026 18.367577
268 10.166454 4.026561
269 54.777142 2.321337
270 22.927292 31.782370
271 72.218631 95.689427
272 8.125293 28.105810
273 79.618708 59.021126
274 46.609432 39.921113
275 49.316987 34.667889
276 5.413986 13.881957
277 65.184646 68.090253
278 46.178992 0.183215
279 14.107699 32.830120
280 15.661690 64.229475
281 8.087206 20.718043
282 0.860985 44.195035
283 68.815753 50.204375
284 81.230879 76.648564
285 59.833506 70.539930
286 94.155654 41.545309
287 96.557876 5.125207
288 51.787064 90.039898
289 6.391492 67.250310
290 80.045708 84.447024
291 11.424151 44.066863
292 64.215455 65.523206
293 62.168484 89.107578
294 11.975922 66.094478
295 44.291648 59.500877
296 75.566242 48.098595
297 79.429750 33.845026
298 7.952460 27.140790
299 95.647944 61.912404
300 25.304484 74.774155
301 25.143894 99.636642
302 86.948796 8.120901
303 82.835185 54.778781
304 25.933861 96.581922
305 23.548725 10.576186
306 59.000613 52.310575
307 37.057669 26.030202
308 33.582190 28.249467
309 8.776175 84.638161
310 47.577062 58.720176
311 66.239710 54.637728
312 60.002951 53.644498
313 55.783175 0.431344
314 80.113849 25.760851
315 23.166447 60.521737
316 92.332976 43.234465
317 63.931676 28.097297
318 16.677244 61.365880
319 45.465973 54.383192
320 41.763536 15.597961
321 4.015603 6.041748
322 4.245561 75.974966
323 17.392979 45.848662
324 53.490648 61.756582
325 26.042988 82.329585
326 22.515937 91.193365
327 8.914841 83.435688
328 52.452551 24.440981
329 52.051927 27.758389
330 83.188339 10.269634
331 69.226856 54.081675
332 73.336924 75.680288
333 0.752106 82.298348
334 11.896702 44.565645
335 15.855087 84.631880
336 97.035264 92.794064
337 99.349275 30.704690
338 47.968820 59.526433
339 35.601191 7.305544
340 26.925245 60.870247
341 1.416933 27.565965
342 14.978267 13.112684
343 60.049389 74.269939
344 8.988636 24.060068
345 28.362351 71.638502
346 29.033639 91.639747
347 18.393528 79.876049
348 39.872221 55.044334
349 86.920605 91.113290
350 73.858320 56.195589
351 70.703651 6.626339
352 19.033728 36.109497
353 1.468098 89.769487
354 47.300587 80.602652
355 10.382062 99.940060
356 24.155264 81.143789
357 69.116348 26.525067
358 83.223954 59.803453
359 2.498089 55.881390
360 69.690051 40.775422
361 21.064785 75.058950
362 46.163776 71.270187
363 23.504900 1.281622
364 78.441281 97.210571
365 71.296326 93.522096
366 0.762608 19.230491
367 23.590874 91.625360
368 57.520121 21.302111
369 30.631939 31.688304
370 37.588723 62.047921
371 26.560764 93.192243
372 35.206706 26.423002
373 26.473831 53.462855
374 8.311589 93.235871
375 72.782603 39.495764
376 61.059372 19.819480
377 48.031677 7.866082
378 97.037781 18.114467
379 39.074239 30.219995
380 17.079014 15.223886
381 14.563641 72.156975
382 1.165719 62.385925
383 98.901909 34.286880
384 59.848034 70.530044
385 34.861875 37.149838
386 23.037681 82.048141
387 53.866839 29.590125
388 16.356548 79.546509
389 95.219452 86.084763
390 25.328594 56.193891
391 14.353207 10.157512
392 62.183419 52.385358
393 42.391616 89.406402
394 58.691306 83.772156
395 16.284006 19.932310
396 89.196621 3.430190
397 24.510420 59.110354
398 2.433857 41.562780
399 89.465107 61.394955
400 33.916593 43.975327
401 90.720245 81.775381
402 91.765009 35.801754
403 52.871418 60.254123
404 5.388630 12.547686
405 14.636049 47.420973
406 93.085153 21.209783
407 70.602319 95.957521
408 96.835447 64.290109
409 71.517990 97.534007
410 1.130606 5.572565
411 63.474386 55.434718
412 96.942606 75.707745
413 22.707758 71.769221
414 78.933571 44.978582
415 13.085571 80.542545
416 42.480548 38.862677
417 67.569639 2.888618
418 9.859751 98.415968
419 4.593864 29.664030
420 35.470494 51.369149
421 81.660541 93.626476
422 72.155976 61.357004
423 1.796835 80.761589
424 49.133358 54.198708
425 40.642064 14.373223
426 8.535507 36.149064
427 16.569686 9.246087
428 78.894487 5.927438
429 65.464177 96.427030
430 60.326740 50.940497
431 60.774067 38.580843
432 30.560073 85.355346
433 45.407265 7.009408
434 51.800928 69.899861
435 48.613083 20.257933
436 59.006456 88.859165
437 62.836261 45.225090
438 58.748771 30.430976
439 5.306549 56.139597
440 24.711465 93.409153
441 7.095334 70.360773
442 66.258874 37.023448
443 37.975205 35.609019
444 68.061984 43.684705
445 5.286790 51.218267
446 55.820051 66.230460
447 84.911765 4.201565
448 47.289494 56.494657
449 30.077875 73.027886
450 2.854851 11.914216
451 41.129225 91.800883
452 88.590438 62.391373
453 43.891152 42.451279
454 65.979642 33.601802
455 1.375207 64.659150
456 77.135481 52.251839
457 55.109992 47.799636
458 55.509020 51.214800
459 79.532393 44.864700
460 6.443486 62.998072
461 14.717676 46.323840
462 89.315844 47.410340
463 94.241273 12.670944
464 39.786862 70.796015
465 83.400709 89.650023
466 34.213977 52.999904
467 42.582026 23.132757
468 14.801045 74.457044
469 72.715296 73.909327
470 43.698942 66.549914
471 70.044307 49.205671
472 82.757918 72.978076
473 11.046175 77.604196
474 60.350255 63.682264
475 40.357014 62.481423
476 66.454800 46.341909
477 54.989165 68.724090
478 46.184317 70.232285
479 24.378123 2.063616
480 29.857142 88.239266
481 67.946336 78.025720
482 18.915011 26.549940
483 45.702012 23.317516
484 17.972744 19.006460
485 68.332918 84.854552
486 45.395043 49.308482
487 73.727901 53.785648
488 29.376161 37.560399
489 9.811326 61.453972
490 91.783161 83.504111
491 92.610880 26.521718
492 56.095387 93.619122
493 74.660129 37.125166
494 65.425233 12.207335
495 98.296578 81.897200
496 51.824464 38.145998
497 55.704600 64.426349
498 47.950998 8.246183
499 38.045836 1.713178
500 57.320708 88.139756
501 87.740761 91.080442
502 42.009281 82.235273
503 99.993969 3.850964
504 63.234461 36.871841
505 26.776950 86.975279
506 68.907874 3.781236
507 3.229013 36.826331
508 76.497279 36.627699
509 80.582921 7.067658
510 93.416042 85.487581
511 46.982546 65.739220
512 62.911427 14.700972
513 25.569197 4.194157
514 23.189952 19.995464
515 40.074818 73.650787
516 57.775508 55.104832
517 62.955967 93.009322
518 42.760761 90.335166
519 68.484455 84.765883
520 54.588131 66.405782
521 75.136417 89.292435
522 47.300754 73.354323
523 66.571650 24.069369
524 48.734668 90.580490
525 78.613652 49.178027
526 30.710059 6.328039
527 37.242737 14.793949
528 40.626545 78.778160
529 59.001181 77.886943
530 55.150742 97.356781
531 75.122026 0.580250
532 41.293238 66.004762
533 51.858678 82.668982
534 23.867611 88.695211
535 54.176361 47.552241
536 12.784569 46.255523
537 77.347676 44.570829
538 57.742860 52.134597
539 76.812540 64.977987
540 43.315857 71.741736
541 85.244882 58.567466
542 49.369750 26.947993
543 81.449695 20.632077
544 50.202096 59.350727
545 81.582429 55.838608
546 54.980383 57.109049
547 38.863022 23.064693
548 51.850563 62.010989
549 53.903707 49.243275
550 41.579731 64.329271
551 7.199837 38.706695
552 76.708370 4.543845
553 29.196832 70.830013
554 84.998946 15.288950
555 2.529051 5.302376
556 8.106841 58.248375
557 27.459179 60.042917
558 3.914503 18.662417
559 72.806656 88.114865
560 39.480180 25.236818
561 75.738010 55.251766
562 45.992554 44.735866
563 66.850524 24.831483
564 14.487496 49.296277
565 23.193021 46.638397
566 10.495175 66.445687
567 81.874579 82.933616
568 53.480521 40.820360
569 48.361125 50.434588
570 11.375303 14.092733
571 85.862926 86.246719
572 75.926735 88.300055
573 17.831760 14.096845
574 18.758595 89.641682
575 96.422037 47.399444
576 6.131300 71.091852
577 94.827235 96.681315
578 32.644937 68.687302
579 17.533385 8.326124
580 47.299699 2.526468
581 4.926766 43.932190
582 61.127134 29.532040
583 96.433564 29.572277
584 97.554287 44.472072
585 37.799325 86.698152
586 21.882828 76.141425
587 87.605021 66.091513
588 38.266392 14.654186
589 25.907966 28.730013
590 27.742602 3.594414
591 74.273527 70.606226
592 51.789089 62.875841
593 0.483712 28.126771
594 85.167745 48.898246
595 88.658624 51.728446
596 93.227663 82.062357
597 68.077316 82.348403
598 53.467811 27.395635
599 71.056271 81.104214
600 26.948519 14.857869
