200 200 20 COORD_PMED seed=20260715 source=pmed8
CUSTOMERS
1 12.024235 7.150814
2 60.062836 98.934847
3 21.746804 79.524043
4 24.124728 3.492301
5 13.259433 63.908130
6 84.429341 14.653291
7 85.104022 60.789496
8 61.153603 69.115708
9 24.465917 41.264437
10 32.884699 29.101253
11 71.439155 98.798288
12 21.469192 53.489177
13 97.248921 15.629474
14 96.416557 2.065877
15 15.284724 89.520599
16 16.396285 85.293287
17 47.790136 5.491834
18 77.783784 8.048125
19 37.454866 9.092293
20 61.723479 72.657885
21 32.236307 57.743197
22 27.620278 5.851987
23 53.242994 52.689871
24 89.147515 9.817359
25 36.675858 34.478530
26 51.854878 52.738204
27 70.354504 59.868931
28 49.963869 89.851666
29 64.685573 94.784030
30 98.509128 62.871285
31 16.770977 85.532241
32 88.501925 50.411407
33 11.793515 18.761453
34 81.232569 72.120422
35 5.233726 8.145318
36 2.691159 29.202646
37 29.018463 94.007740
38 12.143276 60.658015
39 66.260267 69.012890
40 45.379718 59.740041
41 35.088001 42.075349
42 56.578762 69.024084
43 16.403509 71.708075
44 30.233250 90.792662
45 23.589012 57.070914
46 34.094843 96.998764
47 28.116917 47.431793
48 53.884928 59.760928
49 21.702052 33.601349
50 25.037820 50.144753
51 80.171489 28.421827
52 25.274343 93.347643
53 89.846168 91.556797
54 25.793572 89.633334
55 34.036727 95.058211
56 90.647372 83.403317
57 67.429583 21.344380
58 48.260701 44.274486
59 48.340854 78.225420
60 71.441988 65.408177
61 23.260502 80.125873
62 25.807225 56.777211
63 56.477882 86.815233
64 96.417219 77.439748
65 24.927018 66.983143
66 21.883270 80.022072
67 74.916265 45.990925
68 18.653430 64.326225
69 54.750046 60.223992
70 95.293830 77.197853
71 87.225060 4.944937
72 52.229285 23.651055
73 39.310366 53.536298
74 11.414986 37.710429
75 29.974553 78.405566
76 8.580822 24.007830
77 94.205219 67.573058
78 23.598840 19.827951
79 29.506084 5.258673
80 56.865757 90.361889
81 52.418522 71.647924
82 5.164636 95.802135
83 79.848802 35.912414
84 18.221070 1.715847
85 78.291594 75.448912
86 64.023019 43.069119
87 79.381763 39.380528
88 53.668759 39.854371
89 94.200812 67.725196
90 93.398004 71.040718
91 3.217602 92.513853
92 76.093076 91.769535
93 1.271482 78.946543
94 8.201981 76.808552
95 78.613761 86.476110
96 66.928904 49.214866
97 42.823587 1.281443
98 70.117488 71.080268
99 42.207936 80.674748
100 24.001379 4.520737
101 19.869013 26.888767
102 22.614090 32.428455
103 25.107415 59.937463
104 85.299353 74.368797
105 86.032031 12.040096
106 18.948740 6.419733
107 16.818817 49.546163
108 19.531767 7.212301
109 73.589469 35.902190
110 45.879110 10.377487
111 21.492774 49.499238
112 92.426214 66.382422
113 96.083096 55.526341
114 46.000963 70.864828
115 4.221172 61.805989
116 32.898182 92.539046
117 55.364362 29.392550
118 47.974209 15.442736
119 86.030662 22.498992
120 51.471660 83.520920
121 0.041604 65.286121
122 76.365457 97.087865
123 36.641186 81.909802
124 42.773003 54.257793
125 38.592104 63.087447
126 66.614357 5.291249
127 24.678138 23.639494
128 33.421523 78.957766
129 30.891199 99.114225
130 86.256400 25.961395
131 12.704183 87.919572
132 21.129425 45.555598
133 89.945452 70.723715
134 20.533531 75.754029
135 6.339748 44.357919
136 94.459397 30.322542
137 50.792753 67.840609
138 9.603699 59.006310
139 55.222350 13.122622
140 84.443610 26.260492
141 83.059736 23.697592
142 0.779439 38.170125
143 83.460143 3.579913
144 1.146682 87.674893
145 53.441861 94.399061
146 77.738468 49.909926
147 32.040887 31.821147
148 16.461257 67.202316
149 54.407838 32.258082
150 34.288352 19.499357
151 28.295644 96.735824
152 63.728869 87.832862
153 5.465427 55.639758
154 76.662801 21.587628
155 56.130798 90.108596
156 60.244494 19.380339
157 53.759927 20.122313
158 38.111713 41.605190
159 26.684721 81.274032
160 11.059745 36.693041
161 11.412592 92.279608
162 96.511375 11.312889
163 28.798016 91.662237
164 36.720617 2.132336
165 99.080732 74.145577
166 32.869971 94.451991
167 88.413660 25.408383
168 17.570996 93.168928
169 98.610902 79.619682
170 81.355495 73.199199
171 81.764343 51.458747
172 54.339651 88.645486
173 88.322593 23.386910
174 79.711872 2.219228
175 59.029771 94.967237
176 98.147721 80.683893
177 77.947431 12.361532
178 34.841094 90.962945
179 80.884483 55.217553
180 58.180705 49.735235
181 63.986028 27.063645
182 54.908804 85.503256
183 66.980602 46.672533
184 39.867704 29.886909
185 2.679240 56.983417
186 57.428359 16.920068
187 91.611150 59.604035
188 70.310030 36.729436
189 78.869072 12.767433
190 12.848137 35.242908
191 50.877501 87.832230
192 42.258937 59.236352
193 17.141022 45.361713
194 27.232808 66.506992
195 11.872357 12.875703
196 34.084018 68.983973
197 65.160200 51.080180
198 35.148768 93.076226
199 66.145602 24.566680
200 43.338367 43.144579
LOCATIONS
1 34.947914 62.376704
2 44.668027 54.052547
3 47.459430 81.261387
4 43.853641 73.422849
5 14.246964 0.515822
6 15.768094 73.718368
7 64.541570 7.830959
8 24.335540 82.351962
9 38.048277 90.251598
10 18.216490 11.284833
11 12.675499 94.126369
12 70.611799 56.522688
13 8.024509 55.028363
14 20.057505 31.678426
15 90.878610 24.060179
16 21.937858 10.584059
17 64.909395 13.420273
18 56.383373 86.013970
19 67.000247 90.394546
20 33.691421 28.132952
21 12.155880 89.812982
22 92.229621 65.553918
23 35.622795 78.263175
24 81.378751 96.549505
25 82.283511 73.622856
26 90.056516 31.567818
27 73.898976 24.269179
28 47.005725 9.640873
29 20.980644 59.213229
30 78.235020 50.243314
31 30.179041 27.314181
32 47.275777 8.704885
33 22.755684 65.297200
34 53.662100 16.258352
35 69.920726 55.442776
36 28.560286 79.011159
37 15.201920 38.155056
38 92.505534 94.327571
39 48.841669 67.005134
40 12.684275 59.913258
41 96.215868 80.076868
42 40.864133 40.911546
43 6.325998 19.114335
44 10.038986 5.451319
45 62.331687 62.492967
46 31.223423 78.134746
47 26.096211 4.712781
48 20.170096 54.253010
49 68.114996 75.662454
50 16.214338 51.953174
51 42.211455 90.840755
52 15.724573 99.230522
53 12.312514 56.283902
54 11.420945 63.257600
55 51.886128 64.378459
56 79.175821 67.471904
57 20.019988 87.920038
58 48.242152 27.136520
59 29.548990 57.496498
60 6.107379 49.271880
61 10.232218 81.379284
62 83.835451 64.883686
63 11.827018 44.367853
64 78.229927 26.548247
65 89.447261 84.482650
66 86.027628 70.105873
67 91.457750 21.590044
68 65.292647 23.231473
69 37.474377 96.088984
70 99.034774 71.494747
71 42.490840 79.785727
72 33.864964 84.992116
73 78.093238 52.992274
74 44.898345 70.543205
75 71.518255 85.049624
76 72.156702 2.662478
77 24.092920 83.943550
78 13.051274 86.377882
79 3.885623 68.611352
80 55.468925 4.153703
81 8.384770 98.146300
82 7.807969 40.805297
83 62.447404 47.157349
84 19.716493 44.928865
85 2.424085 87.524297
86 48.050326 62.099049
87 88.502345 70.390802
88 52.814824 33.619840
89 10.133117 42.376888
90 50.854550 68.312809
91 1.563417 66.842159
92 30.742120 98.645858
93 64.443044 30.329586
94 27.354599 86.731437
95 26.005922 31.449942
96 5.085546 70.266116
97 7.083304 47.989373
98 57.073597 22.279518
99 28.236098 38.672992
100 58.454015 29.324838
101 45.832650 8.127544
102 18.422143 88.288434
103 81.679152 80.891620
104 98.933931 49.661928
105 6.804124 27.397971
106 1.872421 17.363906
107 57.612578 33.522483
108 30.982831 41.037049
109 75.170548 36.267527
110 61.326951 79.557650
111 74.368478 80.060724
112 95.138835 80.256545
113 95.638972 65.158442
114 4.707445 42.482804
115 83.479457 4.913316
116 53.947952 60.012206
117 35.174102 12.281224
118 80.198901 51.656621
119 17.746826 87.861654
120 85.911788 68.388103
121 84.479732 66.379083
122 16.074286 27.823321
123 6.423943 44.682472
124 25.189740 61.408590
125 51.477946 12.524607
126 20.446395 0.513517
127 50.773050 9.498423
128 0.340926 51.779214
129 91.982952 35.217536
130 55.254569 46.740935
131 48.213182 49.572935
132 23.314193 31.833645
133 53.594727 17.026159
134 95.113035 95.314068
135 74.352136 24.140176
136 89.252615 65.669781
137 67.466232 80.975447
138 62.754629 71.705567
139 89.325903 13.569813
140 29.096236 21.339147
141 89.526090 82.260811
142 11.798440 12.861010
143 73.304598 20.365906
144 77.623552 79.515333
145 28.437644 85.424350
146 16.081996 14.497821
147 31.560651 58.711290
148 86.696539 30.588830
149 7.533862 44.883034
150 47.462190 97.618540
151 75.616673 33.083895
152 32.123089 33.686305
153 37.299201 66.801742
154 30.591748 24.120916
155 82.404735 68.434773
156 35.547892 62.203440
157 22.362888 33.703066
158 65.177010 61.961113
159 11.183887 12.130411
160 77.427473 71.178282
161 38.525625 25.494812
162 65.647830 3.298384
163 79.150777 18.775586
164 87.685855 23.226698
165 87.101064 1.996714
166 88.253223 11.149801
167 89.553289 47.285826
168 27.929251 43.864885
169 79.848121 21.413130
170 83.036809 70.894766
171 28.859516 73.405155
172 12.429569 30.657890
173 63.122153 9.070009
174 16.510587 19.748025
175 40.629660 7.774611
176 62.836609 82.930764
177 8.069081 92.263592
178 34.432455 92.222462
179 99.313347 27.761088
180 96.300477 36.631792
181 82.227173 39.736788
182 35.146530 37.357494
183 56.029991 32.702558
184 98.048678 11.109641
185 49.384457 50.379174
186 37.646482 40.531958
187 61.265849 10.808393
188 91.308333 26.564200
189 55.909571 74.573438
190 12.751597 1.008653
191 24.003772 56.228313
192 21.401281 10.436957
193 15.092233 56.376225
194 4.531513 55.823210
195 61.106612 81.841860
196 64.127387 84.949930
197 25.690265 93.651248
198 15.259506 9.171715
199 53.342035 53.278181
200 94.812922 84.662949
