300 300 100 COORD_PMED seed=20260722 source=pmed15
CUSTOMERS
1 54.768853 40.083844
2 40.021819 5.284660
3 99.065088 7.957650
4 83.303143 57.844545
5 41.068667 86.876890
6 13.500424 50.643775
7 37.259671 97.102074
8 93.781844 17.869657
9 97.816815 27.667983
10 14.553187 38.000169
11 85.230588 74.147301
12 45.167235 67.099795
13 40.560542 45.896741
14 40.653390 86.180598
15 75.055855 11.507507
16 54.283448 96.933343
17 97.108117 33.844177
18 84.180579 97.376924
19 24.279944 90.548884
20 76.474773 27.985544
21 68.470890 96.593232
22 26.277895 87.179637
23 31.687271 38.631204
24 23.600033 85.465048
25 2.327300 68.911655
26 63.712704 32.280383
27 67.915777 97.238685
28 52.389913 35.599455
29 81.698179 41.012467
30 93.182480 81.948983
31 97.567907 25.095545
32 26.184938 2.869692
33 60.763218 95.112592
34 94.508079 54.807668
35 48.703054 90.705692
36 23.349709 77.532271
37 68.681932 63.491489
38 27.787876 34.109555
39 90.507089 37.941871
40 80.069575 40.435005
41 10.331311 99.644707
42 68.187250 82.914667
43 7.163220 95.369520
44 79.899312 31.026470
45 6.864252 7.855532
46 77.410257 53.464425
47 68.128672 27.400086
48 87.746747 61.106094
49 76.788464 18.738325
50 73.809102 42.733609
51 69.162683 68.394238
52 39.233647 70.768751
53 69.934264 92.379977
54 95.389551 62.501616
55 13.610289 17.431846
56 96.431439 28.913526
57 74.133209 49.140998
58 6.603955 81.190821
59 47.989991 83.093002
60 88.797202 75.336037
61 59.383228 69.147613
62 81.782656 73.228880
63 76.545312 71.730713
64 33.968421 27.070537
65 95.443106 96.915321
66 29.245118 70.336055
67 98.601071 85.932564
68 34.341661 95.017954
69 2.381050 67.816043
70 16.173943 56.791006
71 92.751018 5.739277
72 61.560941 29.521389
73 23.960907 93.517996
74 59.038185 26.971031
75 83.816369 42.298323
76 13.450332 32.901935
77 30.687032 92.204678
78 89.477250 98.772429
79 43.858161 65.306886
80 26.341576 23.805329
81 84.280271 69.236296
82 27.772048 38.823566
83 67.578078 83.545296
84 61.106693 34.051854
85 41.103723 42.847348
86 49.782272 88.074787
87 29.506746 10.088633
88 67.479023 90.120548
89 13.715492 29.121715
90 93.020606 44.563503
91 64.192569 37.582047
92 7.521696 97.483641
93 59.412086 87.858013
94 69.125958 66.736625
95 93.177839 18.638485
96 89.035375 65.301646
97 87.381553 92.314348
98 46.799879 65.065036
99 36.445368 48.031496
100 82.688575 57.849715
101 89.174893 24.396874
102 15.283676 67.255902
103 63.284689 47.340764
104 42.710666 42.709379
105 5.155544 76.709706
106 32.611408 28.601150
107 18.248661 31.273409
108 78.927016 29.305317
109 35.733400 26.545693
110 96.279656 35.352708
111 10.307258 28.143754
112 91.852071 88.812400
113 81.454906 47.549694
114 75.339023 92.523906
115 93.245385 71.270199
116 79.329024 85.671858
117 15.739114 28.378530
118 82.806109 8.295195
119 54.179923 23.980909
120 92.091092 42.128420
121 4.716122 31.132482
122 78.150085 57.359018
123 88.105862 81.811815
124 87.623261 70.857927
125 21.843037 5.920631
126 87.926418 42.332834
127 60.906709 96.048244
128 14.891716 88.569216
129 67.685963 52.952816
130 64.268987 34.792561
131 41.536635 51.826766
132 73.558498 36.061115
133 58.397927 98.029303
134 38.009060 98.053244
135 50.627645 91.463803
136 15.546320 60.975874
137 76.788898 79.594355
138 15.321973 27.710873
139 12.275336 27.583365
140 57.969759 60.526279
141 56.703813 45.613355
142 22.417259 66.562136
143 21.719656 76.189101
144 48.715852 49.839395
145 83.059759 67.915528
146 81.772183 97.137342
147 21.531036 4.063089
148 16.302793 26.238623
149 84.748675 92.420520
150 50.040355 87.791733
151 87.481656 32.336064
152 44.460162 76.603357
153 25.930337 37.630392
154 79.425161 53.014879
155 12.361373 38.550288
156 14.834448 56.020680
157 2.564328 37.422173
158 76.392244 96.049210
159 92.598922 66.397591
160 84.580884 99.113631
161 92.409414 51.151080
162 57.469892 51.685225
163 61.714644 53.532098
164 84.297727 41.045513
165 4.468177 89.332521
166 58.743585 64.024531
167 38.383754 47.800087
168 83.173699 72.182164
169 55.772875 63.995829
170 10.639416 43.703858
171 67.891241 69.919612
172 85.179522 51.486509
173 12.535297 18.400948
174 49.186031 36.205099
175 70.994224 52.417915
176 88.093862 11.340390
177 70.673930 80.462724
178 10.505765 80.135162
179 71.983464 45.625818
180 49.884865 1.850592
181 34.931033 27.747992
182 76.658109 86.932301
183 28.296664 60.017873
184 97.592329 64.091220
185 90.834170 60.896339
186 3.677424 16.328936
187 91.127615 19.902582
188 29.022024 28.045514
189 54.328054 32.781369
190 16.523867 92.832452
191 35.721678 42.734055
192 79.985335 33.045889
193 51.914058 81.656742
194 98.080287 22.645346
195 99.888936 72.888357
196 57.079354 38.387540
197 82.469376 76.575471
198 34.451238 29.756842
199 29.392602 2.855984
200 59.953442 33.779226
201 6.869385 81.548334
202 28.191356 0.262261
203 36.659717 65.390592
204 37.189308 77.693014
205 93.264774 63.486132
206 73.854321 93.085478
207 40.802093 51.009021
208 20.966140 57.453925
209 54.732528 95.664534
210 24.114566 94.382108
211 3.372166 51.517633
212 10.805677 46.235924
213 32.934482 37.218741
214 50.420005 98.140847
215 49.384573 61.259609
216 90.298565 22.020902
217 71.027520 35.385720
218 0.660270 27.448761
219 58.271770 21.074254
220 65.041594 27.284643
221 36.040524 11.453683
222 68.662648 5.643109
223 13.244898 40.799318
224 40.298803 31.026125
225 62.029384 50.974310
226 57.926918 60.913526
227 48.702065 92.166097
228 17.986612 75.184848
229 47.489123 8.274591
230 97.442267 66.003052
231 10.089541 45.214146
232 92.528342 5.748298
233 78.174133 63.248225
234 7.766193 51.237897
235 53.844187 88.456162
236 58.642467 36.906128
237 82.064610 86.107985
238 21.956090 43.491656
239 80.213824 62.474556
240 13.482855 40.239634
241 40.646266 74.474341
242 80.702082 17.776382
243 0.651695 68.417898
244 28.790526 14.033398
245 8.505253 71.173934
246 28.657290 71.843964
247 41.591742 22.792663
248 29.778632 53.479765
249 96.122838 5.412334
250 48.204414 4.315950
251 24.403695 46.029828
252 11.820034 61.681809
253 84.658098 68.057799
254 77.338820 17.057992
255 53.407363 90.856805
256 20.296674 61.172047
257 24.376478 96.543727
258 31.546726 39.884650
259 51.562950 11.297961
260 31.705149 51.186292
261 88.234156 36.993593
262 74.681345 80.432244
263 83.328171 62.190297
264 73.955579 75.990692
265 15.508948 42.855163
266 72.002781 7.117541
267 90.131055 98.315845
268 82.079865 87.938411
269 7.303365 60.311734
270 12.509913 91.750038
271 42.247032 5.719877
272 25.620595 38.406768
273 41.794887 54.057616
274 78.600119 76.752972
275 91.271734 5.300677
276 92.291473 43.674456
277 52.177936 77.505219
278 51.431377 9.678573
279 22.549856 5.467986
280 33.824911 36.867906
281 82.541073 21.362193
282 66.138967 88.658875
283 61.501805 66.494088
284 20.327624 69.043921
285 72.147063 85.732254
286 12.450701 86.803880
287 37.640480 32.170705
288 75.044741 26.867786
289 83.386427 19.590996
290 18.469101 79.719524
291 10.381519 48.166118
292 58.266864 67.496145
293 80.768894 72.257084
294 72.362416 70.708868
295 90.063059 73.197635
296 85.039814 16.806752
297 89.933567 20.690432
298 75.046481 59.008833
299 55.575262 26.576715
300 65.105535 59.142730
LOCATIONS
1 16.860719 96.003134
2 17.784053 13.038911
3 23.119837 58.906633
4 54.075838 39.036843
5 21.048710 18.660408
6 6.313993 21.343940
7 70.842017 70.629706
8 33.294168 0.111677
9 48.266632 39.417229
10 41.314551 86.002034
11 81.238104 39.448379
12 41.897783 91.195097
13 24.327431 21.612631
14 36.588680 81.259203
15 56.461400 68.276440
16 94.642730 52.098243
17 53.259750 29.298475
18 44.875156 39.053663
19 5.429097 1.649402
20 95.524543 33.972314
21 11.933846 21.413687
22 32.629188 88.640869
23 9.526184 42.939377
24 20.370621 51.765257
25 89.483478 40.051120
26 32.065955 26.141469
27 84.816321 37.366716
28 10.156456 91.442058
29 3.503643 96.792981
30 33.737506 43.540440
31 62.827465 3.532800
32 87.197232 60.315944
33 71.505102 11.551738
34 19.815503 60.938027
35 77.768295 15.966189
36 45.707099 45.621314
37 69.671547 19.804536
38 75.384427 32.776594
39 24.885549 27.497219
40 84.519219 2.857639
41 86.888948 24.747793
42 69.090133 71.625298
43 69.294464 92.763100
44 95.472632 28.511294
45 44.014699 44.862143
46 28.252972 25.114985
47 94.225510 59.970874
48 97.107200 47.815185
49 74.069984 47.564868
50 1.957356 82.716662
51 42.606630 76.514073
52 26.932853 49.200370
53 86.370204 49.274973
54 71.547247 22.613395
55 79.818415 7.141031
56 11.087147 60.000662
57 74.682267 69.935472
58 97.699429 4.709543
59 42.398519 99.224605
60 64.902778 76.385113
61 11.484041 5.635926
62 38.298759 33.611572
63 14.194736 12.338859
64 92.948130 44.758910
65 8.030116 34.464477
66 23.387763 31.116594
67 50.662777 95.166489
68 80.281382 96.386713
69 56.816466 86.691917
70 2.836644 61.327856
71 93.858505 56.776946
72 68.516078 6.661899
73 64.319202 13.353768
74 25.427707 82.678734
75 96.363787 57.314790
76 79.162454 77.497525
77 93.379743 83.207729
78 90.466705 41.003616
79 47.897298 85.531461
80 10.819925 64.087097
81 2.087048 33.223422
82 50.074585 74.412728
83 61.920861 20.284294
84 83.871589 53.794675
85 91.544064 2.328474
86 92.795752 20.334303
87 3.611354 48.058462
88 39.673690 55.725911
89 23.928637 74.491297
90 86.218338 62.346993
91 83.934385 72.294781
92 48.034884 91.336246
93 24.923403 11.867633
94 55.163955 36.385150
95 15.103781 73.082175
96 23.165700 30.540851
97 57.268326 3.869165
98 27.817556 81.855001
99 8.022615 52.581973
100 75.180440 32.976053
101 71.319734 78.605540
102 22.186039 22.411451
103 69.803845 10.277161
104 61.484247 72.313484
105 34.515029 67.924196
106 73.855079 32.727140
107 14.676480 25.085186
108 39.382754 86.326945
109 77.456024 90.176799
110 28.986590 65.228951
111 30.697398 81.567889
112 76.509599 62.505653
113 67.881200 61.246119
114 27.129840 50.506130
115 96.177689 95.909743
116 7.079989 30.346190
117 79.094428 53.051950
118 35.376344 51.636942
119 94.179122 36.506070
120 51.417086 34.389385
121 39.910781 46.105726
122 49.701840 76.860939
123 17.413616 61.999166
124 63.685273 71.166552
125 77.007845 3.184490
126 74.369938 3.698569
127 78.759446 61.628163
128 0.885823 29.953531
129 34.822558 63.442139
130 86.927797 97.018886
131 68.308939 38.800531
132 57.874742 17.678024
133 69.266735 78.888242
134 78.970768 12.337070
135 77.230517 91.327034
136 41.716542 0.347617
137 37.737083 49.662523
138 43.611188 97.088292
139 72.082299 30.712028
140 11.107615 37.617317
141 83.975019 74.292514
142 86.958073 15.016138
143 34.131336 62.841855
144 28.899262 31.684979
145 22.460585 26.733571
146 78.205831 29.372617
147 77.927065 77.552689
148 42.452234 23.205996
149 42.865644 34.480456
150 52.598190 92.923444
151 37.160929 89.690327
152 14.410036 58.274190
153 96.887197 63.715430
154 59.648402 48.193320
155 15.532636 82.981396
156 75.649455 95.661306
157 25.040243 71.290401
158 5.860229 19.854813
159 81.628047 1.210483
160 44.831001 3.762359
161 83.422383 82.288236
162 21.909544 26.189818
163 84.441395 8.922997
164 59.203066 74.702684
165 33.133313 73.509985
166 56.945642 32.294036
167 34.236282 43.070534
168 44.913272 24.448148
169 11.268674 43.978612
170 60.274842 19.342061
171 55.390057 6.650174
172 42.658965 26.970038
173 47.083903 58.028310
174 97.737400 47.918277
175 75.774174 6.692805
176 98.105457 48.752154
177 58.292285 10.058395
178 28.755950 36.534892
179 38.473073 97.448545
180 39.661410 24.468128
181 78.730543 7.802957
182 43.768948 78.654830
183 34.334531 23.561170
184 64.717881 86.489217
185 34.279611 75.746242
186 97.753143 25.524452
187 97.682248 97.019164
188 65.240894 52.100497
189 2.339494 55.769303
190 66.641425 36.028105
191 97.076966 35.867419
192 77.755695 15.897229
193 41.543893 10.382464
194 53.391522 27.185732
195 36.124975 77.886104
196 83.186904 22.099821
197 85.540620 41.023229
198 46.479480 18.571431
199 69.288685 67.733677
200 38.484469 78.221684
201 98.051527 9.790192
202 81.609925 91.330085
203 81.297777 9.472584
204 52.350347 14.007624
205 49.347753 35.987563
206 98.216602 40.442679
207 62.241579 91.105287
208 93.948522 71.107513
209 93.536146 59.031805
210 58.052715 48.158724
211 37.595777 8.040696
212 86.754241 53.934044
213 50.136041 61.785252
214 93.237568 33.928619
215 23.602074 49.093406
216 29.139211 89.220409
217 24.798904 41.338672
218 29.458488 63.374206
219 44.185967 46.890352
220 17.416927 14.597772
221 43.849945 66.452320
222 42.785452 68.336711
223 66.564902 64.031150
224 22.746367 73.820181
225 94.187773 18.266880
226 61.140928 50.414610
227 59.624942 16.734049
228 18.263553 87.050887
229 30.758359 1.441286
230 25.712610 89.027346
231 80.651018 71.985119
232 27.620210 51.246795
233 31.697922 5.978619
234 52.235865 77.436903
235 73.168136 44.522124
236 40.445964 84.455392
237 69.970998 44.406619
238 50.060971 46.329778
239 24.458062 54.100994
240 53.888019 7.065843
241 97.181831 86.724092
242 52.166814 14.095696
243 77.531585 32.442063
244 93.746664 83.808336
245 22.549189 10.431747
246 28.823672 16.897313
247 79.947062 54.117942
248 22.536951 86.009558
249 49.711705 79.671446
250 71.771255 16.804832
251 28.125552 59.988329
252 27.881151 66.791123
253 16.223313 73.607456
254 99.429170 86.351514
255 23.391198 28.464040
256 74.732185 94.733243
257 17.157530 96.000230
258 23.031608 30.765045
259 70.275811 96.683176
260 7.578602 85.392799
261 48.564621 12.847765
262 39.684145 47.581462
263 91.392732 65.056571
264 69.957549 15.687891
265 96.590025 50.992667
266 40.572721 10.365439
267 58.890445 23.361517
268 66.588839 13.453576
269 75.819891 78.168829
270 37.207900 64.444964
271 65.749281 8.294362
272 69.759182 38.916384
273 31.006809 59.162929
274 26.347275 25.344001
275 41.971294 20.116229
276 74.199944 3.248641
277 80.856409 1.217720
278 5.641783 62.508113
279 12.762792 14.258936
280 48.549564 76.371641
281 25.138176 43.693949
282 32.846172 3.974588
283 41.471734 99.323686
284 19.182978 43.297874
285 49.493979 37.402297
286 75.981600 25.448289
287 14.377494 25.271637
288 38.297564 79.650645
289 73.673064 82.455033
290 76.400225 17.475176
291 92.857735 94.548524
292 80.959049 54.699773
293 63.704686 98.341879
294 12.599146 69.628848
295 83.077902 42.928824
296 5.784134 11.534716
297 88.383844 52.493920
298 13.029147 66.177518
299 63.092231 92.431046
300 23.598779 35.044701
