800 800 10 COORD_PMED seed=20260743 source=pmed36
CUSTOMERS
1 91.309511 40.030110
2 22.403464 53.512268
3 41.680763 35.250579
4 21.215401 52.598361
5 21.328408 21.111831
6 54.869574 57.952005
7 14.412813 69.151961
8 59.409040 45.022521
9 18.516950 63.268719
10 68.825743 6.858795
11 49.304102 37.086887
12 61.115373 16.109494
13 20.414034 97.685862
14 5.668430 63.820180
15 65.371397 30.410434
16 91.794889 83.035531
17 89.809900 72.085013
18 2.099837 84.431455
19 92.373748 9.625586
20 60.448999 3.718584
21 73.652902 38.326558
22 62.361214 15.316832
23 60.714340 73.521873
24 86.618047 60.361089
25 10.607011 7.973345
26 94.626746 34.302092
27 62.191634 35.009514
28 50.405251 6.747318
29 78.473021 14.586970
30 60.552786 1.295670
31 24.210020 50.646517
32 67.128916 32.219727
33 86.555823 91.455698
34 58.420682 25.866310
35 98.945957 42.575882
36 34.006634 32.741048
37 15.468930 43.674246
38 49.141775 9.507856
39 14.482757 73.104584
40 46.130183 12.566320
41 30.841086 62.439464
42 45.070660 14.464310
43 40.474469 5.628236
44 14.432588 30.542559
45 66.315902 23.548557
46 76.712267 80.825781
47 41.530564 7.685286
48 49.916645 53.247336
49 38.215191 77.800991
50 41.006415 4.511603
51 12.689512 26.360412
52 98.465883 63.544070
53 86.258748 32.350416
54 30.900275 44.565901
55 50.027550 36.991631
56 86.356128 41.250023
57 6.015237 5.295885
58 13.286663 77.666895
59 3.985205 93.677304
60 61.590794 65.489604
61 76.201818 61.204652
62 36.018740 8.375685
63 85.220483 81.422750
64 46.627470 72.171606
65 48.307037 4.801179
66 91.413087 53.084108
67 70.193464 5.381661
68 6.656226 33.910643
69 92.994551 0.125497
70 59.458714 65.326148
71 40.741474 73.153988
72 50.025698 95.065522
73 38.868698 39.017052
74 98.833159 15.158741
75 14.865288 70.111218
76 9.753336 41.389205
77 18.776481 38.598738
78 39.762048 32.406447
79 1.615737 16.800479
80 57.899803 28.720455
81 18.107898 54.199713
82 30.928943 28.420209
83 76.492070 97.078192
84 35.982650 85.426296
85 47.085333 47.488648
86 67.674882 23.870410
87 22.622134 96.768075
88 54.169803 66.864177
89 1.951457 4.010778
90 91.102216 34.831621
91 42.912378 97.420094
92 35.979596 99.452677
93 57.298035 55.443942
94 42.907163 29.556885
95 41.683066 25.321600
96 39.003022 12.187165
97 95.996398 9.262630
98 7.210434 7.826868
99 40.985393 55.172200
100 38.645867 42.220261
101 79.256592 97.808729
102 79.601668 45.600372
103 19.919907 18.860316
104 99.493233 60.500295
105 11.366421 63.573393
106 85.697909 41.666908
107 98.178600 67.435246
108 52.318857 89.358977
109 64.754513 8.102291
110 29.191900 79.540184
111 62.278327 66.517947
112 89.519122 68.509736
113 42.105768 21.999600
114 1.581212 19.792185
115 59.142309 75.335223
116 46.739922 82.376400
117 5.488691 63.545575
118 19.786728 78.294660
119 27.069764 31.193575
120 44.982149 25.991856
121 38.089767 70.933702
122 69.918387 17.434688
123 9.132651 98.458884
124 90.969675 1.486626
125 44.700066 5.151061
126 4.505760 37.971466
127 53.063811 49.600542
128 79.748429 63.858836
129 59.360801 22.190446
130 88.357228 20.571407
131 97.686481 31.902727
132 20.506933 58.570166
133 86.525677 57.860944
134 80.185480 40.791085
135 38.664706 24.539207
136 11.001789 25.013942
137 70.628430 25.085472
138 58.451491 57.901254
139 9.745248 64.485023
140 67.479489 3.672872
141 19.782078 15.246389
142 41.928963 32.424751
143 19.967804 26.713293
144 25.228112 54.404074
145 25.603124 19.433851
146 78.520395 77.524099
147 29.576084 64.037476
148 62.880293 95.170962
149 8.798025 78.445436
150 64.722130 41.732928
151 62.771011 22.565264
152 50.446339 78.879130
153 16.139845 87.536246
154 35.401256 28.425507
155 37.628200 93.061961
156 37.983387 50.813772
157 83.161348 47.283591
158 55.499859 45.790815
159 43.959695 96.743608
160 33.598227 18.796812
161 17.452334 95.130149
162 46.390078 84.280052
163 51.642825 18.246337
164 54.972243 66.946947
165 10.428060 80.010272
166 59.465975 99.505226
167 94.543181 40.652728
168 85.994706 92.218864
169 49.753240 88.977640
170 66.495632 31.427264
171 15.159217 42.126741
172 12.726447 65.554418
173 49.991852 70.547318
174 48.287161 72.137695
175 40.599352 78.235715
176 5.493619 74.842600
177 32.819318 68.263888
178 92.978463 57.874985
179 82.771975 56.622910
180 56.002288 66.885601
181 66.532052 63.113350
182 68.683480 28.488573
183 63.667484 88.149711
184 32.712889 31.790831
185 78.993791 55.147852
186 82.424722 11.667549
187 73.325518 72.581675
188 32.974383 22.502663
189 88.830178 84.516523
190 64.615529 71.144440
191 80.423894 96.890427
192 27.550644 20.242373
193 90.434956 74.290567
194 0.968829 15.762244
195 4.863972 89.226021
196 21.145223 92.808832
197 91.323726 72.562986
198 14.214856 9.724729
199 97.124048 44.917118
200 78.033100 52.771908
201 5.297701 40.677383
202 27.522221 31.859787
203 3.340059 11.830224
204 94.153251 19.480405
205 21.230803 0.438625
206 95.345393 27.230829
207 89.056373 54.812475
208 47.320159 80.429144
209 59.074926 30.040899
210 35.227928 7.991588
211 36.344864 34.400125
212 70.078398 35.850476
213 27.951413 92.507172
214 27.489914 76.474844
215 27.598990 6.854713
216 9.437278 41.577775
217 98.967734 8.882914
218 18.673315 68.578737
219 48.385072 82.929981
220 18.275989 91.777548
221 1.227567 45.633001
222 31.874507 64.563103
223 93.555966 63.864541
224 9.710977 12.994197
225 87.397976 79.349423
226 83.002329 60.912290
227 89.218035 58.357798
228 44.967608 35.272433
229 61.103607 68.365148
230 89.957690 26.539334
231 20.816070 16.268217
232 98.625162 49.642821
233 9.527820 98.563122
234 12.964299 60.894033
235 20.635987 44.094697
236 24.194974 70.104374
237 66.161477 76.586470
238 28.238060 92.453113
239 31.069349 57.737820
240 58.051476 98.070588
241 76.312164 31.886078
242 41.233753 98.243575
243 67.096444 51.963422
244 25.287452 19.000963
245 85.077907 34.652276
246 78.133571 75.078550
247 76.316261 72.470730
248 56.715828 52.609183
249 31.358493 8.645694
250 90.896648 58.907523
251 3.675280 77.916053
252 48.705588 5.311988
253 22.183838 27.116581
254 19.973563 47.222906
255 57.939633 40.478520
256 26.124942 68.352815
257 11.204203 45.265956
258 30.186324 14.552741
259 67.236659 69.896238
260 22.959936 58.547395
261 6.331889 69.030066
262 58.946210 88.913351
263 2.580172 51.977195
264 77.229707 90.035407
265 76.154802 20.078337
266 66.317928 45.097893
267 85.610289 32.940840
268 43.979999 99.183309
269 73.274193 76.185463
270 55.800701 67.089790
271 92.545819 16.846657
272 60.751734 21.528110
273 77.551204 88.611511
274 8.328600 44.428933
275 74.021157 6.209234
276 47.855933 42.983908
277 41.430216 8.049396
278 10.609537 68.728455
279 91.819328 68.115370
280 59.311394 32.624080
281 40.590815 83.856384
282 77.981010 15.099668
283 51.104229 36.181533
284 13.903683 34.791166
285 90.308226 11.943091
286 5.271780 94.759525
287 3.696833 26.194131
288 44.434633 1.756785
289 34.729320 88.697894
290 87.947882 30.880303
291 48.507042 69.209868
292 16.941629 89.366580
293 62.348132 29.050548
294 41.680477 16.870041
295 36.405066 99.461528
296 74.223585 37.626741
297 21.030575 35.748996
298 48.128954 3.348298
299 42.907147 25.646674
300 12.115217 25.725899
301 33.883840 42.408423
302 12.754056 63.754608
303 39.764603 88.088709
304 38.115136 37.720096
305 86.982228 97.710363
306 63.978796 31.334003
307 51.397527 30.678624
308 58.088730 15.061286
309 13.646463 30.620056
310 27.404299 18.352814
311 66.493705 24.405816
312 64.143377 53.445137
313 61.409456 89.432990
314 27.771875 62.510163
315 22.521138 96.631907
316 99.653839 4.283307
317 30.836758 51.032375
318 75.580340 7.973338
319 93.390337 90.275614
320 93.300063 16.988442
321 41.163541 37.662594
322 14.780895 50.293698
323 83.642045 96.866461
324 85.247443 38.726809
325 78.440280 75.252528
326 63.592987 30.325114
327 62.905869 42.715719
328 6.754670 18.511193
329 1.791369 89.532847
330 6.129531 9.166755
331 83.186715 90.730663
332 31.377781 56.964899
333 48.655189 86.044213
334 76.246371 32.340253
335 90.539142 41.360658
336 23.382825 16.716644
337 20.584813 13.406483
338 83.663266 25.512270
339 1.360197 2.968974
340 39.055868 91.793804
341 97.432559 66.409157
342 7.076522 96.540984
343 67.485254 73.013405
344 58.297733 6.045960
345 72.695366 4.584315
346 15.498749 57.836641
347 75.474522 72.087949
348 98.850328 98.374732
349 51.103310 23.790524
350 50.869858 11.191114
351 17.597572 2.259636
352 21.682249 76.361839
353 81.085767 48.583757
354 79.679559 74.499812
355 25.797848 25.456759
356 98.598811 67.602838
357 9.642388 61.779587
358 18.536076 63.244150
359 73.127275 47.097729
360 12.165597 36.795213
361 35.403781 94.938130
362 11.209853 87.587292
363 76.972598 7.418869
364 39.545943 37.273107
365 20.585206 60.110082
366 75.672624 22.857173
367 91.793118 17.418802
368 56.934890 3.573532
369 68.288911 17.929898
370 61.812669 38.063638
371 21.664321 40.025684
372 26.977641 77.134046
373 14.036321 9.479586
374 49.111118 97.175352
375 60.125435 98.656953
376 33.218995 48.659461
377 81.906347 39.324460
378 3.323616 18.947640
379 49.608922 39.921130
380 83.424489 59.507742
381 21.481825 9.080616
382 97.001364 99.046147
383 37.526389 57.329531
384 58.772946 7.726454
385 95.220922 76.385671
386 55.413106 53.108558
387 49.780791 88.815211
388 98.041039 23.019313
389 52.900293 48.962895
390 37.171995 79.901806
391 10.628970 64.892475
392 49.683108 39.912190
393 70.945445 18.558605
394 25.166481 57.521869
395 12.126149 52.197295
396 11.844318 2.508872
397 46.875678 95.866922
398 17.011408 12.851705
399 41.085756 45.520827
400 24.447500 16.304998
401 96.970375 24.241748
402 9.176022 7.136848
403 59.190775 52.850248
404 36.756468 74.337506
405 4.762635 60.696819
406 43.995507 85.889705
407 19.981313 42.970119
408 5.492044 87.114336
409 89.083204 63.416256
410 73.802910 4.096607
411 58.393787 16.659534
412 72.999840 59.650613
413 20.006785 6.535665
414 75.933724 50.658062
415 19.516445 44.773172
416 10.518351 27.104079
417 83.395189 78.537310
418 59.750741 73.170355
419 11.271334 40.498624
420 78.710499 12.432800
421 19.375557 40.128562
422 56.897940 61.557055
423 25.786025 81.056277
424 12.721036 98.890466
425 83.277539 10.694003
426 74.513700 68.726721
427 7.906515 18.190479
428 19.840631 0.431342
429 35.027436 80.861606
430 79.520399 7.866938
431 5.708978 49.648339
432 75.734103 37.457663
433 78.396228 94.674426
434 89.285836 5.490394
435 5.442904 60.229574
436 55.592572 45.090070
437 88.605288 37.703020
438 35.222441 27.092744
439 48.975909 20.527054
440 64.769368 31.740062
441 49.339723 35.511124
442 34.564014 36.454903
443 10.796311 31.016658
444 34.376514 76.934031
445 78.575551 29.657710
446 82.483654 65.584246
447 30.365425 3.683730
448 5.357114 65.460544
449 38.856508 97.214459
450 99.076257 30.045322
451 32.873771 59.492200
452 67.604185 79.576888
453 99.452854 9.899658
454 41.454894 11.654752
455 85.900940 63.617764
456 38.189913 60.128363
457 72.891239 27.772049
458 25.882866 1.721925
459 12.069819 38.745894
460 83.961622 10.361423
461 56.771964 30.757478
462 48.447666 42.421759
463 75.169979 51.460097
464 19.948957 37.053229
465 2.234769 27.363624
466 5.864152 90.276374
467 28.005707 53.428962
468 93.014039 88.878840
469 29.300900 69.323288
470 87.882892 37.611003
471 62.990488 27.939523
472 97.132290 22.335740
473 68.235063 60.343042
474 2.219367 21.989073
475 9.355914 91.734653
476 33.691438 73.813381
477 85.499577 10.409848
478 41.396998 71.693690
479 99.055738 60.222739
480 78.027574 18.984208
481 45.241319 88.614114
482 18.707547 23.003388
483 23.289992 98.498239
484 37.253640 6.612421
485 0.053140 83.110758
486 91.148467 80.195525
487 50.420508 47.790814
488 35.587071 25.625965
489 66.676029 42.055007
490 95.177728 39.959476
491 75.832873 35.765132
492 28.580248 15.983789
493 39.362871 12.199624
494 46.956814 59.693070
495 64.703836 27.070240
496 76.690235 91.909003
497 18.347928 27.468339
498 97.215182 37.265375
499 81.673594 6.597842
500 12.519524 14.384793
501 71.138400 85.029175
502 29.491752 34.041146
503 1.100581 87.181204
504 51.876721 7.549711
505 40.551027 13.011018
506 68.410997 42.398887
507 83.113093 23.987489
508 33.035607 0.206462
509 66.753241 18.469496
510 56.510350 77.606758
511 59.067907 44.712699
512 36.473627 59.221196
513 79.065154 67.309853
514 32.230386 59.295876
515 40.940139 93.309611
516 96.758913 72.672592
517 8.353140 39.159861
518 67.941978 79.697324
519 13.412637 30.528660
520 80.519739 31.458190
521 95.106441 9.689161
522 0.192216 33.956181
523 28.111792 62.858306
524 1.915714 86.732713
525 16.938887 80.386538
526 30.509516 58.540056
527 1.460591 95.618892
528 42.536504 32.922159
529 83.284920 74.689531
530 38.125663 4.828435
531 95.945841 57.593070
532 88.604701 96.299946
533 39.779536 48.660284
534 85.894882 53.602110
535 16.049890 56.274335
536 97.875049 94.357851
537 68.222504 70.387641
538 88.648664 13.145157
539 49.468162 95.808007
540 9.416605 85.219643
541 9.010619 95.210730
542 53.021473 90.001178
543 96.906665 7.457168
544 94.520096 92.751728
545 48.686780 32.947361
546 7.468695 6.723213
547 31.095922 58.466487
548 6.460362 12.912297
549 23.315979 30.905159
550 11.731185 95.498086
551 90.045853 54.448266
552 13.683966 95.113096
553 24.880568 86.390162
554 6.872195 33.556799
555 9.484723 47.947810
556 66.123082 23.052993
557 95.825965 23.990650
558 42.926860 83.722561
559 15.341410 51.726058
560 11.905339 69.304923
561 74.128768 5.182413
562 34.029381 11.830722
563 42.423331 81.420757
564 54.362799 47.186870
565 14.835186 73.152066
566 38.012971 56.502393
567 35.453535 65.651073
568 56.919201 23.446282
569 10.821128 28.881876
570 14.551335 33.446100
571 82.618441 77.531766
572 56.562352 37.823723
573 46.969167 57.516337
574 45.956330 52.338776
575 56.454812 52.859225
576 77.331210 19.294652
577 13.543990 21.912305
578 82.073660 85.662197
579 80.799011 64.062692
580 10.872364 39.660455
581 86.194357 64.476178
582 53.182368 58.124483
583 77.211000 88.326538
584 46.803783 62.335224
585 89.528326 66.025981
586 49.155119 75.345431
587 93.192600 1.411548
588 14.749467 61.173961
589 37.496665 9.199183
590 95.894948 31.032281
591 82.049332 52.547942
592 83.126253 40.604750
593 91.949491 56.705866
594 88.723250 63.370136
595 22.917117 13.141391
596 79.008626 64.923385
597 57.850404 68.599785
598 72.369434 35.383417
599 26.572298 98.944087
600 91.469462 76.508077
601 88.814237 57.759205
602 67.090143 0.127077
603 78.546311 82.593972
604 96.709390 52.549803
605 55.862841 52.248393
606 54.636662 57.095611
607 14.332524 25.328871
608 28.148030 87.585730
609 91.535053 33.906045
610 82.850938 76.357573
611 82.847934 16.052854
612 61.194587 98.831207
613 83.344907 92.926788
614 61.217984 17.665861
615 9.037618 58.965829
616 38.910898 16.269983
617 60.292095 19.124003
618 6.666575 67.916908
619 73.678458 83.201622
620 45.913565 11.921387
621 78.337568 94.756544
622 65.923367 98.517048
623 22.654517 22.175125
624 44.341303 19.756011
625 21.149884 41.159259
626 10.868701 53.257634
627 3.539107 81.164133
628 48.381428 40.696835
629 74.553077 62.030643
630 86.529745 61.638905
631 83.079123 75.499261
632 41.292780 0.693765
633 0.835356 19.260010
634 34.291701 12.677991
635 57.732100 16.916284
636 35.065929 82.560128
637 82.928267 31.207264
638 64.094220 77.818335
639 54.962174 67.115370
640 59.460999 30.389029
641 56.913908 65.685749
642 78.202943 88.959976
643 9.883826 94.366144
644 99.204063 97.830054
645 43.423791 20.157442
646 28.095884 52.660606
647 58.690998 3.661166
648 31.294755 99.036456
649 46.314702 30.774908
650 31.310451 65.276121
651 85.210858 32.586324
652 79.593712 26.621558
653 23.412545 19.547107
654 55.654224 36.069844
655 39.422591 63.706113
656 56.046524 7.452535
657 56.288289 15.092630
658 70.075188 84.984324
659 67.212508 97.546601
660 22.197397 20.566262
661 29.204009 75.805651
662 41.400493 24.174756
663 57.483804 34.048108
664 4.515979 98.417995
665 22.097010 68.696124
666 94.791546 62.959608
667 58.034428 85.183399
668 57.651001 20.409968
669 48.580501 94.455817
670 48.632270 55.350694
671 84.748238 76.458056
672 87.359109 37.191996
673 19.228179 41.545546
674 26.885009 59.970760
675 98.551484 82.039078
676 25.767331 3.763511
677 2.264344 23.050179
678 6.184845 37.039985
679 73.902516 88.717495
680 3.796606 40.335064
681 15.118160 53.335171
682 98.572364 57.593403
683 53.680334 59.042618
684 29.931829 90.123668
685 8.327459 28.429057
686 0.404807 28.505456
687 77.415918 11.362012
688 41.595939 98.720781
689 71.295465 46.574726
690 51.002035 4.297356
691 20.598675 58.736206
692 85.022985 75.512916
693 30.077840 47.855674
694 79.250939 55.444737
695 87.806361 1.982703
696 33.809935 48.152984
697 24.434389 93.139448
698 58.938289 74.407581
699 25.607031 86.579711
700 91.318922 11.556845
701 95.905227 42.869515
702 89.957013 78.408914
703 14.011653 19.049576
704 61.788254 19.605391
705 98.399717 63.246934
706 42.395044 0.719467
707 34.906967 50.244793
708 37.411417 23.560223
709 91.085433 87.750971
710 42.665961 1.809105
711 69.625752 45.871496
712 10.889437 47.561368
713 18.288879 26.205761
714 63.566221 18.025817
715 59.306174 54.250018
716 42.704292 75.109148
717 66.896839 73.318505
718 64.703352 0.462844
719 93.676612 69.062714
720 52.600690 50.596177
721 31.945805 40.798986
722 90.405709 99.118429
723 83.250747 22.212404
724 36.253570 10.533863
725 5.403454 78.967018
726 57.457088 40.591948
727 73.565303 91.985111
728 67.867873 99.490269
729 60.305113 15.824116
730 19.404635 61.657533
731 23.671052 52.829083
732 99.399016 52.532741
733 58.311321 95.334165
734 0.036382 25.376847
735 97.712684 10.524798
736 17.636448 77.358818
737 75.926284 89.235961
738 22.584143 12.441544
739 59.319347 16.868685
740 7.884532 3.326537
741 25.532586 75.797267
742 59.728427 58.026673
743 35.930937 44.524160
744 39.683968 86.846598
745 73.927090 4.561953
746 81.544497 81.464916
747 88.143180 50.164083
748 8.165559 63.954636
749 28.741937 92.975075
750 96.238157 97.522266
751 41.403231 53.306359
752 55.345676 35.842707
753 38.041210 85.771084
754 98.541576 5.866960
755 21.704434 31.515300
756 56.108526 83.720176
757 32.057780 7.573522
758 72.862134 46.268317
759 83.632446 0.443034
760 55.149799 55.403098
761 81.822754 84.960235
762 87.867582 24.171247
763 22.565469 96.868030
764 60.453002 94.245547
765 89.863387 1.972687
766 23.139942 77.623150
767 72.824302 68.830874
768 76.433900 38.373915
769 6.295659 8.307543
770 89.583413 45.848317
771 12.023920 7.383470
772 52.959066 91.736595
773 35.678243 62.176263
774 97.477877 6.915951
775 31.602385 40.606429
776 69.951380 26.233738
777 22.882866 12.060636
778 19.805523 29.196986
779 55.646433 51.162983
780 89.194118 42.002441
781 5.713780 28.311022
782 88.202666 22.082381
783 80.172517 27.477279
784 98.836605 33.729270
785 64.972478 34.921431
786 45.009671 81.294321
787 18.704629 5.617935
788 49.051030 96.612163
789 2.200863 19.593905
790 64.954484 44.904903
791 80.923024 46.836173
792 46.937672 20.542371
793 2.554784 52.148067
794 45.094436 92.508310
795 5.205850 68.447287
796 88.033442 57.367067
797 99.843191 16.237739
798 52.431227 27.229012
799 95.374639 37.991880
800 72.885480 15.789966
LOCATIONS
1 78.975772 18.784661
2 97.028064 17.321969
3 71.428821 34.173974
4 5.895326 59.040978
5 74.228312 16.677061
6 28.344447 74.857148
7 58.325498 79.071545
8 19.721835 45.687854
9 25.334613 4.757715
10 61.574908 59.165748
11 86.055206 59.302863
12 0.535542 10.062515
13 70.694109 74.952586
14 25.949424 58.122906
15 42.038567 77.508704
16 66.968506 85.297324
17 58.638883 93.486237
18 81.136084 9.529089
19 87.688457 29.446056
20 47.511804 67.285166
21 17.016359 55.535045
22 43.496597 86.490027
23 33.591451 82.817729
24 30.005291 34.721814
25 83.592904 5.004015
26 4.991652 87.131505
27 45.415090 34.716534
28 76.576967 70.701105
29 58.264122 56.215063
30 14.964262 58.026242
31 98.222782 84.851660
32 60.626067 4.922380
33 34.649131 43.586643
34 9.498928 40.547978
35 57.007258 89.296506
36 73.428105 85.389942
37 33.715567 79.452340
38 84.704500 78.640925
39 6.556079 24.635124
40 24.217210 85.000837
41 46.874355 44.090692
42 80.500279 69.197934
43 82.408552 18.317711
44 43.825174 8.620662
45 16.453920 51.682927
46 83.153875 41.526595
47 53.661750 40.586873
48 12.655834 68.950919
49 40.975298 4.187103
50 87.574257 18.810521
51 95.474352 51.374137
52 65.711081 39.208163
53 29.335587 56.648644
54 49.503340 12.963815
55 15.206545 36.068108
56 72.418844 39.782232
57 39.061366 79.118078
58 23.969236 61.932920
59 17.394754 9.953491
60 76.951331 67.971531
61 23.955129 91.936247
62 58.447502 67.251939
63 13.612026 72.252831
64 66.258543 43.270089
65 14.503645 98.946706
66 85.842019 89.660644
67 84.535061 1.917017
68 35.589575 20.416410
69 51.163533 57.979122
70 63.565865 74.841038
71 56.137863 43.988433
72 79.385681 41.100503
73 8.610223 31.070384
74 72.149615 49.687372
75 95.809497 57.018955
76 68.536214 43.965174
77 46.399640 45.166795
78 92.328766 7.870220
79 17.880322 3.304472
80 26.433593 7.114262
81 93.281220 72.865985
82 16.662481 55.081418
83 6.900362 81.114587
84 20.873961 13.100943
85 28.199630 36.404576
86 96.196080 21.097623
87 98.926802 71.368358
88 6.752501 77.088697
89 27.883543 46.560028
90 1.032482 76.125287
91 99.114181 1.018132
92 99.179217 37.186164
93 64.859644 0.612024
94 65.562617 51.801954
95 56.910260 65.371322
96 49.762180 66.798415
97 57.778314 24.983433
98 27.715832 39.132839
99 88.551638 55.954564
100 47.611360 2.908158
101 10.213780 27.764858
102 72.909388 18.917367
103 78.367251 14.363572
104 81.351442 9.987387
105 99.651859 94.838865
106 37.600700 12.695278
107 51.765136 73.884471
108 84.370752 85.929342
109 62.876094 40.381487
110 91.669788 63.395614
111 4.318537 73.178102
112 67.735631 53.924910
113 60.331645 85.415942
114 47.918087 10.840862
115 15.317241 0.447025
116 63.781527 76.348680
117 20.312425 13.542401
118 11.467635 57.237100
119 37.387930 27.710403
120 54.294434 81.606229
121 18.077659 34.474032
122 25.188624 56.975805
123 65.494131 49.279525
124 17.408215 70.304629
125 86.318174 10.316562
126 34.460244 79.307012
127 16.260416 75.758334
128 76.842904 77.639178
129 88.260343 93.965862
130 49.867718 29.289380
131 55.364871 77.094514
132 20.845120 18.236425
133 86.113764 27.399324
134 52.404804 48.384045
135 74.839442 79.807989
136 9.649930 96.153950
137 40.269474 36.406136
138 0.471015 95.697715
139 94.609693 7.093105
140 2.513095 18.233050
141 4.035262 30.115178
142 95.546017 55.453913
143 44.803230 15.689246
144 88.728642 31.859125
145 34.216456 27.652827
146 90.321331 65.138385
147 59.731849 33.324226
148 71.444443 71.128043
149 13.945868 95.109813
150 56.363651 47.834098
151 94.008302 23.804942
152 42.897553 3.361628
153 25.183848 27.071637
154 51.607292 45.406471
155 53.247510 47.089497
156 67.399049 27.023567
157 98.315480 64.745463
158 75.081597 65.296436
159 56.898376 80.867704
160 50.510081 55.185654
161 7.245251 36.024272
162 63.117558 26.990756
163 5.468640 60.663756
164 86.848338 5.771674
165 47.236106 63.773095
166 99.325454 75.317861
167 28.334376 49.987386
168 4.869403 86.423039
169 3.420710 3.841499
170 74.763882 72.291826
171 12.991668 26.399948
172 69.737640 42.189421
173 19.882113 24.833987
174 84.554469 47.338914
175 47.840297 9.653373
176 13.834502 16.743091
177 70.700658 72.075312
178 84.051988 17.704792
179 86.104982 17.041964
180 93.030731 44.497665
181 81.328302 49.128031
182 41.646770 7.746155
183 25.705330 32.742739
184 4.324634 56.714056
185 43.962237 95.855261
186 23.388100 32.891678
187 11.536872 16.684304
188 34.244195 79.386968
189 19.782373 86.463908
190 53.951315 92.209841
191 42.842407 8.416329
192 62.365129 1.911383
193 24.102234 88.799242
194 78.226113 32.398712
195 39.301018 1.889270
196 50.705279 19.887484
197 99.285602 74.292106
198 29.432026 61.709756
199 26.028468 1.297741
200 33.869866 24.016609
201 8.129592 40.390304
202 39.041506 38.411325
203 52.127395 19.944005
204 58.600920 93.011245
205 7.238415 10.844576
206 65.581034 2.089610
207 78.672772 90.977363
208 44.191955 7.199641
209 1.290088 78.725420
210 43.849719 79.635857
211 7.427297 22.437109
212 96.959859 16.592460
213 78.343377 44.054550
214 82.951414 22.876925
215 14.649153 9.980390
216 66.868859 9.213538
217 66.087510 55.774166
218 33.714516 47.109729
219 57.227052 38.529238
220 89.795798 17.679316
221 58.844190 95.336257
222 50.649647 60.182978
223 2.572830 84.124844
224 66.360481 12.282978
225 31.659193 20.969249
226 85.046654 76.661774
227 2.320289 99.950488
228 21.854495 94.795274
229 53.287675 56.722131
230 47.272022 48.420341
231 79.493968 12.247773
232 69.114730 64.404641
233 80.658288 41.416633
234 11.195386 21.090079
235 22.021314 72.270030
236 30.002988 62.337707
237 74.242118 47.851017
238 49.048577 97.676276
239 6.984109 61.040910
240 64.367060 81.622591
241 37.086263 60.187551
242 40.542635 31.248389
243 13.189474 68.404235
244 23.715110 98.321231
245 60.433438 0.427832
246 33.295168 39.689000
247 40.333336 57.854899
248 98.124970 50.397680
249 46.910006 51.112291
250 30.842852 87.743437
251 50.908353 51.200941
252 88.513114 22.126564
253 72.693928 13.291600
254 43.334927 28.495745
255 68.078822 64.651665
256 19.778979 8.936767
257 82.017304 43.690139
258 32.284352 41.395459
259 42.858463 51.757677
260 75.776413 42.096945
261 22.043688 66.566673
262 20.076873 14.272844
263 74.041817 4.488906
264 30.263511 55.680084
265 51.675518 62.222541
266 31.605030 12.134009
267 84.236005 48.934477
268 66.660703 0.170344
269 36.537699 82.733584
270 33.864119 18.850671
271 55.430282 20.501696
272 6.705812 54.667176
273 84.447157 59.075901
274 10.251142 86.917853
275 68.989017 39.257484
276 65.806140 80.976025
277 61.643574 21.231385
278 42.492432 36.894114
279 94.604664 44.284030
280 68.644296 39.587454
281 27.351272 74.085770
282 41.462382 54.209652
283 24.786743 13.568039
284 61.054477 15.960514
285 56.485992 60.066627
286 52.776911 94.392344
287 20.840988 37.076540
288 1.227442 24.027843
289 4.421484 57.856883
290 13.431916 88.275503
291 71.040774 80.428816
292 98.349808 83.919763
293 55.087310 80.008384
294 21.466966 2.041044
295 16.567439 98.497699
296 22.905989 78.387574
297 29.660184 31.567768
298 39.087883 38.993988
299 34.664747 42.926988
300 49.504198 85.509103
301 15.941557 37.403735
302 47.071999 1.611694
303 82.461676 23.641580
304 18.962811 97.560919
305 11.409885 71.497349
306 77.576606 34.790503
307 21.259507 39.897157
308 90.928569 28.508377
309 44.923084 13.136374
310 71.063042 17.604587
311 94.714792 24.289000
312 16.068120 29.286936
313 96.389590 63.342818
314 32.647325 53.384067
315 80.809416 29.785164
316 89.203302 32.588577
317 91.469861 41.871900
318 52.906834 38.204601
319 71.041019 81.432025
320 0.003239 6.928307
321 12.970850 96.653599
322 60.831948 18.488654
323 8.089405 88.038768
324 47.448291 89.727388
325 32.506291 76.586553
326 52.053431 90.138034
327 97.095329 29.077857
328 93.994818 3.497765
329 83.954424 9.361666
330 33.398068 41.093196
331 15.738950 88.371036
332 54.790818 62.118779
333 88.927294 27.469700
334 93.090359 17.381427
335 99.554133 23.562830
336 92.722070 52.432679
337 86.531913 63.409944
338 53.654567 21.137946
339 69.207959 94.977917
340 39.058349 13.307883
341 57.825471 66.397251
342 19.298113 6.501377
343 49.660208 24.814397
344 6.405903 48.602655
345 29.411734 24.649278
346 94.032721 59.660548
347 71.214224 91.198890
348 6.777267 15.146419
349 69.672866 97.628434
350 86.862008 26.502657
351 51.403760 33.592683
352 24.672941 24.027998
353 28.164212 99.697336
354 52.205327 42.078950
355 26.452731 61.296746
356 55.500770 38.797496
357 24.048991 51.222054
358 66.765972 26.971301
359 90.700568 26.390943
360 37.495365 79.506723
361 11.582491 31.875949
362 87.326742 13.405823
363 90.837239 74.680886
364 48.520634 70.005895
365 15.938810 77.415095
366 30.892861 43.380631
367 14.078119 58.460705
368 14.833987 74.048486
369 9.095483 46.028918
370 52.249087 57.672457
371 94.211113 40.951798
372 0.915246 1.984292
373 43.646665 90.272969
374 23.319583 96.955655
375 23.366415 15.182578
376 37.871972 47.402030
377 93.708167 77.637965
378 36.811260 54.767535
379 96.562184 49.407248
380 23.051708 56.561758
381 29.742638 96.445764
382 36.190513 10.565514
383 52.812384 0.195170
384 72.029814 40.409978
385 89.432626 81.216335
386 7.793155 67.817584
387 46.656010 37.077813
388 92.711106 94.304172
389 2.588238 3.962294
390 55.226910 14.062889
391 53.977557 65.610589
392 49.934648 75.703330
393 25.608716 53.770118
394 21.233412 97.882216
395 33.740080 49.889248
396 55.007822 94.791720
397 52.864983 44.054574
398 80.861934 16.113180
399 46.549353 90.630678
400 49.981576 85.161614
401 96.829452 82.668256
402 87.728306 71.772505
403 83.485070 14.578571
404 61.239512 40.951867
405 41.173831 45.225143
406 89.981213 62.826518
407 48.360991 65.090104
408 35.044186 61.680553
409 28.952430 31.075007
410 19.100432 6.837156
411 4.931669 62.092207
412 84.724134 74.850352
413 71.378972 34.305178
414 17.382806 18.517874
415 41.695287 58.336881
416 97.698989 39.514288
417 7.820919 52.624082
418 81.516878 37.332450
419 32.464405 1.945402
420 11.376915 98.152643
421 88.065963 48.237560
422 14.581965 47.157478
423 46.657989 66.361881
424 18.438779 97.461613
425 37.870595 54.957542
426 85.581429 32.756935
427 90.952652 61.171723
428 99.096491 29.405710
429 62.493757 89.549425
430 86.501349 77.136337
431 90.201252 82.403721
432 86.112550 53.414142
433 41.134401 96.292118
434 59.388157 88.868248
435 87.821638 1.645014
436 93.778535 72.907350
437 87.516944 24.245614
438 64.055685 22.047542
439 68.902786 37.281306
440 57.964307 35.355433
441 37.456104 81.215590
442 64.315228 11.268664
443 9.886155 55.500305
444 69.374751 79.358984
445 9.302029 61.977710
446 23.092627 62.418148
447 43.519816 52.425358
448 94.412104 6.525689
449 65.041535 6.950841
450 21.062806 38.302498
451 23.739424 90.296013
452 68.535678 58.951358
453 44.876981 25.746155
454 39.043269 62.315092
455 6.587219 15.036240
456 82.926359 7.318664
457 10.908371 67.007754
458 96.303361 68.827082
459 1.330909 0.297222
460 74.680317 33.374691
461 36.963137 51.898031
462 46.808535 51.324270
463 62.866039 12.979149
464 81.064550 18.164168
465 64.930463 35.898925
466 97.844599 27.402112
467 3.436999 49.961228
468 95.870182 80.712330
469 85.102876 1.775442
470 65.239103 54.915062
471 73.914184 17.833397
472 0.702477 97.702412
473 18.751779 77.808338
474 32.709891 2.625815
475 70.162912 0.568358
476 8.096819 63.970812
477 68.190412 39.778692
478 40.428833 52.281601
479 95.207439 82.483675
480 5.231048 70.264678
481 93.043350 36.323281
482 92.551260 16.073792
483 85.352993 41.899505
484 27.423947 8.817489
485 69.126178 41.067024
486 12.669955 22.572696
487 59.965291 63.814737
488 1.114678 23.993119
489 31.396977 28.960062
490 38.513068 76.406361
491 5.815953 50.321176
492 96.315003 69.820361
493 50.337703 61.417588
494 26.231570 33.873576
495 81.643574 60.416611
496 10.711179 79.715882
497 45.801251 6.453592
498 94.569932 6.385470
499 40.495349 1.305922
500 49.536153 32.875084
501 96.088059 52.882022
502 68.317070 32.109749
503 52.385220 82.108498
504 93.447634 58.066562
505 31.903047 36.175374
506 93.731004 78.575631
507 30.818468 42.001053
508 84.435352 14.018364
509 27.033597 61.766230
510 8.950470 16.409950
511 36.989732 8.918328
512 29.887849 62.656822
513 32.434944 41.230731
514 4.126611 43.589466
515 16.957348 49.828064
516 71.437384 91.805198
517 7.695610 83.703089
518 53.403641 4.457506
519 78.239431 71.251990
520 6.155861 82.594967
521 63.534809 82.601841
522 77.077086 69.303617
523 29.191307 16.186172
524 83.280398 69.757656
525 0.535857 93.183985
526 57.949577 14.716724
527 29.941265 22.030585
528 80.786093 37.594197
529 8.921496 29.146538
530 54.941220 32.431452
531 23.907710 36.675544
532 73.345292 45.116119
533 72.938129 93.541244
534 26.100241 51.996891
535 20.564195 23.973794
536 27.252394 54.996692
537 76.612372 72.057946
538 22.706004 38.374153
539 20.885821 88.953576
540 70.857947 44.922546
541 58.612120 82.625389
542 0.987558 2.393142
543 30.764521 30.961967
544 2.746887 92.721203
545 42.275392 64.227919
546 62.021046 5.396964
547 76.555878 82.410261
548 2.354679 98.228127
549 9.186838 95.528323
550 43.849830 53.268998
551 25.599131 85.674631
552 70.118265 55.646960
553 21.739244 38.559772
554 96.944518 8.895532
555 25.117969 53.279212
556 23.888388 7.943525
557 82.241755 66.020909
558 16.830405 15.040647
559 19.726424 43.217710
560 84.062429 32.230866
561 58.482418 47.364982
562 58.847004 12.698344
563 60.282896 39.884975
564 22.284775 72.001275
565 96.769816 27.126804
566 88.531320 34.527008
567 33.297843 82.627279
568 65.367412 7.940342
569 27.257331 41.932760
570 99.879221 62.601819
571 18.976585 26.819678
572 10.391379 39.531858
573 31.277193 98.756210
574 67.169076 71.555082
575 69.904443 44.768018
576 46.064656 55.410753
577 53.528582 21.235634
578 39.489784 34.832466
579 0.350986 23.832555
580 5.500965 92.482173
581 64.400730 66.546846
582 26.494206 73.972233
583 60.469137 85.327450
584 5.074123 53.644520
585 58.822364 92.565990
586 89.902901 99.952654
587 36.169736 40.155319
588 32.222463 68.783620
589 33.302204 51.514447
590 11.030135 82.949174
591 67.762913 33.419126
592 79.582697 58.569416
593 29.412922 51.858096
594 16.636497 88.361258
595 19.376574 91.364778
596 68.007777 66.612260
597 96.613226 4.692404
598 37.508935 39.808634
599 4.608434 26.664321
600 67.717257 19.375775
601 55.678861 71.909414
602 88.353469 3.242563
603 12.116223 62.702103
604 11.051173 32.909866
605 8.778099 22.411804
606 31.205297 92.183658
607 29.010436 43.796119
608 35.031811 77.789982
609 11.342755 30.117922
610 35.363994 81.310802
611 23.926571 77.594504
612 64.198603 14.529607
613 81.958065 77.427869
614 33.123149 67.921970
615 45.777941 33.264785
616 10.193274 57.895295
617 35.288492 58.850811
618 72.640270 17.445078
619 2.927743 86.436383
620 47.664861 24.058289
621 43.629927 67.470132
622 61.231229 30.513964
623 79.657392 46.519968
624 55.732773 4.252948
625 77.645539 46.529705
626 97.601915 86.608082
627 82.073328 87.738543
628 48.380673 92.714267
629 1.666004 78.001295
630 51.862812 87.155625
631 10.340981 2.497798
632 40.173650 83.302023
633 0.083113 90.692933
634 83.460740 91.398575
635 13.537004 52.259253
636 60.032928 99.155711
637 32.366098 54.444901
638 9.033450 77.980078
639 19.904665 73.230379
640 85.573399 95.259373
641 40.881709 9.213970
642 58.946421 9.899488
643 32.027480 49.912824
644 96.048304 97.416777
645 61.350534 46.441725
646 60.632194 68.515415
647 9.258838 24.548026
648 35.945631 58.563434
649 86.684827 74.886708
650 97.406482 10.602651
651 11.197934 17.852895
652 74.938372 18.322899
653 78.788130 56.381149
654 70.032835 93.833312
655 72.813002 66.891566
656 12.360552 61.046496
657 66.048822 87.268196
658 93.628751 13.034427
659 27.417829 21.803446
660 5.780678 5.204604
661 55.892357 62.101561
662 46.783116 64.221123
663 60.624529 24.276806
664 85.115644 3.201080
665 86.927461 41.206451
666 12.176166 64.612416
667 68.267671 83.377715
668 56.781664 29.836482
669 1.397404 98.957054
670 18.458003 61.876356
671 72.962747 20.578833
672 20.333292 84.670236
673 87.935658 71.418204
674 43.431808 36.410119
675 9.751058 97.138096
676 63.860805 70.640359
677 88.755810 63.964109
678 68.028089 83.510224
679 88.662081 81.072767
680 69.158819 47.574131
681 73.439371 24.420766
682 50.680400 72.954455
683 32.450197 50.021276
684 52.171546 91.682866
685 43.362454 57.795839
686 95.774637 6.501937
687 20.945557 26.008503
688 54.105403 87.552974
689 27.582198 27.105456
690 77.004059 75.742395
691 50.936783 94.164127
692 85.359410 56.659274
693 69.204314 60.184526
694 69.965158 98.877168
695 6.906056 79.530517
696 89.970376 43.404101
697 64.121015 2.298165
698 23.743655 52.259156
699 58.909991 77.866489
700 15.242834 33.558505
701 83.468108 24.382284
702 90.097817 23.177788
703 73.703988 1.415557
704 60.013845 0.607436
705 36.952479 21.044629
706 1.418199 65.037195
707 59.531216 26.521807
708 31.418545 21.819767
709 57.717091 10.640789
710 27.752325 94.937239
711 93.952786 76.636207
712 83.910603 42.907947
713 68.455934 74.043750
714 38.334136 3.386619
715 55.620658 67.527673
716 48.528696 63.430267
717 39.401887 67.860871
718 0.209259 3.982797
719 91.020471 70.260888
720 59.104962 55.630706
721 76.989848 56.130948
722 40.061427 3.231468
723 14.476694 84.160134
724 7.020331 58.466444
725 5.302312 54.776948
726 55.016831 44.198071
727 14.441253 89.399266
728 31.183074 33.148151
729 42.480227 98.582477
730 68.471626 52.300195
731 40.755741 85.927858
732 64.800222 54.958990
733 83.653435 66.586724
734 59.324553 44.703599
735 33.239945 70.384877
736 44.327773 60.585296
737 74.720078 67.593752
738 63.276137 63.069780
739 59.982550 57.663456
740 37.752255 91.814368
741 7.873810 1.080991
742 76.717325 5.679113
743 75.168207 22.452941
744 6.228187 44.655156
745 85.909348 25.077565
746 86.574804 67.135169
747 23.836097 67.976253
748 28.824548 40.677326
749 44.614476 76.770568
750 36.783689 23.729698
751 70.691631 49.303418
752 82.638028 11.430560
753 99.488154 66.961465
754 60.895094 6.328302
755 24.658757 69.174542
756 66.046349 69.512910
757 89.339243 38.992519
758 9.490187 54.474870
759 82.922652 15.684803
760 85.903887 56.663543
761 89.655115 83.742604
762 2.776218 57.924603
763 3.906842 15.034657
764 17.937899 23.334174
765 77.213553 53.192978
766 82.706584 64.122226
767 54.524851 91.687455
768 31.439089 40.933871
769 64.533296 13.443106
770 34.949842 7.928054
771 45.495006 15.182846
772 56.687206 44.672928
773 37.889478 61.753633
774 50.213224 0.185935
775 92.879088 62.513237
776 97.768632 87.066076
777 92.786892 88.744247
778 96.909627 96.233939
779 80.297197 47.167214
780 3.405680 84.163232
781 63.606030 31.445384
782 49.528845 75.354359
783 15.623110 65.694121
784 53.081239 82.054655
785 58.890835 72.783992
786 19.029987 83.950390
787 29.203556 12.118149
788 89.382364 91.515381
789 60.642844 50.510176
790 44.530823 34.992845
791 31.492400 20.582687
792 4.463580 81.093129
793 5.083217 66.460637
794 37.759223 27.586646
795 0.414887 21.675453
796 6.577249 68.249599
797 51.898625 14.965826
798 40.507802 54.747780
799 79.977773 6.189503
800 90.825093 38.217771
