300 300 10 COORD_PMED seed=20260719 source=pmed12
CUSTOMERS
1 95.570157 55.252209
2 95.154433 16.835655
3 73.264911 36.234174
4 41.865436 97.344427
5 14.504018 28.949822
6 14.801448 20.190589
7 18.130305 4.323070
8 91.743428 26.639360
9 26.160576 35.078834
10 78.371343 47.844302
11 17.338655 83.064270
12 96.363603 71.912204
13 60.965385 50.213830
14 44.010234 29.039755
15 50.481178 57.049637
16 12.456938 13.429860
17 56.145533 5.507566
18 34.458155 83.973373
19 54.754229 6.455380
20 28.804030 11.065776
21 5.339031 73.697726
22 41.217586 96.985029
23 17.858393 42.571676
24 57.492156 64.010918
25 23.732405 68.693139
26 53.866758 86.484610
27 12.412301 76.044220
28 40.686260 36.700239
29 84.898865 48.948999
30 91.835533 18.165483
31 83.952383 36.264589
32 27.253567 17.350422
33 19.627477 45.941615
34 50.487904 28.216596
35 50.939016 25.441515
36 41.634138 56.441219
37 45.274145 48.420517
38 44.919692 75.353981
39 20.693337 38.293636
40 67.496040 70.236864
41 3.833085 2.259748
42 3.805775 80.091627
43 34.876118 25.121939
44 23.059659 31.286787
45 15.469180 1.991526
46 61.483202 22.932086
47 67.287090 22.992064
48 15.128726 7.004211
49 71.454779 12.779804
50 15.441290 99.849037
51 26.921268 27.816560
52 9.936875 37.325564
53 30.957395 79.554132
54 37.329304 95.914563
55 40.501079 16.298078
56 0.654042 41.334196
57 65.264690 35.084696
58 75.712675 12.008564
59 15.531793 5.418522
60 22.608832 0.595389
61 4.643962 41.176216
62 72.228132 0.589691
63 12.107521 24.673530
64 46.747476 31.571047
65 95.033048 4.659860
66 60.899703 58.060647
67 58.428547 21.130178
68 30.805709 1.972653
69 73.331551 32.408904
70 12.121608 36.577678
71 14.400552 19.387367
72 95.931320 19.041073
73 72.382317 20.242025
74 0.199560 73.501732
75 64.538423 37.399272
76 91.447020 99.231693
77 72.473249 34.067593
78 93.991410 93.359054
79 12.344048 89.656069
80 55.380473 61.850774
81 45.087713 53.824275
82 77.562618 88.156134
83 53.783815 18.134922
84 62.815072 87.050963
85 59.064333 51.527780
86 35.954604 1.750806
87 87.334159 85.380965
88 78.411818 28.999169
89 77.384847 31.808429
90 76.363383 18.673475
91 8.460103 73.371138
92 80.060548 9.850092
93 80.526475 74.299074
94 61.728008 90.051426
95 19.568490 68.334181
96 27.641306 65.211187
97 95.820104 44.113036
98 19.760565 54.435581
99 56.767742 31.654796
100 71.581294 88.149429
101 49.215210 38.650027
102 9.867199 41.806802
103 71.153538 60.595824
104 71.170251 52.443635
105 95.958137 68.151338
106 0.250645 58.814700
107 86.587641 45.224381
108 38.391631 2.755432
109 55.573823 67.769835
110 56.646369 65.539018
111 33.122239 22.511498
112 54.170482 7.581411
113 69.961568 51.304722
114 55.958711 87.064407
115 55.083523 37.583290
116 56.226259 45.375898
117 0.244831 27.630678
118 43.356725 15.650421
119 13.398827 84.824708
120 32.448723 86.288620
121 95.496256 38.968049
122 38.577029 67.529772
123 26.685273 55.340133
124 69.536067 55.174069
125 75.013802 65.903877
126 76.164186 77.861982
127 31.522454 85.643105
128 9.615027 17.772645
129 8.363361 36.620113
130 5.640174 76.025728
131 38.380465 28.319698
132 3.138263 19.594766
133 83.982340 40.466854
134 26.987988 5.012065
135 54.111386 34.313363
136 73.284787 19.847262
137 61.378837 81.010438
138 21.393573 78.015391
139 9.407235 58.684413
140 98.121657 91.345509
141 48.192134 4.723386
142 67.214897 30.782774
143 27.088997 21.001684
144 35.902896 85.962134
145 7.369452 25.388427
146 90.621705 38.059059
147 16.276804 11.175838
148 98.830240 14.383129
149 13.241582 53.039356
150 46.627775 17.677205
151 23.158700 84.406351
152 66.875665 11.525688
153 95.844320 91.221455
154 63.330413 93.990340
155 65.229306 88.448085
156 41.788624 28.199002
157 44.893346 20.220411
158 20.319987 57.497193
159 33.559258 34.594816
160 95.413906 81.481651
161 36.687875 72.254543
162 72.323398 66.314632
163 35.493048 97.614735
164 88.621972 35.209861
165 59.476039 51.354614
166 19.937953 51.925458
167 10.807469 9.310988
168 6.164025 6.623842
169 2.964463 0.760677
170 6.695416 27.322823
171 56.109088 46.147006
172 46.689328 95.003433
173 69.591619 36.176701
174 62.386393 61.305665
175 19.352950 39.414547
176 81.616439 73.956517
177 25.151890 90.988983
178 74.904980 83.241755
179 81.615496 29.584934
180 68.005098 12.057190
181 73.966961 53.826162
182 56.553260 49.720742
183 71.481923 47.786988
184 33.249180 12.822096
185 69.131096 64.850632
186 46.069716 14.477834
187 62.632592 95.165567
188 50.725325 49.038237
189 17.985057 13.227467
190 7.470342 0.123231
191 12.507953 47.958827
192 22.018785 1.132480
193 91.447336 20.631877
194 17.787297 78.158253
195 31.235545 39.938010
196 58.437503 0.654917
197 94.532716 48.096116
198 85.965787 57.377428
199 40.534473 8.018584
200 23.877515 64.790601
201 71.209714 44.462412
202 1.709014 53.676449
203 49.400925 68.049156
204 66.758533 38.029813
205 81.565576 63.312840
206 40.983387 71.148797
207 72.944501 3.433063
208 89.728529 93.867464
209 47.932205 97.817007
210 82.038759 60.335770
211 2.732255 6.620701
212 30.348873 69.034527
213 14.133232 36.377513
214 15.993696 2.452644
215 3.253968 18.154046
216 75.281162 30.950651
217 49.420006 32.427441
218 82.921969 81.709290
219 0.158906 78.613386
220 66.441724 13.997526
221 99.354496 11.054120
222 83.043361 58.201512
223 79.993696 56.025140
224 97.701083 75.661461
225 75.850373 71.364056
226 10.113265 11.221979
227 81.704247 12.090546
228 14.783534 6.517551
229 6.619502 70.404187
230 50.187023 98.633316
231 90.875755 22.066264
232 51.761609 27.890754
233 21.558894 87.932168
234 97.137631 85.025930
235 17.873611 85.362686
236 59.932255 72.931251
237 72.545687 30.134575
238 74.509377 50.785681
239 53.940890 81.852200
240 59.860374 5.183515
241 55.950540 18.504928
242 13.411032 11.333167
243 2.668276 40.757931
244 25.481468 21.989446
245 2.702316 90.206011
246 54.059700 60.216174
247 41.263173 4.429389
248 39.549523 8.815139
249 78.958900 9.173053
250 52.978845 41.774093
251 21.895506 20.899866
252 81.998745 85.304672
253 63.287381 40.509108
254 0.265200 29.314629
255 55.081963 91.250265
256 37.993738 12.230377
257 11.682030 46.518299
258 36.669523 40.616688
259 93.217754 18.563957
260 68.075852 4.647715
261 44.243005 54.139227
262 56.826816 22.680092
263 86.785013 27.584769
264 50.021999 8.152659
265 56.455552 38.042751
266 53.590660 64.150442
267 8.295685 94.720788
268 1.700951 45.666798
269 33.783543 79.169959
270 81.299125 35.111303
271 13.115166 77.418556
272 88.382343 94.165727
273 16.174025 4.441036
274 74.839024 44.279983
275 53.429862 21.907177
276 4.136214 82.922620
277 57.496522 64.934578
278 48.223633 64.459800
279 77.571718 29.171691
280 49.701065 78.435366
281 70.977745 51.054611
282 75.239642 85.348138
283 38.537326 48.751804
284 56.364020 44.845020
285 66.065104 54.275066
286 80.620023 15.155446
287 8.201754 78.370388
288 63.771062 53.499389
289 44.001026 37.825063
290 26.017235 40.024981
291 4.667536 18.022143
292 57.579003 11.604409
293 95.614476 88.585634
294 28.646781 80.899842
295 27.156976 3.998212
296 48.493395 72.459640
297 79.661689 49.489093
298 44.894958 80.275163
299 88.364620 72.615476
300 53.131790 26.565739
LOCATIONS
1 79.852096 3.941927
2 17.844159 3.640344
3 58.727130 75.639473
4 91.052672 39.462771
5 31.193189 13.510562
6 14.977333 26.104335
7 67.867262 96.905343
8 12.028839 56.348822
9 20.108071 81.258368
10 10.625225 56.896022
11 90.182930 25.378133
12 4.442056 66.136794
13 84.347002 71.351543
14 64.220723 80.535927
15 30.282193 45.796126
16 34.094433 52.874474
17 73.724783 27.794975
18 64.181599 14.492436
19 13.760535 64.798926
20 22.798802 96.338403
21 14.140983 96.716936
22 83.487137 16.709678
23 34.964118 58.883796
24 55.961530 96.141405
25 95.214501 18.378866
26 99.519983 84.662195
27 13.559905 80.798648
28 78.061567 63.234497
29 94.744678 75.474952
30 53.367271 4.853991
31 38.592612 19.396366
32 88.443548 52.210902
33 62.549109 18.411648
34 33.895782 4.889608
35 47.974902 55.150715
36 54.964282 52.881873
37 66.355521 0.357157
38 73.603213 66.786008
39 83.098899 24.364574
40 6.548100 42.122327
41 7.209674 4.862995
42 9.886367 67.829233
43 29.887966 41.617212
44 76.470424 93.602468
45 87.789476 27.070582
46 40.155710 85.599737
47 79.956019 40.663402
48 90.572147 88.256061
49 54.622201 12.290097
50 51.434367 55.274093
51 62.249555 90.556592
52 39.152307 87.908396
53 64.713015 85.147478
54 79.592285 28.305884
55 87.744335 55.070329
56 69.759364 92.230111
57 9.283127 28.768766
58 73.071705 59.682624
59 22.874222 57.129593
60 22.854456 22.015166
61 13.230703 11.616217
62 56.303661 51.553451
63 34.174841 47.016199
64 89.371675 33.232438
65 11.376587 82.622062
66 96.922212 37.773647
67 88.342210 62.051907
68 18.803052 17.462938
69 58.269283 12.289448
70 18.660553 64.619802
71 96.036584 91.369610
72 80.618527 48.392527
73 29.375209 77.295647
74 26.213041 41.646388
75 65.837321 3.201667
76 27.775838 20.900299
77 45.108119 99.297968
78 75.417283 49.446368
79 10.465771 57.243099
80 85.716268 27.365904
81 8.767464 2.139151
82 53.898844 59.548097
83 47.018606 79.934813
84 91.829373 48.382932
85 90.807318 69.009705
86 54.680843 41.939114
87 32.866682 47.672387
88 45.666180 45.899090
89 97.836465 61.530782
90 47.031017 21.807732
91 11.944801 46.640933
92 76.182137 2.993208
93 51.306591 75.502215
94 91.157116 22.771791
95 23.479326 18.872052
96 85.382274 31.230196
97 60.743824 80.982590
98 25.656406 64.054452
99 31.198896 39.831045
100 24.457782 48.437706
101 34.272397 61.563700
102 26.352849 96.552977
103 21.096392 43.723288
104 3.420292 36.618077
105 80.551134 85.042029
106 20.209532 41.864538
107 35.996407 47.793827
108 40.633852 78.471036
109 68.665428 27.896717
110 60.436307 7.207059
111 79.765716 6.579520
112 21.001377 97.641404
113 13.290165 34.480186
114 46.657123 45.381853
115 87.441719 90.964502
116 50.344534 92.562019
117 36.678747 3.695240
118 81.944340 98.368735
119 67.089834 32.782926
120 15.080010 55.599655
121 64.438752 46.228949
122 2.144266 3.004334
123 71.927496 57.668952
124 61.520530 53.945671
125 72.081324 97.704477
126 19.654051 3.313275
127 75.623410 42.325290
128 79.862147 37.475068
129 48.506754 48.313520
130 90.894969 93.701350
131 82.133863 79.677911
132 52.234550 67.171072
133 95.483457 7.360914
134 16.370981 3.582248
135 0.912314 81.262416
136 86.195384 43.424382
137 74.151865 98.700127
138 32.661643 49.672410
139 99.268298 53.528094
140 13.231353 69.182863
141 33.163891 9.078677
142 50.755399 70.256491
143 74.627558 28.984994
144 90.248645 46.205100
145 67.781035 50.553846
146 19.405634 37.345925
147 61.769503 62.130653
148 17.524537 78.696288
149 79.345780 2.821107
150 6.087120 44.787455
151 7.682080 96.604637
152 62.924471 32.679496
153 96.545955 26.265260
154 69.747954 88.014346
155 12.830710 75.422021
156 23.303975 24.187245
157 0.570526 63.522903
158 29.942570 32.437204
159 39.223712 24.486904
160 55.854694 20.761279
161 90.659656 16.886672
162 82.837848 94.179128
163 84.744072 47.855912
164 29.748614 11.776777
165 4.186926 36.957336
166 89.199243 2.954632
167 39.439668 58.559238
168 34.326322 4.163760
169 72.414165 88.057374
170 38.741028 50.307700
171 35.125968 95.897363
172 9.874469 95.390880
173 98.002701 32.430350
174 66.619589 63.028839
175 61.050461 48.749312
176 98.941061 75.535125
177 82.825222 25.624930
178 15.795644 28.170269
179 52.942573 9.005947
180 23.245778 27.935250
181 91.491694 24.455127
182 26.319265 40.432003
183 96.989163 68.698935
184 74.129319 74.704939
185 63.801647 33.278947
186 58.345674 19.805536
187 13.704662 71.235352
188 78.586001 57.509772
189 61.790746 98.517840
190 1.049307 4.104073
191 84.661628 23.072337
192 77.905222 3.314209
193 88.184697 48.058783
194 86.108170 67.165286
195 28.307797 47.446210
196 86.233013 41.564004
197 99.738159 75.729876
198 92.159037 83.278325
199 33.092101 88.139332
200 34.170947 46.032231
201 58.556519 25.070770
202 52.644181 71.119354
203 95.759695 78.645876
204 19.071094 81.158056
205 63.912443 26.359663
206 67.086292 54.352499
207 55.040793 13.236527
208 1.358605 13.556776
209 5.338211 28.408266
210 89.803722 69.938607
211 22.877510 49.911829
212 54.527646 72.671998
213 73.335252 84.277901
214 30.784978 53.038276
215 37.268797 74.065025
216 38.463292 61.032466
217 73.182637 43.095279
218 9.827192 5.917209
219 42.225258 88.497482
220 73.128153 4.423049
221 46.123118 84.930931
222 40.164720 73.790982
223 63.635205 55.399124
224 33.271711 86.198477
225 29.111779 86.282715
226 63.348444 58.501942
227 69.489360 14.429458
228 46.000693 92.495331
229 13.582548 39.259447
230 38.398804 43.427804
231 54.288129 0.032007
232 43.040496 92.683100
233 70.664960 79.359660
234 1.762434 51.706588
235 76.498188 65.814945
236 96.168250 41.211022
237 5.342925 32.187827
238 83.613225 11.293410
239 1.957859 8.323352
240 35.282846 88.127520
241 48.118248 22.151811
242 60.934571 54.424471
243 58.943240 61.949397
244 43.713358 17.005888
245 41.283605 6.351217
246 35.915350 36.306799
247 72.621747 0.523192
248 14.114218 51.049358
249 46.020112 94.748754
250 50.814174 63.876378
251 78.486910 57.111403
252 27.663517 11.732468
253 82.395859 94.986919
254 49.876478 26.279440
255 63.975717 91.582732
256 61.076891 60.401326
257 22.608611 73.534361
258 10.282039 37.239929
259 4.178177 78.817856
260 35.046388 87.838278
261 6.215207 68.648252
262 11.084052 51.780722
263 50.987719 72.793718
264 91.441913 37.979537
265 46.385909 95.733749
266 94.149883 78.311519
267 14.705280 51.364426
268 37.361445 43.186285
269 90.765797 26.014061
270 14.032949 82.484500
271 46.001372 10.194736
272 50.354045 59.686815
273 65.517777 75.783352
274 14.057800 92.609294
275 23.437378 59.391195
276 12.869841 2.157836
277 17.858414 24.235572
278 31.041180 38.102723
279 70.749664 70.838042
280 72.652305 62.177739
281 49.405488 27.219114
282 85.450913 72.794830
283 46.065863 44.704886
284 95.836875 24.694909
285 20.588921 25.347809
286 2.708695 86.830014
287 60.617028 0.141546
288 1.411319 86.780392
289 89.064043 49.786932
290 89.671162 0.839932
291 39.918136 74.056505
292 20.526824 47.725244
293 58.808260 92.536753
294 17.759416 74.659132
295 71.370303 8.030617
296 40.510433 76.373033
297 77.021239 54.502777
298 94.233983 93.928946
299 66.164991 32.817526
300 56.588334 44.161772
