100 100 10 COORD_PMED seed=20260709 source=pmed2
CUSTOMERS
1 86.028891 34.822538
2 72.365153 89.131287
3 42.263059 4.067656
4 97.602382 11.550535
5 2.697016 67.351353
6 17.033757 49.233138
7 88.798209 60.200938
8 72.892239 76.931838
9 42.701471 79.305628
10 59.799408 27.210539
11 52.542394 22.758044
12 79.233842 51.514314
13 0.296206 61.370159
14 58.817986 32.527988
15 64.831115 61.738815
16 45.286420 64.148917
17 13.852936 50.016227
18 74.208886 1.709168
19 73.433470 46.226908
20 45.779178 15.352319
21 93.732488 36.316370
22 22.452360 56.090886
23 95.553008 34.406703
24 99.355198 31.143534
25 59.205741 60.109416
26 94.325237 51.558911
27 72.890749 65.313927
28 10.596697 68.009138
29 31.200527 47.723379
30 12.832330 74.217598
31 92.795589 27.253714
32 1.164401 33.017804
33 11.754253 47.081901
34 5.625695 73.188593
35 5.776266 89.312501
36 57.617859 32.458599
37 62.949993 30.941831
38 10.596614 61.556515
39 83.536058 87.026358
40 84.282821 14.690514
41 12.719869 1.730750
42 43.500469 87.114837
43 50.360345 15.071615
44 63.138586 1.819251
45 57.325406 15.536190
46 28.233671 92.737662
47 67.387863 34.074636
48 26.825523 76.952832
49 90.875625 78.256712
50 63.207448 42.454538
51 45.537197 54.602755
52 11.173057 99.305037
53 7.327553 78.262981
54 70.828615 86.257530
55 57.233106 41.387446
56 98.251970 16.112048
57 82.943045 39.504257
58 72.298455 44.380756
59 31.099692 90.115822
60 3.987498 63.408032
61 83.314018 60.383166
62 48.831796 55.203533
63 97.832773 54.180165
64 43.478338 66.714281
65 9.568824 37.410593
66 32.346851 96.221226
67 13.833454 40.809711
68 19.730160 17.853704
69 75.512904 72.783416
70 57.948258 67.673065
71 18.302336 34.637934
72 20.536246 91.132718
73 16.393743 76.189032
74 9.855322 93.305316
75 19.734761 5.662237
76 4.367387 85.787428
77 60.102428 78.102857
78 20.681501 94.942764
79 31.658947 26.725101
80 96.433225 14.495558
81 86.568103 7.845186
82 64.250366 1.709809
83 57.010830 91.271072
84 20.496288 39.643075
85 53.824643 50.375052
86 54.049886 29.227797
87 87.007800 32.634181
88 94.088684 66.534894
89 52.478226 3.430019
90 14.280115 92.386745
91 21.080873 5.739925
92 24.753107 93.553482
93 13.194956 95.440910
94 33.194569 0.758648
95 10.165767 36.499648
96 94.520464 40.441256
97 39.774812 46.927838
98 4.303333 39.905864
99 83.762979 21.480578
100 64.035561 22.181638
LOCATIONS
1 32.959097 71.251860
2 28.725646 10.030725
3 78.693286 27.081712
4 82.384338 46.420983
5 65.498448 37.357013
6 4.859790 23.752340
7 87.515441 26.699472
8 87.159481 59.497050
9 0.513681 19.949977
10 8.003327 28.290072
11 5.252772 92.781787
12 93.274745 76.924702
13 48.935880 30.386026
14 79.551760 2.345340
15 40.583669 56.864941
16 8.279712 76.866246
17 66.539632 16.917212
18 11.949923 10.530794
19 97.218793 26.034653
20 20.651637 72.048169
21 96.764672 35.318179
22 29.686904 53.532347
23 10.937980 15.075363
24 62.067724 85.578644
25 80.287765 79.007290
26 16.941283 2.888277
27 11.219281 79.725937
28 56.761330 27.687917
29 97.490188 63.290479
30 53.700904 63.187459
31 30.364614 90.881863
32 92.991905 59.706477
33 93.017219 46.252583
34 60.745708 55.084616
35 2.831650 31.965458
36 70.699449 29.374637
37 55.673313 88.112188
38 59.298106 70.501169
39 82.369645 6.348060
40 55.650748 51.058964
41 32.763555 27.062018
42 4.449266 73.730231
43 80.293002 3.679089
44 37.621371 59.496949
45 80.227737 77.474595
46 47.139872 92.245308
47 25.873839 24.422237
48 96.513967 81.926993
49 81.689200 84.326939
50 67.128948 28.237946
51 90.385968 99.072052
52 90.319438 36.923627
53 12.998348 92.444020
54 45.421601 96.675399
55 67.700892 49.209645
56 36.141074 93.560727
57 76.340706 94.262698
58 40.628643 38.633063
59 46.695416 61.897840
60 81.149107 28.136166
61 72.481455 49.347382
62 45.958301 27.282421
63 32.129786 75.397693
64 25.270439 83.964458
65 5.822065 65.208298
66 27.293717 94.256582
67 66.875855 82.776804
68 39.071360 23.023705
69 98.537146 43.109518
70 36.671730 76.274456
71 75.420281 90.523489
72 69.247856 91.453160
73 53.248983 2.715189
74 68.694847 89.584277
75 24.760852 23.557778
76 81.321307 85.385988
77 9.719792 30.623574
78 71.378221 52.650277
79 48.483896 48.507416
80 92.634144 63.013477
81 70.441133 63.660962
82 59.540834 10.120013
83 43.237963 34.736346
84 10.479880 26.644655
85 52.334437 20.794291
86 46.374082 24.167586
87 0.286476 49.832975
88 95.477157 96.137987
89 41.740723 32.720156
90 39.696022 81.267459
91 30.697352 18.192627
92 80.106890 62.746805
93 19.249061 56.712335
94 85.166655 23.063821
95 87.522647 17.484417
96 14.601064 55.342919
97 56.361446 19.189413
98 34.780518 58.113593
99 37.497615 75.114004
100 91.017525 36.654080
