100 100 5 COORD_PMED seed=20260708 source=pmed1
CUSTOMERS
1 3.745045 53.734357
2 42.743286 36.923587
3 26.559246 2.400432
4 65.471144 70.836974
5 51.485151 58.180853
6 75.626499 44.395453
7 96.682692 14.687868
8 7.050321 19.991825
9 47.279084 62.049827
10 49.457706 54.988689
11 25.370194 52.701054
12 42.466929 3.335838
13 59.293024 90.283303
14 45.268274 11.311706
15 27.326565 22.286580
16 81.443448 17.019419
17 67.630505 58.608879
18 46.450063 5.711729
19 47.267192 72.147259
20 24.847099 44.290396
21 83.248310 49.590737
22 66.057445 84.541005
23 29.380074 59.626453
24 21.990679 13.896325
25 88.952759 54.413243
26 55.109677 71.703609
27 60.323985 61.390284
28 26.876098 45.735301
29 49.635098 62.236711
30 61.980778 46.749511
31 53.128517 63.192819
32 48.001605 48.325941
33 88.731290 47.144077
34 89.682569 34.570124
35 52.075602 95.031481
36 4.542649 11.249052
37 64.300735 2.832056
38 50.385649 59.397464
39 16.949999 58.191541
40 55.156538 52.503136
41 44.578307 70.511534
42 46.593044 20.526324
43 89.210091 66.084417
44 98.458877 69.320824
45 76.870451 75.925797
46 35.071897 95.467742
47 12.704825 80.811089
48 8.821648 23.795853
49 70.338984 55.506039
50 70.951625 72.777443
51 1.605727 55.371971
52 61.805605 74.207085
53 51.084433 21.371478
54 40.369255 59.597886
55 54.870422 3.824785
56 87.846263 40.156379
57 92.332107 66.830548
58 47.036044 47.821018
59 20.478566 93.541012
60 85.952057 34.447643
61 76.440218 94.204199
62 95.105220 28.472434
63 84.900810 94.399860
64 89.613460 14.307446
65 7.267761 48.031764
66 66.122718 94.467238
67 2.783019 35.912652
68 32.430752 0.794635
69 27.129886 54.007217
70 76.236584 29.036908
71 80.611602 35.923248
72 20.788561 79.427813
73 21.525128 55.221665
74 80.773424 25.030845
75 2.315089 46.959683
76 54.031750 67.070204
77 35.418993 55.193796
78 96.058993 4.537846
79 90.758067 66.932956
80 29.344846 22.815401
81 89.447439 56.158961
82 53.903110 1.445210
83 20.039189 13.377098
84 93.817307 91.773245
85 47.376453 66.190808
86 10.197862 97.813767
87 67.545460 99.753798
88 32.926782 9.069174
89 21.347754 6.263987
90 99.335830 70.663262
91 73.258509 38.765373
92 30.416220 73.632241
93 31.076071 95.289150
94 2.115562 28.282223
95 92.776673 58.259530
96 63.767863 26.697119
97 19.594981 57.833246
98 18.383094 74.326108
99 28.381165 74.982914
100 46.082189 53.165328
LOCATIONS
1 35.191890 79.693782
2 67.322834 87.673789
3 66.230220 52.051799
4 97.957990 75.693467
5 95.014946 10.742947
6 79.277053 20.278591
7 14.200141 85.093679
8 45.994921 60.299420
9 92.690038 40.601331
10 58.291354 67.997896
11 46.280120 4.838761
12 96.940802 64.153883
13 27.631187 83.587178
14 56.305863 79.461011
15 68.675520 60.075787
16 43.819649 20.522803
17 27.120519 41.382847
18 75.217500 85.621719
19 77.189661 95.934494
20 9.755195 3.235700
21 99.472773 58.984280
22 25.512847 47.514500
23 29.330224 89.270982
24 79.900896 68.857685
25 60.989428 49.634042
26 68.714985 36.785564
27 33.319337 43.280858
28 98.319836 89.213403
29 29.494493 57.092391
30 70.734204 92.726813
31 0.603282 3.796681
32 20.030833 70.976605
33 25.693322 61.685250
34 61.339712 7.341200
35 72.792172 48.473350
36 27.745135 35.875903
37 97.765186 56.107396
38 45.540455 60.979505
39 7.854725 26.697045
40 50.939048 51.091416
41 7.306015 42.162011
42 43.458515 70.510112
43 22.011541 88.490787
44 84.149492 79.721217
45 97.051525 61.696050
46 0.675690 25.298091
47 20.221011 87.306274
48 10.916714 86.411924
49 72.280936 68.475681
50 85.201544 61.494523
51 15.573032 10.366047
52 53.411325 29.743290
53 4.494322 69.765572
54 53.853204 75.657766
55 45.544846 63.222861
56 81.971616 31.443640
57 55.078488 8.728808
58 68.930667 52.925399
59 36.187306 33.305017
60 31.622165 7.829954
61 72.460446 62.354928
62 49.312525 83.451094
63 26.237782 83.013737
64 32.928811 54.918771
65 72.056171 47.728020
66 24.978179 34.228470
67 47.600328 27.744006
68 11.883298 56.175363
69 16.826054 22.347194
70 39.891611 16.008617
71 89.636085 49.101653
72 26.328487 97.693126
73 10.271959 32.468133
74 78.426574 24.621974
75 55.659084 84.587921
76 68.009184 5.779854
77 39.587089 88.924865
78 36.944305 9.961817
79 74.818874 37.732378
80 89.657404 92.303234
81 61.574663 53.468115
82 64.692856 37.387027
83 66.457730 53.887425
84 81.122226 74.717739
85 98.255799 56.653166
86 44.213474 3.563545
87 50.815412 55.595035
88 75.536992 97.519437
89 65.506829 55.154257
90 85.314029 41.375604
91 18.468160 1.369480
92 17.668412 53.868351
93 32.454109 16.979757
94 70.121747 57.996673
95 89.672034 14.272954
96 21.083967 11.289368
97 83.698276 85.307493
98 36.582497 1.372210
99 22.956082 97.439795
100 98.954412 81.883535
