900 900 5 COORD_PMED seed=20260745 source=pmed38
CUSTOMERS
1 83.028507 42.596343
2 94.260059 66.997202
3 67.799518 80.460189
4 98.048015 67.128944
5 22.017181 29.198321
6 37.396161 71.127526
7 17.161946 51.525373
8 44.097005 73.344723
9 45.939371 52.099804
10 97.942933 11.476807
11 0.174266 60.710770
12 52.212575 57.283589
13 99.769368 89.781563
14 90.088284 1.792883
15 49.607463 22.693851
16 14.460604 56.156814
17 54.369546 55.598961
18 6.666168 11.552070
19 25.293164 42.857649
20 98.313893 69.873506
21 68.201568 86.438672
22 94.192208 59.693808
23 93.254667 0.204562
24 85.243336 19.275703
25 49.028274 9.863345
26 47.724167 82.098700
27 25.090213 77.496260
28 57.353361 20.881734
29 32.328699 18.287542
30 83.630380 59.649773
31 13.824687 20.445206
32 69.057389 71.027554
33 99.508931 5.104506
34 38.400746 77.268148
35 46.189862 95.001835
36 50.362599 39.579601
37 32.406967 95.419847
38 18.554406 30.634723
39 55.244399 45.015296
40 78.275144 90.200243
41 16.496456 63.964613
42 59.849896 7.160414
43 81.944705 21.514413
44 3.823734 18.613744
45 84.683676 0.284934
46 44.732615 94.611883
47 40.089941 72.411960
48 39.117476 90.454404
49 13.471323 84.039495
50 38.043721 93.883011
51 57.920763 63.144511
52 11.035336 63.014878
53 24.560888 42.325532
54 50.308466 44.876302
55 80.473965 26.081831
56 3.241998 56.300664
57 53.260694 14.019480
58 58.191539 92.221713
59 27.634892 86.180138
60 20.060115 6.045434
61 61.671920 80.698936
62 68.149780 30.452677
63 94.821525 63.586986
64 84.936899 62.723987
65 69.476277 83.455921
66 26.047446 53.929114
67 56.434991 10.845235
68 4.582941 35.946825
69 80.352254 84.515927
70 11.441048 41.774486
71 47.356157 42.294142
72 40.219773 96.975756
73 73.124222 94.229751
74 32.575215 62.270023
75 18.112752 21.276457
76 99.867937 3.385542
77 23.481078 38.446527
78 33.783032 39.013112
79 61.918809 92.013408
80 31.709957 34.392811
81 61.874853 6.843033
82 16.436965 92.472171
83 65.436238 78.578952
84 48.694384 95.066754
85 77.919312 43.601686
86 61.760850 49.770787
87 27.268489 10.948939
88 47.024417 0.513320
89 41.222424 13.363157
90 33.214101 71.943672
91 18.765033 1.652554
92 95.830161 81.214527
93 65.093098 18.140342
94 12.656933 99.487176
95 32.137868 54.516416
96 23.844227 12.652893
97 19.788076 91.164211
98 32.140651 94.758460
99 19.019553 42.331583
100 32.395262 21.302450
101 63.062992 39.159760
102 91.300298 45.415695
103 44.268620 14.384350
104 82.420669 5.670188
105 49.113146 26.550863
106 88.193694 83.884171
107 75.769340 58.790381
108 57.844258 86.220570
109 17.722702 91.616766
110 49.783641 82.459508
111 61.193866 12.856122
112 94.035915 2.246179
113 68.869080 69.413928
114 26.452966 50.259053
115 26.376526 33.004874
116 72.670057 72.125270
117 45.105715 40.440945
118 36.334690 88.510643
119 35.122852 83.238391
120 36.046774 81.998830
121 39.147819 13.120320
122 84.018151 90.761662
123 77.794448 93.945433
124 5.127781 33.956435
125 45.629396 2.554731
126 1.093148 62.655935
127 25.450428 43.357797
128 88.026832 11.874900
129 30.212792 97.145150
130 11.304188 41.255217
131 87.594030 28.552328
132 48.533048 2.262200
133 45.324617 44.410568
134 67.889575 13.479570
135 29.811693 15.277889
136 30.492232 66.891250
137 94.800851 58.078862
138 46.674418 43.889898
139 35.320091 21.851010
140 62.179257 50.798467
141 72.372555 79.106028
142 65.885251 8.029152
143 93.789944 10.448132
144 37.517660 98.300017
145 45.260381 95.906325
146 40.608078 41.669274
147 68.989599 19.312451
148 28.500129 37.241216
149 48.017441 73.007101
150 40.046866 42.119287
151 91.643379 25.957550
152 80.510186 27.463473
153 39.124735 96.404332
154 31.713307 96.659130
155 69.427470 64.106755
156 78.027271 52.411444
157 79.133512 13.447319
158 73.441991 1.980524
159 71.984571 57.261155
160 55.362697 27.912536
161 34.565385 73.457851
162 67.074036 44.910961
163 97.477734 43.543645
164 19.283616 36.270683
165 59.822576 47.753129
166 32.132610 51.622850
167 11.127232 43.855052
168 56.571850 2.819276
169 81.147965 26.279326
170 64.520168 53.827177
171 46.752125 81.095808
172 21.892269 87.721199
173 42.900827 25.429469
174 24.091525 71.967738
175 46.344283 0.800006
176 36.136129 32.023350
177 20.928940 37.212159
178 38.286404 77.764063
179 82.451390 73.097374
180 58.898526 39.050523
181 80.343270 91.854603
182 8.866518 16.418021
183 55.155745 91.445262
184 93.455870 6.255383
185 54.032451 25.452787
186 59.555871 20.545594
187 18.619510 55.131623
188 85.094367 42.278274
189 13.094542 84.008708
190 2.331953 78.326443
191 68.453392 88.131948
192 90.947853 32.261707
193 48.539157 62.438387
194 28.575351 41.996036
195 50.229790 21.450695
196 37.757515 51.606745
197 8.115789 52.248435
198 80.688350 36.313409
199 70.854576 79.443290
200 71.359326 54.555408
201 89.394009 54.757731
202 75.824680 45.836672
203 78.364124 25.136245
204 55.551593 2.630575
205 5.167196 20.470253
206 84.283247 45.618060
207 45.998415 71.970284
208 46.121875 95.962342
209 65.366148 95.891599
210 43.471576 80.290915
211 60.417548 71.555928
212 18.773088 53.789239
213 92.575241 52.457884
214 58.274854 36.111885
215 91.305902 73.764496
216 90.179160 68.757652
217 2.747252 0.833501
218 45.519271 83.881940
219 53.474556 68.948550
220 80.459307 79.664552
221 89.480224 63.693709
222 50.496813 96.421551
223 70.223777 2.382780
224 94.432548 47.797640
225 56.956482 7.001832
226 95.176161 99.707808
227 41.747655 46.030097
228 95.549138 70.468031
229 4.420109 95.210395
230 46.063688 95.698662
231 25.237154 30.266275
232 70.645724 66.742924
233 8.552074 11.151319
234 48.944099 28.487854
235 10.763213 14.610362
236 10.906633 80.675254
237 48.819016 70.183875
238 74.950196 15.729692
239 99.284430 2.216938
240 34.992620 33.493129
241 70.046855 11.007212
242 44.729230 9.740322
243 61.137420 81.058713
244 42.763164 56.906737
245 96.377545 42.720846
246 34.447698 14.788165
247 28.491661 60.617667
248 44.883371 47.538175
249 13.904814 79.716799
250 97.869288 58.025081
251 32.168650 66.499917
252 59.532106 81.523084
253 1.209161 93.120472
254 29.372511 67.109931
255 77.335208 42.354272
256 54.512949 98.928619
257 72.223341 39.090022
258 3.861125 26.980502
259 34.529111 33.556605
260 94.514870 42.885753
261 46.468822 65.062620
262 53.133662 55.844886
263 45.114840 4.427230
264 19.626126 48.265732
265 72.871447 74.583292
266 45.876612 88.710028
267 3.198845 61.587123
268 21.302323 25.374650
269 41.856284 62.229567
270 32.458759 47.495055
271 22.487400 76.699610
272 61.371199 15.105903
273 57.631586 66.238814
274 38.792401 31.999984
275 75.406437 4.242242
276 34.305817 57.558650
277 2.797501 34.861191
278 85.516104 31.141644
279 22.959770 58.801387
280 80.036539 28.559897
281 69.259608 18.084415
282 5.956392 45.897231
283 46.083310 97.802580
284 52.993346 56.889848
285 28.931710 22.901564
286 73.478690 48.259229
287 18.567518 74.190175
288 63.533945 37.665018
289 32.489252 0.925298
290 15.390123 94.748918
291 42.947791 9.611440
292 28.837868 66.293851
293 25.073861 69.410578
294 52.551431 24.202164
295 3.993984 62.749481
296 61.805497 58.657085
297 94.855008 27.095135
298 28.145005 18.039261
299 21.869455 9.293455
300 11.566714 32.632211
301 3.503931 10.155480
302 31.060587 12.592851
303 1.828883 16.791378
304 16.218597 78.659214
305 75.061769 5.831994
306 12.045134 3.092878
307 32.948653 56.678611
308 88.770132 89.508058
309 20.002122 70.378887
310 81.802180 99.633582
311 62.486030 73.673028
312 58.870654 92.266427
313 58.589195 76.982652
314 95.043923 43.747535
315 28.241550 95.869975
316 0.295155 95.835035
317 51.110326 56.244148
318 97.069351 26.610291
319 76.722172 83.528603
320 34.620291 43.988383
321 4.725060 94.940776
322 65.044317 61.193629
323 40.619205 98.594160
324 36.927420 10.541781
325 28.624873 50.385717
326 88.294158 83.188062
327 28.241349 56.443986
328 58.944428 69.733484
329 29.000059 74.512705
330 1.028878 27.396287
331 89.087459 72.324892
332 87.850755 76.077117
333 58.896422 24.729698
334 90.653242 89.903647
335 95.725328 18.006487
336 49.596970 61.253527
337 24.877690 98.387038
338 86.320576 4.765571
339 68.046059 66.982953
340 92.074680 50.842497
341 57.437318 55.639061
342 83.270614 24.291648
343 4.081882 41.563146
344 65.011075 56.907675
345 84.938020 55.028133
346 57.099354 93.041138
347 77.300401 55.332354
348 32.863057 20.448856
349 38.659010 62.445119
350 39.738954 4.872344
351 50.916284 52.660801
352 15.111866 26.582277
353 83.930868 52.792207
354 34.486645 49.869709
355 44.502745 24.057518
356 18.437629 65.115434
357 54.259989 9.262739
358 16.994019 11.270913
359 66.506606 39.574370
360 36.908482 97.972261
361 20.971797 32.515752
362 50.618602 34.125156
363 77.717536 26.611226
364 3.586487 96.538510
365 69.909265 40.356873
366 23.710034 40.084730
367 66.416718 26.965295
368 4.122719 26.703205
369 38.256809 39.189831
370 21.694457 9.670649
371 28.292207 39.769554
372 79.202488 72.375204
373 91.987870 22.879599
374 51.650435 68.161327
375 13.958876 38.219928
376 96.663149 38.185924
377 7.867195 10.857749
378 86.628205 20.738549
379 75.906141 80.635911
380 75.764134 86.256693
381 99.138640 89.958680
382 6.855791 39.171458
383 81.853030 3.220366
384 80.833290 48.216135
385 40.915167 66.307002
386 18.109677 22.671610
387 9.357479 89.093870
388 19.440415 64.974125
389 60.896865 70.835567
390 28.550684 44.603741
391 31.569053 41.808528
392 96.342775 93.666176
393 29.911805 48.867962
394 23.547233 85.020275
395 5.047848 69.766614
396 58.845882 86.194694
397 91.429980 47.880044
398 6.534316 21.297106
399 59.768600 13.664607
400 52.760478 49.300080
401 44.728885 8.802016
402 88.281022 21.077390
403 40.016085 83.185822
404 90.590403 56.381542
405 88.178376 70.000368
406 96.021102 47.042239
407 9.268872 38.894789
408 46.284413 37.264871
409 23.355566 97.881563
410 61.041912 55.400626
411 6.311800 57.505052
412 24.596412 49.744347
413 51.309286 50.568104
414 32.125801 44.321409
415 79.746235 5.487456
416 7.269045 87.726237
417 29.630094 57.918317
418 87.813736 94.684553
419 13.747613 35.102197
420 92.420820 3.463004
421 79.095615 76.067200
422 69.587184 35.848351
423 68.510165 82.313852
424 92.294779 0.231514
425 32.857468 17.635906
426 94.007298 16.960730
427 37.971490 81.588218
428 7.839901 61.207351
429 96.622189 16.343916
430 6.663549 64.740947
431 60.740960 8.611713
432 81.491954 89.538218
433 75.148369 14.150367
434 91.550414 9.232413
435 35.416041 32.150080
436 36.438385 23.462466
437 40.570552 28.372288
438 90.371438 90.971578
439 63.488271 16.121457
440 12.018372 56.118261
441 51.586396 48.280558
442 21.135609 15.565530
443 67.206444 75.434570
444 12.606597 68.545909
445 31.257285 33.299894
446 31.156504 37.491098
447 90.386730 50.593625
448 11.059283 36.836243
449 75.398600 26.402621
450 92.264520 46.676384
451 1.886132 90.943075
452 9.089861 19.032827
453 62.612326 34.214034
454 67.322164 84.575001
455 54.601752 6.210532
456 78.543231 19.702782
457 24.014037 76.608028
458 58.862342 27.819957
459 47.572586 80.751832
460 0.194934 26.201281
461 7.249122 94.332191
462 64.075019 60.623379
463 15.204763 56.667185
464 4.966173 41.828446
465 51.001348 87.996128
466 83.337655 33.557701
467 18.075246 69.280179
468 15.784468 45.226984
469 1.552536 31.573440
470 46.666822 17.477432
471 49.426046 0.182699
472 60.976184 69.559001
473 77.084098 86.352171
474 15.761218 77.353881
475 97.974779 55.945760
476 13.569008 42.646575
477 65.860826 91.323607
478 77.495986 90.933521
479 5.856646 52.505531
480 6.920397 47.473097
481 49.840761 88.104029
482 65.228020 13.019428
483 60.557415 95.240589
484 15.761442 59.459892
485 12.334071 75.350577
486 4.965769 69.615124
487 99.895325 30.422266
488 88.978581 2.013972
489 63.328063 30.953227
490 22.257694 28.450169
491 97.389322 75.716893
492 83.938994 24.326446
493 26.042559 78.781014
494 1.005075 52.819498
495 40.977233 37.208363
496 39.128977 94.009573
497 76.762384 1.509077
498 29.830616 60.321156
499 98.923710 22.894809
500 23.875077 23.765099
501 11.693725 58.942944
502 3.622894 6.753969
503 4.296106 49.672366
504 9.797328 70.277554
505 66.416146 24.364623
506 47.793606 83.113131
507 6.298029 89.036785
508 32.991997 24.876932
509 46.986252 78.987993
510 5.673598 45.952827
511 25.556966 79.048760
512 35.736861 58.267549
513 38.805681 48.593038
514 22.274369 88.925952
515 17.470391 95.833617
516 49.907215 43.425974
517 59.239139 63.921180
518 0.021007 67.180194
519 24.311867 85.584921
520 49.901161 16.979548
521 24.199609 21.445950
522 66.033230 5.032519
523 59.032211 46.303236
524 58.550417 76.735679
525 8.873756 55.753939
526 49.506582 79.421282
527 28.591495 9.995832
528 75.491361 66.811269
529 98.684674 0.117461
530 82.996347 53.311723
531 34.877614 29.618631
532 76.186047 89.915045
533 32.410617 26.765725
534 60.662491 45.453290
535 40.842363 69.137112
536 65.345146 16.122003
537 79.890492 76.374702
538 61.955521 8.666690
539 58.803169 88.161119
540 90.999878 52.138801
541 31.195550 1.959449
542 63.027293 21.673464
543 60.622522 57.021151
544 44.798996 25.753978
545 76.381566 9.710997
546 78.292744 25.154310
547 66.677285 9.607596
548 6.889098 3.795808
549 70.155311 81.597888
550 18.170527 20.758883
551 18.217698 9.728381
552 4.988589 86.527017
553 58.678999 34.188822
554 14.043507 66.204306
555 1.910971 4.872086
556 82.155904 76.327138
557 98.666610 45.865562
558 61.196981 63.199136
559 80.328809 79.728147
560 51.490387 84.159377
561 86.416804 21.404961
562 91.418374 81.740515
563 33.373233 17.811128
564 61.640211 0.436100
565 33.243336 73.905417
566 6.985124 21.208855
567 42.230990 83.595901
568 33.406242 50.561227
569 95.566705 65.497683
570 33.135658 93.855342
571 96.278595 33.989327
572 41.886016 99.980533
573 55.971165 64.005385
574 11.624462 7.756074
575 32.369946 21.758049
576 73.893689 19.412760
577 19.301220 50.237888
578 8.877076 82.454164
579 73.071765 96.443942
580 71.688446 36.358549
581 60.754566 19.572176
582 10.804739 74.055230
583 35.809327 30.589821
584 14.090600 49.828070
585 57.819399 36.279743
586 84.734895 64.003768
587 78.773185 1.674551
588 36.991751 31.645448
589 98.432858 39.736403
590 92.202906 65.600901
591 23.586548 76.038601
592 85.794010 50.622500
593 36.398089 94.381135
594 36.571816 65.972689
595 30.095861 39.843463
596 75.955217 63.618961
597 85.037842 28.809165
598 56.581841 20.548741
599 64.544811 11.093026
600 96.652904 2.214576
601 77.030941 52.029094
602 90.117560 70.757928
603 20.997184 73.040290
604 47.179894 92.945273
605 38.824908 58.109731
606 29.131328 23.138448
607 40.847131 33.869361
608 7.159829 89.568319
609 12.742379 71.793206
610 77.045892 96.126534
611 47.528210 11.954306
612 93.719094 85.968984
613 20.950352 56.659763
614 49.670921 79.447977
615 57.411973 24.002590
616 71.340433 44.210031
617 74.179041 82.200010
618 67.998477 7.128657
619 38.578717 94.363259
620 52.771876 67.325953
621 91.185776 10.070848
622 97.197061 20.304165
623 33.923597 42.636778
624 71.040668 57.326739
625 93.197588 7.065792
626 17.260037 99.580552
627 55.649742 21.179466
628 3.240459 90.907257
629 44.072579 86.695611
630 16.867322 26.368548
631 11.027214 49.588677
632 52.032356 93.307208
633 72.183932 47.624549
634 17.850178 60.760622
635 58.036846 20.533844
636 47.372734 54.172011
637 58.421427 86.531601
638 66.025431 28.197879
639 33.462259 79.633257
640 88.036260 63.351956
641 22.817160 29.719106
642 96.887072 9.568084
643 68.715550 7.435963
644 25.832061 49.035561
645 34.075127 56.294091
646 70.094556 97.702812
647 4.070087 25.302589
648 25.091654 52.354031
649 33.316260 3.999926
650 52.523968 70.188348
651 7.654133 24.433242
652 16.789409 92.221420
653 95.056036 49.449338
654 49.150351 45.824944
655 61.576823 40.650953
656 26.946929 27.562454
657 4.062725 92.624907
658 69.226599 47.945705
659 83.514750 29.710923
660 49.521077 42.829760
661 86.502530 80.967240
662 28.589798 1.198316
663 39.166120 37.389077
664 13.741113 65.416336
665 13.951857 87.115022
666 82.396148 68.001194
667 35.127634 98.237857
668 2.087511 3.298840
669 85.198335 68.958655
670 16.991429 91.650542
671 78.137590 26.843503
672 82.270626 89.665330
673 89.699571 66.420284
674 61.728639 67.761846
675 57.332545 11.968417
676 45.939709 25.724554
677 48.005163 72.196501
678 72.780417 1.285859
679 81.302069 49.001145
680 59.906511 84.263236
681 40.408825 27.880333
682 92.463173 15.907310
683 19.384316 46.860926
684 48.785785 78.639454
685 0.183402 11.940926
686 92.484583 83.163166
687 92.606635 22.535220
688 81.942785 20.107270
689 16.652133 10.063828
690 77.105174 36.409446
691 24.273284 33.773878
692 19.968159 5.588763
693 98.148347 19.061729
694 48.799876 48.445382
695 4.216168 85.465517
696 88.805624 43.438726
697 69.194832 99.750315
698 66.535130 60.094370
699 32.184076 42.366723
700 55.304367 17.685139
701 51.347295 38.011281
702 3.761682 81.187765
703 30.117511 47.699987
704 4.139329 4.842741
705 28.148684 97.341565
706 25.908951 46.869436
707 28.904681 26.243800
708 16.964454 50.351802
709 31.032025 66.716920
710 1.720659 64.524992
711 26.910204 11.927881
712 74.019609 21.797567
713 62.741279 60.960882
714 46.671041 44.938539
715 75.134155 23.624490
716 42.122416 48.506694
717 68.942472 44.839659
718 69.024114 89.756662
719 0.767485 92.480569
720 93.531446 8.051359
721 71.697625 1.399276
722 1.759342 93.840919
723 49.364334 71.495403
724 32.051977 2.773300
725 31.179058 78.334502
726 77.729642 96.646099
727 82.830854 22.949447
728 61.763161 88.126122
729 19.008749 0.866601
730 54.298052 27.345179
731 24.597564 31.471106
732 35.953437 32.625150
733 86.821721 32.177907
734 70.429369 73.623116
735 62.970187 85.371202
736 96.126568 31.162467
737 26.711667 24.156932
738 27.521692 17.733640
739 43.478150 10.455675
740 89.396210 54.450717
741 0.943248 56.430181
742 72.903526 20.896444
743 69.750854 92.779798
744 38.714243 13.205362
745 67.846139 94.164999
746 70.909451 80.522011
747 76.344153 15.494959
748 5.559373 12.556734
749 53.880637 96.148930
750 33.849802 17.112799
751 38.744703 31.861613
752 41.955425 14.418726
753 87.258484 72.703543
754 51.836820 87.519175
755 97.400586 6.357047
756 93.603746 83.539651
757 62.602336 72.789898
758 33.961827 36.604817
759 86.396015 98.350320
760 53.029710 72.123556
761 40.092596 43.530453
762 2.179669 38.100009
763 66.815364 93.076392
764 53.879509 29.820798
765 69.477217 82.594532
766 22.491180 92.437090
767 22.505990 36.469967
768 64.739930 54.471350
769 61.890588 83.394292
770 32.278489 33.464887
771 56.591818 6.682708
772 38.623741 92.168545
773 88.142501 76.234108
774 66.659303 51.505912
775 33.915016 60.833827
776 91.546631 76.723209
777 68.221561 92.867368
778 49.574029 11.124582
779 82.193243 39.295518
780 25.328963 4.121680
781 37.616631 7.912409
782 46.623595 68.123912
783 28.151293 22.991201
784 5.803238 16.554282
785 15.987924 43.684566
786 14.767108 11.290514
787 96.560396 98.328844
788 30.769297 43.025177
789 60.686182 42.545603
790 7.295764 35.603600
791 84.037332 70.384665
792 48.497860 43.612786
793 55.665538 74.316999
794 46.688683 52.616206
795 45.090668 51.311728
796 96.006536 61.824192
797 98.457091 72.768695
798 26.443402 24.101931
799 48.037976 94.994285
800 78.941926 61.106523
801 26.026682 13.208073
802 88.111461 84.289661
803 31.159228 33.559599
804 4.943778 57.156530
805 29.748903 64.147960
806 42.157852 85.678807
807 78.410017 45.606033
808 49.882390 0.373822
809 7.516747 57.115678
810 99.890123 78.861836
811 57.264059 90.681242
812 30.194350 73.821597
813 28.793116 44.437778
814 40.259827 98.199408
815 15.406109 91.706507
816 9.395991 80.877662
817 53.075283 21.717518
818 16.034517 21.514176
819 44.905750 6.293177
820 60.985122 50.466895
821 16.893064 61.054522
822 38.079836 49.053390
823 56.375639 49.699844
824 1.341201 1.304859
825 99.987840 46.825760
826 5.629933 11.402058
827 47.602562 97.204047
828 2.430034 27.766680
829 62.831733 99.313067
830 73.417237 78.319526
831 69.358196 1.079269
832 92.875679 53.168530
833 74.560534 53.662810
834 55.297066 93.395280
835 31.892066 10.391608
836 90.886445 81.398348
837 13.635205 80.235013
838 10.861068 25.796431
839 92.352596 57.410419
840 97.366997 70.097246
841 82.857455 16.892920
842 87.832312 61.371912
843 33.130291 44.314820
844 65.181670 38.495607
845 71.072819 37.934979
846 13.900293 36.990818
847 77.906475 48.888447
848 64.248420 54.898003
849 68.507330 1.353689
850 7.707622 72.889597
851 38.611888 42.950661
852 17.630428 82.739894
853 64.542492 65.432452
854 15.349719 30.759172
855 65.783738 50.589891
856 79.654780 97.938863
857 47.628421 23.408033
858 56.191529 3.705494
859 69.502901 48.814699
860 13.650481 85.720217
861 36.217342 52.080654
862 97.963991 51.236944
863 70.073432 11.697490
864 51.396063 42.570541
865 2.469168 38.730286
866 52.031689 68.185727
867 80.272729 0.232004
868 82.284476 47.868356
869 81.835255 54.116637
870 93.440297 81.005559
871 77.055704 61.835289
872 43.005328 89.380086
873 47.065875 23.107173
874 95.051872 74.650154
875 26.444064 18.124891
876 86.613709 66.067198
877 5.319242 91.408958
878 49.919906 96.790207
879 90.685153 63.482103
880 6.735685 90.118918
881 31.209649 24.192303
882 2.629024 70.102107
883 6.518859 71.724902
884 53.970238 8.797414
885 59.811100 2.401634
886 69.972278 4.426310
887 82.448664 2.692200
888 8.066707 36.409068
889 6.900582 43.438905
890 29.534037 42.817029
891 99.826351 75.398371
892 57.145017 76.661133
893 15.949273 31.280716
894 67.131234 57.922908
895 45.035100 7.430190
896 41.796506 36.669679
897 45.076053 70.470006
898 14.503728 17.980573
899 10.007236 45.364657
900 63.657269 62.087589
LOCATIONS
1 57.886352 67.724035
2 45.132013 40.607560
3 78.967176 28.894424
4 59.767056 86.013961
5 75.952901 95.632596
6 23.370686 1.940851
7 60.931892 5.350779
8 4.192202 59.082340
9 70.483601 45.078469
10 32.492563 85.963241
11 86.692493 93.699321
12 98.876311 65.293857
13 78.411247 50.186128
14 16.639850 12.931645
15 27.544390 76.625528
16 63.990771 14.356769
17 86.323347 67.780660
18 73.513455 64.571617
19 54.796590 21.708455
20 37.075226 1.551944
21 28.330001 18.769990
22 47.441713 27.799167
23 2.760546 61.197453
24 59.534535 85.091112
25 31.966810 21.106566
26 40.251929 63.589969
27 87.822474 73.232244
28 9.550249 21.448760
29 63.119422 86.405790
30 83.391243 46.637609
31 66.577221 76.834845
32 48.334801 2.693273
33 29.933262 29.310022
34 91.149974 8.754000
35 57.084152 76.525431
36 79.393206 22.003309
37 43.583224 5.667964
38 36.461468 70.857123
39 83.902112 36.285045
40 53.617328 11.638039
41 69.875864 81.308609
42 2.131385 43.231825
43 82.417316 79.229515
44 24.085977 77.923756
45 29.401173 66.046543
46 2.163167 92.473185
47 91.196795 47.404136
48 76.824311 15.578222
49 18.870809 67.957831
50 89.902886 78.610480
51 70.828675 65.551387
52 18.066736 90.387655
53 94.137213 73.727831
54 20.831498 51.781061
55 75.053142 18.321951
56 56.678561 1.059400
57 79.803278 75.297483
58 39.790887 73.595495
59 4.886290 85.653311
60 87.389103 59.769083
61 79.111352 9.927634
62 85.644272 81.485986
63 69.737964 48.180546
64 85.666167 69.991266
65 48.507266 45.907395
66 25.293264 39.438263
67 52.243550 15.804554
68 95.268168 72.952994
69 56.821755 35.246853
70 78.966247 87.115716
71 89.820186 29.753597
72 40.637007 51.045158
73 1.042693 36.000562
74 80.027884 49.907094
75 26.159096 25.349139
76 12.626318 58.054004
77 78.896019 47.713596
78 69.999932 50.921770
79 78.959150 86.776299
80 15.569932 16.384132
81 10.735315 34.532508
82 96.505335 47.289601
83 5.879374 11.031124
84 17.449062 27.076225
85 47.584939 50.298060
86 60.442550 27.116866
87 56.822657 58.705719
88 61.709356 89.408725
89 2.558852 53.175939
90 32.596317 25.651724
91 95.771140 50.432135
92 58.763308 86.942953
93 21.210328 21.959510
94 59.812733 39.454568
95 62.515588 6.643676
96 90.280615 98.982683
97 27.624488 9.147252
98 12.669532 93.988723
99 8.376004 1.562876
100 93.703639 89.132421
101 24.058647 30.892554
102 28.703320 27.429946
103 87.717410 72.565264
104 77.643264 20.336801
105 36.938016 55.144226
106 68.416485 48.564308
107 52.667112 54.493110
108 88.944747 33.572803
109 2.392482 47.610513
110 38.099369 0.444163
111 72.041535 93.728331
112 97.750566 88.485145
113 44.807635 57.448808
114 13.597617 47.574110
115 30.526530 26.871517
116 26.102260 59.872481
117 53.420944 78.129976
118 43.876508 91.135170
119 88.948063 31.591189
120 39.824849 15.286508
121 60.409141 58.267200
122 88.069463 19.766609
123 23.465256 73.407216
124 11.489467 36.995159
125 31.040111 26.490664
126 64.647357 73.430158
127 47.605876 4.219140
128 86.083751 5.530891
129 45.147260 60.439480
130 70.341217 60.722994
131 83.813380 55.283287
132 55.746933 80.205657
133 30.686255 92.537674
134 56.591942 82.446230
135 77.041588 35.431053
136 76.723428 0.270546
137 78.619531 26.402750
138 42.447343 37.867533
139 94.765952 92.799727
140 67.979238 0.341894
141 10.000141 33.742019
142 82.442425 69.642557
143 87.380365 67.089963
144 84.555065 58.500771
145 27.271431 18.361779
146 82.267413 73.662393
147 71.992502 78.013101
148 6.460879 20.675097
149 68.032335 74.247095
150 16.516029 75.430971
151 5.137413 18.605986
152 23.824910 87.815500
153 76.201516 49.933687
154 28.079180 65.563483
155 49.236325 84.993025
156 0.557988 47.339316
157 58.966668 29.863975
158 73.153641 50.959842
159 31.884080 23.576647
160 0.179389 87.233222
161 37.425403 78.403829
162 78.782969 86.092752
163 85.979051 69.756679
164 72.661961 86.350497
165 92.352538 91.078036
166 22.281099 83.841023
167 17.818330 20.910551
168 21.253182 58.327216
169 92.274728 79.004061
170 47.234449 43.138270
171 90.422629 52.223700
172 39.563522 5.368214
173 5.366721 60.443615
174 89.908388 6.561720
175 53.804701 23.580362
176 85.213281 78.060177
177 47.436563 57.970235
178 86.426605 86.412338
179 63.777569 90.015732
180 86.888736 88.502020
181 3.948404 65.298674
182 64.527211 56.585168
183 8.792512 47.065990
184 60.781129 67.115420
185 95.307295 25.165930
186 62.400145 81.450313
187 80.430832 19.185835
188 67.943949 51.370074
189 61.872648 19.780711
190 59.355831 10.337399
191 79.958781 49.816857
192 92.644530 6.229194
193 35.712150 13.396728
194 49.372365 10.824523
195 26.717026 18.439662
196 5.750578 49.749992
197 12.209794 74.987658
198 45.066767 20.599175
199 23.586297 90.699573
200 2.077771 79.753524
201 66.363540 88.140975
202 17.710569 90.911416
203 97.978498 10.544878
204 84.884164 85.871019
205 20.712074 63.795403
206 64.313511 54.785902
207 25.403328 74.231920
208 5.273305 32.806306
209 14.497378 79.609169
210 25.547744 72.507276
211 85.945568 69.831701
212 93.990504 64.643924
213 25.175064 91.732659
214 86.512115 58.562912
215 2.445741 35.252206
216 92.793295 14.766061
217 87.856763 10.415002
218 30.252038 96.281808
219 81.946640 93.006669
220 13.144146 75.666678
221 78.826993 74.309467
222 43.373869 47.720767
223 56.615514 99.355921
224 74.045372 72.470587
225 84.670867 32.465537
226 75.273731 2.853069
227 14.651381 42.229789
228 23.402087 51.838913
229 2.042250 53.985388
230 47.103597 82.922630
231 66.017955 13.648123
232 88.313952 74.340896
233 82.696705 4.819954
234 0.422691 36.344598
235 68.221963 83.488889
236 51.065530 34.873195
237 36.354765 85.214449
238 9.003749 41.032200
239 47.752534 91.712154
240 71.687190 33.821865
241 46.967273 44.365774
242 19.668805 1.857052
243 50.058406 71.701614
244 98.435989 7.611393
245 60.217140 79.956936
246 50.128465 94.662163
247 83.383787 6.883557
248 22.342467 45.671379
249 56.081153 82.871422
250 1.637545 90.438150
251 57.711604 8.315796
252 22.730993 58.145307
253 47.959418 4.540048
254 49.599296 59.516240
255 31.107992 62.644943
256 74.180833 59.673368
257 74.539599 39.688966
258 22.655001 70.944689
259 18.252148 83.448612
260 2.790025 51.716891
261 91.751477 94.239507
262 49.769723 21.850529
263 12.677272 14.412282
264 18.894325 67.232996
265 52.609710 59.060886
266 18.492426 15.141394
267 82.967777 11.165634
268 18.002399 26.290054
269 78.616151 56.655756
270 13.401467 22.944680
271 3.231658 22.151946
272 73.067412 63.860525
273 68.952858 76.827724
274 81.369589 2.697467
275 70.326818 68.272955
276 19.445577 65.992961
277 85.828317 87.416681
278 65.906524 60.466461
279 73.845271 85.357252
280 73.161743 87.386899
281 41.500601 5.375981
282 53.060005 88.345935
283 86.090556 51.632812
284 98.965665 72.158988
285 78.394209 36.098254
286 4.207921 64.657740
287 10.609305 13.726679
288 26.456301 50.311522
289 63.014929 20.561070
290 85.777023 73.116888
291 12.929652 39.646504
292 7.763447 35.717837
293 75.108477 16.467908
294 31.417549 16.091531
295 16.127359 83.581487
296 78.391194 78.843079
297 76.906431 63.226785
298 75.935644 89.980574
299 50.201433 59.416801
300 67.815443 0.721519
301 86.277408 4.542958
302 51.981794 78.642403
303 14.181503 91.915915
304 0.552377 90.941452
305 38.999546 4.291021
306 63.294515 51.630986
307 49.439472 36.261174
308 77.352012 83.377064
309 83.102671 96.029761
310 39.484543 70.153343
311 32.408947 23.966546
312 71.462499 78.929396
313 81.340645 87.255674
314 38.881803 39.246465
315 57.831748 48.172643
316 5.369370 29.968014
317 92.344196 88.110295
318 17.273997 54.581655
319 29.493710 7.968841
320 89.694421 59.112160
321 46.153857 72.946706
322 30.916352 34.724312
323 21.799012 65.314466
324 20.261568 3.875045
325 36.109465 36.063244
326 89.331003 64.089978
327 95.418009 58.382644
328 2.091601 21.050149
329 72.138052 71.003654
330 74.092212 35.294615
331 16.241757 72.535571
332 41.126674 35.092786
333 12.170381 47.133960
334 94.575378 37.643773
335 57.822016 92.188158
336 70.648102 49.155497
337 30.832775 47.007855
338 53.458947 10.292890
339 84.450748 26.610491
340 96.564139 70.155572
341 50.444227 39.056145
342 57.637277 19.601414
343 27.012096 17.487662
344 91.827655 75.173236
345 45.350797 79.827857
346 32.052500 59.127700
347 7.829142 60.259572
348 31.508756 78.559241
349 52.872724 61.771861
350 71.009724 28.903028
351 42.161847 61.899558
352 66.509548 49.729916
353 44.218618 3.785958
354 7.129126 4.666055
355 80.128105 71.837168
356 54.583932 15.765300
357 5.916856 39.309457
358 82.968997 79.149359
359 34.015736 32.566267
360 73.672640 80.802533
361 24.796754 38.907986
362 9.608722 0.682038
363 68.271200 91.579973
364 70.397331 36.175433
365 7.301098 27.466395
366 93.609751 11.140084
367 28.956013 74.591824
368 39.217293 54.151148
369 41.279821 60.495986
370 31.446631 55.205156
371 33.139330 33.795128
372 44.852286 37.243499
373 58.806421 97.019819
374 32.918857 7.194640
375 61.238743 54.400989
376 21.029563 92.376528
377 88.266968 74.762259
378 57.225534 81.496620
379 73.622564 33.868585
380 82.263458 99.215282
381 28.742316 91.209404
382 81.399221 22.113643
383 36.557053 5.280168
384 69.786511 46.939415
385 14.859261 33.931779
386 95.862472 72.602515
387 12.904008 41.571574
388 59.616771 64.718598
389 1.274890 83.135549
390 62.086852 1.576433
391 70.447197 9.593424
392 82.873016 81.777009
393 47.530379 61.409956
394 61.577247 37.810635
395 82.692367 63.059171
396 41.693351 47.494767
397 2.456884 89.319651
398 48.280992 50.244428
399 36.190133 32.754542
400 21.564515 38.551008
401 76.623300 20.592748
402 81.407159 94.305106
403 29.778580 50.147392
404 11.136495 84.564532
405 82.278084 16.021957
406 88.817766 11.441780
407 86.247108 81.387315
408 77.906573 72.724910
409 16.618650 13.041020
410 92.695750 76.877547
411 62.020650 81.812689
412 29.772882 22.532192
413 12.432837 33.206402
414 62.267671 63.020037
415 46.642422 30.870740
416 58.537867 34.711102
417 50.236685 56.681653
418 35.247806 12.460882
419 3.834177 30.921783
420 38.878339 32.050085
421 32.314080 83.389021
422 19.410481 57.821592
423 11.159224 65.187966
424 60.881108 82.130790
425 58.315952 15.894828
426 77.609501 8.630983
427 60.680524 90.994512
428 73.298199 46.047629
429 75.452608 16.699516
430 85.311762 48.632516
431 38.824776 15.360334
432 26.849113 50.277244
433 19.933880 94.988474
434 79.915234 47.227708
435 82.886526 69.718283
436 27.825856 22.691640
437 83.775001 28.362806
438 91.431406 2.328532
439 42.087920 4.582805
440 25.128573 9.308888
441 36.151706 46.692471
442 95.265738 41.019438
443 36.840977 62.018328
444 26.475544 96.503024
445 46.706490 5.568502
446 53.991665 70.700043
447 19.180140 81.344819
448 96.139236 99.206365
449 64.919588 93.581308
450 42.293416 18.389497
451 94.770796 19.609180
452 74.097770 42.671580
453 6.026432 82.599443
454 41.824951 89.798414
455 88.592036 53.367127
456 3.891686 63.396689
457 64.525073 67.428996
458 47.730984 94.449071
459 71.059471 27.311203
460 50.011567 44.172846
461 56.370619 32.594539
462 78.247187 45.146840
463 19.988704 79.931702
464 34.814456 76.061272
465 37.174098 15.076734
466 20.677316 29.434099
467 90.137551 23.518089
468 76.397451 98.060415
469 8.601288 8.000813
470 97.642677 80.568231
471 77.391348 6.367580
472 55.758085 15.678511
473 25.721857 32.783845
474 51.189971 56.595472
475 71.592293 29.356568
476 27.627639 60.242320
477 84.175061 99.252473
478 8.356397 34.694076
479 10.583601 46.155488
480 28.476126 22.000954
481 29.344360 70.654221
482 53.554384 51.967337
483 66.976379 5.000069
484 48.141418 45.832682
485 30.152020 28.416660
486 51.861695 70.818972
487 53.068602 94.046038
488 86.129477 35.873876
489 30.618791 41.820604
490 10.291781 87.010917
491 2.691511 65.035425
492 81.925134 23.170224
493 0.552170 37.766574
494 17.082921 17.313151
495 18.973201 29.877258
496 87.169132 94.232668
497 87.375997 51.967205
498 5.882226 22.117152
499 85.546658 29.708738
500 79.672109 25.561028
501 17.557533 34.945089
502 28.214978 79.712842
503 94.445534 71.475688
504 70.615017 69.432980
505 88.496255 79.445428
506 97.916419 50.369936
507 0.026673 34.075230
508 57.848566 21.133579
509 40.883199 19.561804
510 47.124891 50.173166
511 27.471176 70.722881
512 93.305860 98.918129
513 0.801237 16.294847
514 53.445228 8.822836
515 60.515945 33.412500
516 66.833678 81.976145
517 28.239166 53.163752
518 30.359373 54.816162
519 30.073650 80.286239
520 90.171396 90.495221
521 23.656350 70.795303
522 96.908043 94.084931
523 38.993072 31.517448
524 87.931329 14.041616
525 84.182712 45.624647
526 23.209045 8.560576
527 5.648809 65.528411
528 13.542395 30.864296
529 20.394959 71.091562
530 39.643136 82.936852
531 98.816069 49.319620
532 71.366206 58.420382
533 26.230864 15.469791
534 35.655740 31.339628
535 58.355191 84.858626
536 59.432585 49.056943
537 84.556876 63.440890
538 91.479892 29.446317
539 25.860901 49.277467
540 4.054964 64.718248
541 74.490874 88.735304
542 29.094334 92.926707
543 14.378992 28.443692
544 20.056535 10.919845
545 44.466234 35.548832
546 55.762665 85.255233
547 3.945221 54.777340
548 28.338078 10.842119
549 71.627961 16.949272
550 15.072742 99.833826
551 48.795803 96.465023
552 33.437007 62.122352
553 20.161992 55.256537
554 90.507948 58.294779
555 2.176617 87.452123
556 41.169590 11.453592
557 84.426082 85.877927
558 48.206202 48.878896
559 57.205777 26.838399
560 84.705643 88.859705
561 90.024316 75.473886
562 75.277333 39.774571
563 9.294339 85.390024
564 2.408481 84.466183
565 16.372371 95.457672
566 56.308650 3.323917
567 95.721257 99.369176
568 44.599325 60.420863
569 26.753901 75.909428
570 44.330282 92.152540
571 5.746934 94.349400
572 24.349605 30.722366
573 49.045717 17.920549
574 46.355383 26.161484
575 81.194075 26.461149
576 16.698111 84.331395
577 57.517650 27.101200
578 44.153578 4.805514
579 7.317915 58.344113
580 4.127340 15.014290
581 10.535277 70.755653
582 81.983725 33.792240
583 18.113608 73.800720
584 93.444155 32.681998
585 50.462027 78.937654
586 38.232289 14.903771
587 58.618314 76.501080
588 59.540091 50.586180
589 57.357321 88.981124
590 73.275311 50.506957
591 96.582315 28.054654
592 99.068214 43.892192
593 47.837332 80.420260
594 28.580250 19.839967
595 0.321631 88.465444
596 83.981364 8.594135
597 86.481021 36.028783
598 4.630546 56.415842
599 57.019332 26.488699
600 97.847250 17.626071
601 27.429215 64.229478
602 7.074949 28.462095
603 62.196107 36.080107
604 27.756901 55.507062
605 50.738232 61.628063
606 43.469568 62.182556
607 61.178458 92.868134
608 92.233670 70.495082
609 23.410813 1.733493
610 14.280080 76.019230
611 69.400400 13.842023
612 12.191857 26.477819
613 70.746673 70.417910
614 62.292140 36.494021
615 12.573645 75.943140
616 55.198397 80.866509
617 47.715708 79.639715
618 42.151742 17.595622
619 63.811118 46.806600
620 10.306785 62.829986
621 76.877955 23.973697
622 70.071097 83.240767
623 72.596166 12.448340
624 91.855835 66.038796
625 82.087434 25.721276
626 29.211727 7.491177
627 41.810203 18.746653
628 24.240515 90.384402
629 0.513177 87.919541
630 63.666590 36.183751
631 44.650373 87.082599
632 22.303481 96.233645
633 60.046642 11.100891
634 5.808451 36.987956
635 3.746208 27.471435
636 53.480054 94.673408
637 99.198789 40.194238
638 47.400376 27.527380
639 64.062995 92.146762
640 87.270353 2.820012
641 96.572564 28.372067
642 59.118233 10.882335
643 3.785408 31.095719
644 89.937934 48.872104
645 63.232590 85.296564
646 5.191442 78.493504
647 69.885898 39.554188
648 83.699322 47.459777
649 63.376580 26.011854
650 96.789132 38.888818
651 85.135661 57.251105
652 14.414138 58.347801
653 88.542384 24.218943
654 70.244912 92.910210
655 34.674126 61.195370
656 23.996954 76.752883
657 95.325114 66.566865
658 48.766888 68.468704
659 2.079601 1.611002
660 24.143602 13.823214
661 93.484897 30.787681
662 69.901905 77.988831
663 67.927787 44.358036
664 83.380425 83.116049
665 88.762075 61.443691
666 89.386306 54.155363
667 82.407669 87.591976
668 97.976889 57.414586
669 15.963783 95.047573
670 9.503386 99.371854
671 54.427483 21.010803
672 35.701572 57.574134
673 2.305841 67.507407
674 91.373804 62.150958
675 95.766665 82.983398
676 30.382955 7.581477
677 27.930471 91.472311
678 3.749193 30.637671
679 32.780136 65.972335
680 59.571427 79.893426
681 62.792487 78.661813
682 90.327336 57.741234
683 66.080365 55.029273
684 10.276124 59.464961
685 40.514083 24.394097
686 56.105584 54.707693
687 75.418854 18.173358
688 93.456969 49.819230
689 10.480174 6.181885
690 14.461418 44.066869
691 13.539939 98.905687
692 91.147747 97.470966
693 72.650952 92.821053
694 63.900963 8.661627
695 72.404308 1.208324
696 27.420891 37.065088
697 34.425365 28.864130
698 98.356884 16.182778
699 0.910778 16.908470
700 57.941833 81.381062
701 61.781106 80.334296
702 78.803162 51.819116
703 87.859924 9.519479
704 79.182625 46.428678
705 55.668583 76.237227
706 23.759502 99.798006
707 38.586917 79.036302
708 98.454246 51.446081
709 10.083646 29.722512
710 61.017909 40.731687
711 39.084707 27.478848
712 1.832071 58.982656
713 0.032585 47.941588
714 39.891180 87.268902
715 90.145660 78.430299
716 5.945900 10.738106
717 30.241713 82.408292
718 95.574718 40.998919
719 91.661676 15.260035
720 89.854482 40.314490
721 48.790450 66.819528
722 94.903926 96.237343
723 61.982800 72.106618
724 55.219748 23.910339
725 24.981749 35.573476
726 79.755937 6.138334
727 58.909263 79.679180
728 0.866248 21.977798
729 62.703233 22.176699
730 9.388873 67.882373
731 81.569418 2.930489
732 93.375406 52.077259
733 28.614191 80.795207
734 21.092338 33.258551
735 90.556199 91.536407
736 13.073858 39.619628
737 91.722753 81.722103
738 23.068296 54.518381
739 63.492730 13.482065
740 21.806848 77.720106
741 42.925365 29.608765
742 3.326519 65.286248
743 45.754435 61.194550
744 97.232644 85.130843
745 45.415038 90.056507
746 36.064976 83.810505
747 29.097268 32.341774
748 61.299178 95.037504
749 77.909835 64.018608
750 54.416095 86.279354
751 6.796218 66.497355
752 80.919679 93.336289
753 65.759369 24.938630
754 14.266283 96.617198
755 88.555333 49.140229
756 19.905203 13.519899
757 22.937756 52.294165
758 50.536815 63.361202
759 28.558862 19.208382
760 55.391542 21.704857
761 6.932776 65.629143
762 10.369280 0.692718
763 42.814961 27.474133
764 0.762434 57.035526
765 78.147279 8.007633
766 2.697355 18.604172
767 99.572291 90.035243
768 35.366796 28.605793
769 54.526406 11.304615
770 92.366131 7.895748
771 60.666848 47.989650
772 40.802455 34.268051
773 57.078905 3.022496
774 21.609851 37.721058
775 47.210707 21.322635
776 10.720569 43.673011
777 52.871196 78.259906
778 70.724223 79.762214
779 75.845007 41.416112
780 54.682855 95.295509
781 23.839945 16.162592
782 81.728612 2.170190
783 80.047195 75.742307
784 57.737002 81.134587
785 5.516341 89.353792
786 73.569145 33.439708
787 99.751540 14.825626
788 28.706997 89.120135
789 42.502615 73.743048
790 89.462150 78.656629
791 53.706911 96.112329
792 97.194182 72.637554
793 56.699833 91.814766
794 9.434552 10.298814
795 57.442358 22.996106
796 60.643981 31.628498
797 3.883046 98.147167
798 60.418388 59.627890
799 54.851180 7.598155
800 54.644223 31.666920
801 52.849665 75.442686
802 23.149153 88.820346
803 38.512271 93.492627
804 49.473672 44.972527
805 49.171633 29.613815
806 51.819765 3.910031
807 27.208419 30.478023
808 46.524761 19.102038
809 16.131932 81.774603
810 16.000408 19.140203
811 30.761877 96.424137
812 66.127423 38.492222
813 40.821505 21.186113
814 86.623840 85.919081
815 19.163955 20.738360
816 89.302146 95.045649
817 99.399308 17.191216
818 14.094018 12.216962
819 96.252741 90.721300
820 94.908262 87.586410
821 7.160347 46.049332
822 5.371098 6.151680
823 7.078350 79.991257
824 80.549837 38.793739
825 28.802831 47.176041
826 47.224324 93.080946
827 14.183703 79.431439
828 94.756296 30.854909
829 55.581293 27.989841
830 14.600887 12.880226
831 73.655824 84.738144
832 24.828568 30.650351
833 56.365516 59.026245
834 43.456223 93.696457
835 68.880633 42.081699
836 71.206763 13.419027
837 57.548037 97.753937
838 6.802331 11.262271
839 83.882016 43.757088
840 72.445569 57.808035
841 93.514997 34.862307
842 36.971754 77.183878
843 48.486322 83.058948
844 42.150990 81.962544
845 73.102894 95.338910
846 21.228452 52.283167
847 59.945059 80.422780
848 82.304936 77.368757
849 60.122559 89.708923
850 23.466344 13.225249
851 36.518911 13.798704
852 82.744013 18.086476
853 23.302351 57.448836
854 6.258936 86.746123
855 20.650659 98.678839
856 18.697929 7.758707
857 48.599004 26.447501
858 44.911638 57.531592
859 93.899992 47.595556
860 9.505426 84.369382
861 29.368960 73.319682
862 54.456065 66.681821
863 5.278912 7.012658
864 73.750630 34.305560
865 7.821648 73.275447
866 19.347979 91.308355
867 52.215197 20.309005
868 69.623261 79.028057
869 40.566882 64.214958
870 56.850845 66.971015
871 74.143082 68.782382
872 70.624401 74.570711
873 26.776673 17.826076
874 45.181404 88.132630
875 9.026045 52.618236
876 87.952035 29.122615
877 98.679359 52.666177
878 44.892833 20.775275
879 25.693247 21.512336
880 23.591589 15.643855
881 46.989513 22.257558
882 8.299821 25.101094
883 30.425093 11.493339
884 29.906126 66.385354
885 33.691382 93.377891
886 27.665581 21.239159
887 0.817856 22.359320
888 55.477506 97.157042
889 44.853338 83.884651
890 40.826835 9.014781
891 4.332409 95.362433
892 88.857670 20.222753
893 89.551596 60.630535
894 22.973144 39.668000
895 68.441748 34.413767
896 13.673443 70.060021
897 11.957421 72.022153
898 86.384207 60.931919
899 65.135271 5.941662
900 96.276769 25.111741
