900 900 10 COORD_PMED seed=20260746 source=pmed39
CUSTOMERS
1 87.893275 57.808649
2 50.495970 7.228562
3 15.726217 95.908925
4 1.329900 93.543093
5 57.787585 7.565465
6 47.020996 88.351023
7 4.206985 8.828011
8 51.645387 93.548205
9 18.763253 62.361595
10 79.691164 96.985864
11 13.518128 5.271843
12 13.735278 43.660065
13 20.570718 89.032140
14 64.145729 19.552206
15 94.433632 87.354644
16 44.505964 3.236849
17 14.276889 61.889170
18 89.604395 87.466970
19 23.129923 36.647931
20 71.769725 4.661184
21 16.287376 52.121641
22 98.873871 18.994009
23 81.817398 27.185734
24 65.904680 63.439967
25 48.775403 18.875745
26 57.847693 58.111097
27 71.149443 47.813207
28 14.170811 14.107555
29 80.779215 58.165767
30 7.251888 90.737866
31 36.420751 79.259602
32 37.950833 52.401769
33 85.162918 88.864513
34 63.823836 76.071382
35 80.229847 30.498110
36 73.262794 78.184075
37 99.646398 74.461557
38 5.914848 48.571817
39 84.508885 92.997868
40 79.311953 98.664381
41 12.793419 18.541671
42 10.298520 76.681013
43 7.106944 29.125399
44 31.453962 15.214858
45 81.828338 43.061077
46 77.000587 81.718938
47 42.575046 67.166222
48 61.226307 80.143515
49 47.090195 57.866555
50 81.223881 79.865679
51 71.253933 19.679534
52 6.427148 2.343070
53 34.538387 17.256624
54 36.070522 98.006979
55 19.965153 93.525603
56 14.700169 50.516289
57 19.759074 10.615435
58 89.481418 88.363251
59 82.506847 24.528944
60 47.134814 33.250269
61 96.922913 19.119932
62 88.562201 65.959854
63 25.266750 85.594668
64 99.735759 43.101796
65 93.881827 97.333949
66 65.544936 61.401495
67 96.508453 75.517424
68 26.186260 54.213286
69 25.273100 70.344198
70 28.588997 28.110529
71 42.889185 31.766146
72 20.751564 86.123234
73 12.614755 69.582070
74 56.766044 54.476915
75 91.676343 78.194454
76 2.559896 12.842231
77 3.842456 53.162790
78 52.707277 65.744261
79 29.664743 57.036339
80 36.199761 76.989796
81 12.260503 13.872982
82 68.491788 72.798256
83 13.535026 56.602203
84 2.603125 25.016809
85 73.055269 12.006925
86 54.405932 56.521912
87 84.289832 96.846867
88 62.808025 61.897627
89 73.650057 94.632297
90 22.196709 34.966432
91 81.689900 55.150032
92 94.933170 92.816680
93 42.598663 35.832327
94 84.559315 6.137921
95 98.555724 64.900198
96 88.954102 29.381565
97 6.185612 43.188549
98 32.311305 50.669682
99 90.970840 10.322062
100 55.743242 18.408559
101 79.131080 26.485513
102 18.050071 47.427785
103 52.951909 84.371459
104 29.210304 80.292006
105 26.617455 19.774202
106 68.219040 81.853290
107 83.256998 79.883169
108 10.854171 7.703273
109 55.946608 5.298559
110 49.752724 26.014405
111 41.747604 96.980248
112 85.460025 62.813384
113 15.427746 70.175779
114 69.753531 9.732459
115 82.805765 43.482590
116 84.495515 15.041710
117 95.160553 52.808557
118 7.479795 87.865972
119 26.064320 66.475394
120 44.145900 10.679816
121 15.912566 10.536557
122 48.583556 90.475299
123 74.253169 35.675436
124 9.176079 37.939027
125 49.084248 38.879644
126 84.606055 46.598697
127 94.162416 13.032645
128 47.679434 91.615001
129 76.897984 84.576680
130 52.994497 10.888293
131 79.313706 16.361502
132 77.965635 14.212412
133 53.169029 23.472456
134 91.593015 33.408395
135 18.131713 7.019903
136 13.177429 80.133666
137 42.582530 23.419791
138 69.863310 3.351227
139 9.295424 5.744688
140 4.135304 11.248264
141 21.368449 98.632677
142 8.124559 0.471807
143 56.368096 0.104180
144 11.542367 24.071621
145 2.154263 39.875488
146 8.516616 93.159751
147 61.075759 37.462819
148 84.713959 68.355173
149 60.429004 46.421590
150 45.879178 72.831936
151 98.256300 25.893291
152 95.903579 17.041430
153 82.527805 60.330732
154 77.148490 67.490932
155 32.383822 10.646080
156 0.581500 70.500672
157 75.804660 96.412920
158 75.417687 6.827371
159 35.575394 39.637432
160 12.591860 85.837683
161 91.591697 8.695831
162 36.028858 58.431811
163 66.604222 20.469394
164 47.069998 3.751340
165 36.666323 2.440623
166 49.101890 24.880343
167 85.464133 93.926642
168 99.807330 70.266004
169 7.953184 48.788303
170 34.337241 78.310159
171 12.599922 94.407077
172 90.577810 57.835952
173 39.187374 29.197922
174 66.236937 75.252465
175 5.941980 64.985358
176 55.623333 72.793995
177 1.453473 8.244754
178 7.546795 95.410637
179 32.379743 44.816522
180 42.079597 40.380851
181 97.022950 90.046587
182 36.088886 50.720477
183 1.000762 2.009093
184 84.822324 63.005321
185 52.011195 84.549241
186 20.618451 41.212441
187 1.480515 8.386330
188 30.043420 14.987733
189 41.567668 58.047823
190 29.881643 15.421231
191 8.109121 70.372530
192 77.649069 10.711145
193 42.058108 62.882751
194 22.530421 70.014356
195 26.343924 20.645837
196 79.275826 76.907836
197 96.472136 43.059335
198 79.077237 16.268542
199 27.353445 28.868716
200 30.502768 68.516212
201 30.243999 41.425578
202 43.778525 56.511467
203 65.598535 89.696357
204 63.748048 59.142113
205 23.919485 71.359272
206 68.369994 32.674116
207 44.979086 7.803607
208 59.703186 19.864035
209 11.749703 22.541188
210 73.054438 74.421581
211 29.547514 17.852716
212 51.190902 76.782235
213 57.376189 60.665809
214 55.113985 40.501286
215 70.266517 41.158697
216 41.798776 43.761044
217 37.431557 8.065700
218 37.736153 19.211911
219 58.586583 45.950214
220 21.206418 98.711794
221 23.758146 69.324691
222 85.845038 10.455663
223 80.932082 6.927035
224 20.998782 1.918801
225 50.771545 40.374449
226 86.652407 48.079558
227 1.341800 73.595538
228 24.218951 29.587259
229 30.220134 54.197113
230 23.003954 63.676992
231 47.521885 30.346261
232 11.171586 69.767207
233 32.097306 56.022154
234 83.680076 38.728480
235 37.897909 45.299031
236 15.527738 10.289311
237 25.877325 75.246889
238 15.711165 21.704660
239 56.498877 54.458307
240 88.056433 45.750828
241 73.796636 73.499135
242 90.272129 27.085014
243 10.496650 13.455557
244 16.833477 18.388402
245 65.360439 32.668179
246 7.527355 14.586856
247 37.468213 0.242344
248 67.307085 49.818899
249 68.768897 38.207831
250 29.520797 4.345335
251 64.501172 30.302041
252 14.029163 48.194641
253 7.953320 35.560796
254 52.265463 95.537309
255 72.797904 72.331640
256 37.930024 61.958988
257 30.135264 98.224257
258 58.985729 0.792111
259 72.942748 77.036788
260 45.083331 11.274972
261 34.319910 73.391733
262 46.139004 44.391567
263 7.445055 52.763588
264 35.919273 55.079388
265 36.107939 87.402079
266 9.520306 77.132201
267 90.373119 98.018613
268 28.165208 45.088400
269 61.407930 94.010118
270 58.167799 88.200048
271 49.461609 57.424718
272 59.349385 86.802599
273 10.723550 63.144889
274 87.637624 86.816369
275 76.318738 11.103607
276 7.435996 86.317151
277 25.612640 76.958690
278 15.299771 96.540072
279 0.325671 78.146702
280 44.694903 54.744504
281 70.262533 6.099536
282 90.163313 78.445480
283 62.173174 37.035863
284 1.757883 12.223123
285 52.993627 94.009689
286 66.974601 84.520056
287 5.454979 73.619998
288 28.752817 41.840378
289 47.753417 56.395711
290 24.351661 53.502103
291 65.849831 0.669038
292 95.148196 79.819425
293 25.728124 74.377575
294 33.492231 23.503248
295 67.291827 52.448348
296 11.869166 98.962407
297 31.394833 4.216228
298 55.618092 49.428468
299 66.439403 45.951318
300 93.632799 10.285296
301 36.632273 6.295347
302 30.336166 16.151914
303 61.937073 13.260757
304 8.165619 51.235289
305 33.720372 45.569386
306 51.353931 74.604768
307 35.241974 6.002167
308 52.736083 61.988114
309 31.443735 58.295319
310 21.495682 85.096554
311 81.955887 60.014592
312 83.525247 15.465887
313 71.899198 59.805653
314 20.928817 37.301626
315 23.331114 76.642571
316 69.269215 97.781476
317 50.823569 77.944753
318 43.226265 15.104094
319 53.558612 47.571219
320 79.549914 82.457344
321 99.229061 83.752927
322 19.547194 6.017061
323 56.236316 64.080077
324 66.439409 10.883337
325 67.581726 10.942790
326 3.218499 92.628198
327 39.380201 91.722174
328 75.950252 73.693708
329 9.239555 52.496497
330 49.118288 58.580172
331 93.488146 62.566706
332 0.700945 91.258753
333 78.199848 1.409409
334 8.340208 94.211804
335 32.505574 26.371154
336 32.573674 59.096011
337 10.790549 1.382447
338 2.412284 67.898026
339 22.349804 58.964768
340 40.025344 10.328095
341 98.157499 88.667523
342 55.540247 47.652768
343 83.311813 19.874617
344 24.049202 20.542089
345 73.671838 41.219336
346 51.216733 54.589070
347 47.917574 74.882395
348 32.917345 8.590125
349 67.474490 19.291042
350 15.625707 29.452975
351 16.655271 13.000108
352 2.055584 11.251740
353 40.654203 33.617580
354 77.761499 32.262955
355 42.735655 59.439614
356 17.765740 42.186416
357 43.483108 0.608060
358 30.743905 57.786096
359 18.887218 91.501805
360 62.213775 55.055252
361 28.118304 78.380804
362 12.691443 52.388887
363 18.662148 27.020094
364 71.154044 63.553087
365 78.020572 14.522024
366 92.660967 99.252928
367 74.732749 3.328952
368 32.164589 71.268145
369 3.020614 42.896178
370 79.837972 49.665601
371 15.739455 94.704647
372 13.240350 52.584620
373 90.813920 66.332873
374 48.701312 91.021250
375 9.399260 41.254812
376 95.053157 80.045761
377 87.842322 45.107542
378 28.623465 5.592058
379 5.656784 79.529617
380 67.641197 97.559408
381 95.949713 74.594026
382 70.726278 16.668044
383 75.987199 70.296456
384 43.355209 17.592981
385 82.172102 39.262851
386 91.057629 37.369288
387 46.912281 8.627622
388 63.520765 56.452429
389 41.080444 66.831129
390 83.928806 86.741729
391 6.905872 12.665166
392 80.741577 9.875717
393 32.186341 91.704598
394 16.151037 70.905089
395 89.232524 40.265960
396 63.353046 82.778137
397 12.733010 31.748627
398 60.113475 27.835963
399 89.920151 19.823794
400 24.894925 28.624336
401 78.525332 44.511147
402 27.268517 63.536103
403 38.849804 12.081706
404 38.752506 60.227277
405 87.161774 42.939802
406 18.538111 58.056685
407 98.239387 52.171684
408 26.102793 41.036015
409 94.719784 26.208048
410 84.747645 38.969206
411 55.722637 57.501514
412 29.679854 74.115627
413 40.347778 69.424391
414 81.159969 62.364971
415 94.459902 44.860486
416 6.494978 11.392191
417 37.097931 55.720311
418 92.527922 34.226443
419 60.581032 29.955283
420 57.725124 55.207137
421 13.741833 47.966544
422 30.453675 68.441664
423 29.434096 74.100275
424 11.670708 49.805842
425 46.344461 19.733440
426 14.387766 16.563126
427 48.053332 4.501044
428 57.995876 0.085249
429 82.217885 98.640686
430 94.611600 40.726074
431 85.615650 61.961591
432 12.843782 42.338284
433 86.920870 97.692737
434 44.487592 41.144948
435 42.034057 52.983451
436 3.159312 77.031619
437 90.375225 1.335693
438 98.846881 71.259417
439 91.382765 86.006056
440 33.714295 36.192455
441 28.526305 64.653553
442 13.664889 81.304565
443 37.368083 99.244156
444 54.284311 19.922907
445 14.388160 2.236228
446 39.565008 80.619286
447 40.939043 76.515373
448 57.227191 86.698180
449 54.855575 97.415905
450 79.029023 49.704004
451 94.680123 7.130680
452 68.762012 32.055915
453 90.705889 57.259776
454 15.239017 11.523456
455 11.246909 20.649615
456 74.141276 79.475824
457 32.655715 74.556039
458 4.684734 69.895460
459 56.475631 30.178877
460 8.137570 57.407913
461 77.566993 50.480757
462 78.398757 92.944017
463 55.606734 10.091369
464 94.590615 75.327369
465 93.108193 1.191688
466 85.437769 8.514220
467 33.852499 6.764167
468 84.804896 80.289966
469 49.991823 6.414552
470 7.784044 32.877726
471 18.373889 38.311409
472 85.332170 58.504792
473 29.003654 62.876153
474 68.629766 38.135059
475 29.731281 21.006943
476 19.863507 86.296705
477 8.656175 80.922087
478 25.754857 68.515000
479 75.464951 26.646547
480 23.643791 71.798870
481 24.018568 57.499881
482 56.380545 2.638301
483 2.294173 27.848246
484 47.364485 64.471475
485 14.341067 23.006366
486 20.351337 72.156955
487 60.571474 38.946114
488 99.013430 82.109395
489 13.200520 86.732067
490 62.604959 81.800911
491 90.801498 22.977747
492 63.960366 66.526349
493 4.076171 49.142689
494 99.728459 15.589216
495 60.038795 90.591803
496 84.988379 70.028252
497 89.040241 87.818210
498 17.429418 92.298917
499 92.673489 29.569827
500 23.280031 90.423436
501 13.523387 3.864690
502 76.592956 57.159912
503 63.957485 76.119383
504 68.227330 32.008767
505 16.475836 92.988493
506 21.262380 49.403096
507 0.447815 62.188000
508 69.157934 63.944367
509 26.961354 38.087064
510 72.225289 48.203497
511 19.727716 26.748027
512 49.975127 20.684948
513 40.339365 96.853969
514 92.098409 40.960781
515 70.224284 66.859249
516 56.359107 91.012203
517 83.218293 40.098507
518 59.432737 5.564696
519 77.196801 92.479384
520 58.138032 17.213445
521 93.076848 22.312663
522 33.067270 34.426742
523 69.826791 66.940988
524 88.098792 45.636153
525 15.175856 31.957799
526 34.626674 10.561242
527 3.902628 81.179780
528 93.344201 43.782526
529 99.612597 84.225181
530 34.714895 96.702944
531 95.948335 45.245154
532 57.632360 94.480118
533 56.712557 22.785647
534 31.789355 72.639233
535 87.265070 33.338786
536 51.523243 22.395756
537 41.525283 82.452462
538 74.887395 23.030201
539 68.480854 69.392449
540 52.468029 27.629027
541 42.042136 7.333954
542 86.756326 1.527888
543 22.511664 23.832783
544 37.096089 86.588728
545 64.169376 95.818505
546 57.929125 71.347823
547 81.444883 9.873487
548 43.858009 53.749755
549 1.195363 64.154546
550 36.805505 37.402620
551 21.551502 36.451757
552 20.001847 74.564854
553 81.267419 64.643264
554 63.312797 87.643502
555 82.752728 75.219701
556 76.553395 96.554343
557 37.447473 90.493468
558 66.607221 22.382263
559 69.277216 85.061596
560 99.208266 77.119337
561 90.978237 3.397226
562 60.582644 85.767354
563 20.637109 12.035862
564 50.031726 95.612864
565 93.347320 18.387707
566 25.247525 92.741249
567 82.279221 29.008041
568 26.650006 37.128543
569 4.584065 87.367043
570 73.766772 42.903317
571 45.085650 1.990574
572 35.440605 76.444140
573 18.494923 13.297529
574 5.641400 61.973271
575 81.717361 78.404176
576 28.715998 90.499987
577 78.700138 99.553171
578 31.832462 13.164506
579 92.340161 41.296093
580 8.829313 32.243840
581 83.467626 79.530392
582 82.823500 26.938165
583 61.261104 89.615530
584 16.741360 81.174904
585 43.246670 81.062478
586 43.159738 5.999018
587 70.639267 21.163185
588 49.362588 30.320574
589 36.451302 43.253745
590 3.560559 62.712906
591 30.920313 52.388791
592 49.914937 19.532828
593 57.078836 64.129337
594 74.109041 91.446698
595 88.699180 21.325161
596 27.784678 67.777412
597 35.998463 77.253985
598 72.005961 27.329927
599 37.236210 20.536295
600 5.540228 15.166660
601 53.777387 80.087106
602 77.342972 22.078795
603 92.977900 59.982413
604 7.237853 54.530181
605 26.738940 90.679716
606 88.965535 28.640841
607 53.916146 99.227112
608 8.233788 1.709043
609 71.844382 69.349768
610 32.076788 53.558370
611 31.311865 41.176612
612 61.282948 93.583609
613 62.649852 95.131990
614 19.977980 25.720806
615 21.391589 18.829017
616 52.230743 16.276880
617 99.932526 93.321086
618 1.537971 55.381697
619 1.295375 97.392200
620 24.832395 23.141606
621 28.991638 84.176387
622 92.454132 65.055042
623 83.352700 21.678506
624 72.558179 55.967355
625 10.987273 91.141397
626 62.877716 73.898543
627 29.808542 79.336560
628 24.776881 92.038408
629 85.454742 54.651940
630 34.484219 29.585030
631 50.221411 29.015371
632 86.504827 43.407661
633 31.095818 77.946920
634 81.614665 43.828475
635 48.109807 20.688308
636 8.471691 7.793512
637 78.805098 51.632928
638 52.599141 97.741016
639 91.655334 86.723938
640 67.651679 75.538682
641 7.245038 86.338582
642 87.305724 9.041897
643 63.089744 18.451486
644 72.676030 81.518125
645 22.665657 95.912355
646 25.361572 98.426898
647 94.683871 97.304260
648 78.095692 4.357965
649 32.607632 56.899197
650 12.921851 41.432683
651 4.505843 83.005763
652 48.859280 82.523914
653 72.471004 11.184223
654 29.193145 30.965684
655 71.284931 17.149346
656 24.673984 68.092685
657 94.691624 41.396841
658 35.209521 16.719426
659 83.005359 92.420211
660 20.560112 91.442448
661 94.192014 3.618049
662 20.953924 72.233389
663 58.368249 39.133568
664 58.688668 35.321290
665 60.444788 37.178568
666 13.809305 47.275186
667 23.558297 18.299738
668 20.231993 59.042134
669 32.053886 95.541386
670 41.348344 15.466128
671 14.674760 53.336227
672 58.334781 89.288709
673 63.322924 66.280211
674 35.143194 18.731059
675 35.690052 36.000050
676 39.384130 73.753205
677 16.104135 13.086166
678 58.593127 95.777413
679 1.430355 35.582629
680 25.596256 39.505502
681 5.218378 55.926898
682 86.417032 65.689506
683 13.184148 91.331598
684 77.410243 4.073274
685 78.512753 81.724595
686 45.912168 65.391703
687 17.446586 60.840389
688 30.680896 83.418764
689 85.470237 26.212673
690 36.999596 4.622444
691 88.141719 41.003260
692 85.630360 92.624126
693 9.571673 81.253471
694 8.819066 5.221295
695 30.834880 52.472125
696 42.071653 50.636846
697 57.557535 94.616506
698 31.210269 76.601561
699 26.297734 31.917670
700 55.123255 72.292580
701 49.873396 28.158013
702 32.132650 15.815847
703 45.835518 69.834088
704 56.987072 94.897742
705 3.941905 43.093363
706 26.252038 3.100389
707 13.816636 45.061389
708 46.955839 73.323115
709 36.092110 51.179351
710 47.754453 65.291631
711 58.083130 71.482209
712 71.136118 99.585547
713 42.573564 60.113619
714 59.701867 75.261976
715 64.927042 48.383909
716 23.599107 68.931451
717 87.904915 9.982655
718 86.961187 77.514370
719 83.869347 3.457877
720 62.126839 94.639981
721 75.969753 4.990943
722 75.289966 92.603181
723 45.767500 84.357604
724 3.782134 27.177846
725 50.801975 55.469237
726 78.738923 39.587900
727 0.226943 32.424919
728 86.041926 67.468625
729 23.437850 35.935361
730 99.187811 37.053666
731 79.645489 56.141574
732 67.883366 77.987596
733 23.020230 44.111571
734 97.280902 42.326828
735 80.547838 16.650713
736 99.173120 99.427921
737 91.496175 46.472314
738 1.870419 48.240404
739 87.757177 31.976663
740 80.819462 37.453208
741 52.670813 33.118646
742 28.864545 62.889148
743 75.730022 24.748310
744 55.146554 89.839740
745 82.094243 7.468353
746 23.446375 98.648964
747 57.590123 99.167941
748 88.859563 47.145048
749 70.990226 42.624031
750 37.282809 39.782615
751 53.979974 84.899905
752 42.283554 4.595424
753 65.860616 45.554429
754 57.236445 88.057099
755 92.567732 37.258039
756 90.771744 6.772264
757 66.435307 57.389382
758 0.705971 6.448443
759 61.841970 78.345275
760 35.184201 41.209769
761 48.602198 18.405731
762 71.018924 57.085402
763 45.026084 67.382351
764 19.289500 11.749097
765 74.676573 37.425165
766 37.004330 38.959538
767 89.946638 54.897618
768 58.817454 49.376289
769 77.058434 46.081186
770 34.768942 85.103159
771 8.849427 28.435064
772 43.653149 54.361996
773 34.198588 61.371425
774 83.768249 61.173991
775 38.668947 32.405452
776 92.386877 20.498707
777 53.091828 45.786723
778 53.623065 60.490383
779 21.759292 5.679917
780 43.971559 54.227062
781 89.962276 76.873929
782 44.538214 35.844758
783 6.036109 45.960747
784 94.041040 19.079540
785 28.345701 93.533743
786 48.517675 49.128759
787 80.166445 23.540606
788 38.486901 27.363827
789 13.502748 72.572405
790 68.247727 30.201611
791 94.099991 86.359433
792 49.998569 78.861529
793 86.815355 22.070274
794 49.107488 28.604586
795 37.011865 1.409575
796 98.917396 84.621182
797 93.398788 26.806162
798 90.352185 80.202547
799 76.915964 76.651010
800 7.868849 47.847114
801 86.978894 18.904464
802 31.267927 50.784620
803 33.123169 24.959655
804 13.208251 13.192584
805 54.252677 15.221083
806 30.590781 84.366324
807 15.642897 99.334290
808 35.303774 63.525496
809 47.097647 49.171818
810 20.745762 16.676043
811 71.330903 49.751395
812 54.242936 98.811569
813 81.382840 51.517309
814 65.007710 97.159941
815 83.031287 98.496699
816 14.719455 56.095889
817 51.599999 7.312168
818 93.159486 35.099561
819 91.357320 20.459022
820 15.675175 82.989429
821 50.408453 4.700121
822 1.108593 30.320737
823 88.628502 47.926327
824 12.591368 55.406466
825 44.095214 37.716819
826 96.852485 96.825281
827 36.564258 33.322419
828 5.040195 27.275580
829 93.712984 39.062263
830 15.825552 47.253123
831 28.050845 27.211771
832 44.562372 18.196619
833 20.306828 93.658140
834 3.045358 30.058332
835 98.323394 12.440471
836 89.986712 18.165669
837 86.240996 35.997514
838 68.215794 54.540234
839 26.170461 32.013932
840 19.346622 36.499699
841 31.550399 96.365771
842 37.785035 51.623088
843 58.144150 29.839299
844 24.233822 69.181421
845 63.769264 48.539730
846 5.537643 33.864272
847 18.433410 68.578122
848 80.231789 31.433799
849 92.352399 73.859152
850 58.017909 71.125570
851 23.581026 79.769356
852 17.271619 95.886900
853 80.537468 69.957621
854 62.781815 93.735134
855 37.018556 31.212159
856 89.099038 22.055596
857 70.292315 66.845779
858 20.557413 14.167099
859 7.598624 41.747503
860 52.049288 66.150293
861 7.991042 79.508412
862 55.657646 56.514853
863 12.519091 44.871027
864 80.403788 74.829155
865 49.814406 91.175677
866 64.553592 59.752756
867 73.555499 58.124439
868 0.920607 80.603161
869 94.552962 39.702038
870 14.796992 98.944371
871 91.644374 49.529494
872 68.250050 57.316255
873 74.018245 34.986985
874 99.249049 8.016344
875 31.754786 43.807907
876 25.771175 0.385733
877 88.562500 83.599750
878 54.509952 33.391299
879 49.284000 46.505198
880 25.612174 87.902737
881 25.564852 93.737009
882 83.412936 45.630874
883 51.751460 77.766161
884 51.563618 82.908433
885 70.280393 1.070147
886 67.699225 63.000881
887 45.118179 76.346014
888 3.475246 43.797178
889 61.615411 19.283265
890 71.647156 50.764972
891 63.233616 68.374601
892 26.572467 2.085411
893 0.173538 7.258060
894 6.257355 3.849930
895 30.677750 37.932436
896 16.415110 6.569377
897 72.106514 86.604276
898 16.623352 18.653062
899 50.662905 83.339635
900 3.003938 92.961891
LOCATIONS
1 76.483241 16.593228
2 30.194181 89.298614
3 39.335821 52.419466
4 89.546630 9.502671
5 25.043887 41.962990
6 18.007948 78.521203
7 95.648513 6.051101
8 64.135829 58.495830
9 99.190438 43.172193
10 87.230633 89.713685
11 92.260950 81.267625
12 90.360872 14.029247
13 89.238998 83.854755
14 74.416075 15.342950
15 3.562869 82.042043
16 31.515721 79.961430
17 66.151107 78.643180
18 98.377753 89.444005
19 44.934465 90.423204
20 46.216028 2.109680
21 89.866552 18.225944
22 53.540065 79.733229
23 4.517154 49.818326
24 43.714786 75.638955
25 1.604657 53.672575
26 22.605921 57.435634
27 18.078131 80.849189
28 4.906625 39.591123
29 55.404179 46.397660
30 47.395767 91.615933
31 57.963206 30.729889
32 55.185623 90.353780
33 48.999368 21.829792
34 59.952866 52.019316
35 82.824998 58.409605
36 68.339537 96.780993
37 47.238529 84.454941
38 67.543703 34.904399
39 0.898128 33.113079
40 4.783432 38.430015
41 94.240513 49.388269
42 63.323353 70.452877
43 30.681953 30.186940
44 99.082712 38.546840
45 95.220162 36.193523
46 91.213188 0.639845
47 3.800200 9.452496
48 55.542502 28.885989
49 32.345477 67.488350
50 12.152766 43.110386
51 54.695095 32.334315
52 44.445205 75.817756
53 10.939192 84.698206
54 63.733985 24.275242
55 97.732265 50.406344
56 55.009597 67.310779
57 86.602878 49.241316
58 53.449851 73.763734
59 98.858302 73.886687
60 65.775195 87.331817
61 79.546874 29.571221
62 78.459170 83.582190
63 48.481077 30.927486
64 11.486994 76.931818
65 18.747624 6.986477
66 22.965894 3.088708
67 69.336756 18.293189
68 60.709156 96.911755
69 79.621706 99.817771
70 47.179475 61.684807
71 23.534890 60.024596
72 79.646828 47.162607
73 97.113842 61.420514
74 90.692724 22.277953
75 26.174364 1.338392
76 28.855883 29.236625
77 16.803723 43.875230
78 60.859316 71.597973
79 47.495102 5.128388
80 58.496408 96.288892
81 77.967769 93.579389
82 85.795049 9.592871
83 18.533140 13.040636
84 0.118814 67.015936
85 2.051026 63.145921
86 5.900621 21.401628
87 44.198543 6.020921
88 93.378990 10.468385
89 4.942699 1.296254
90 92.078525 28.105897
91 88.545594 69.467606
92 40.760555 73.303277
93 20.136470 2.321234
94 19.229205 62.380754
95 90.611611 31.252386
96 56.919553 90.872376
97 92.748708 20.875450
98 77.793658 39.970760
99 7.212232 95.297325
100 69.354288 87.893670
101 61.878136 6.280625
102 54.502187 94.617453
103 39.024002 48.175656
104 45.967756 49.009772
105 99.770235 11.275694
106 93.527086 49.076560
107 0.874614 31.294402
108 58.660464 50.863206
109 25.411625 58.766650
110 55.387201 28.444027
111 21.013146 44.856873
112 59.146060 26.473030
113 90.519735 30.053643
114 50.183908 45.057693
115 30.922349 30.538247
116 76.916106 56.023246
117 57.278373 62.878412
118 25.749268 95.287332
119 15.500066 52.956581
120 96.302691 16.852679
121 46.596249 9.811253
122 93.541245 2.049823
123 73.968212 1.087466
124 9.723161 54.125466
125 79.963380 70.836461
126 84.147889 9.791079
127 59.687353 44.941473
128 41.412469 11.874612
129 49.113349 15.339670
130 17.265118 60.677662
131 90.718477 23.089857
132 2.980305 30.354646
133 71.514832 21.074671
134 43.718721 78.978652
135 9.784573 36.010825
136 63.387993 98.628637
137 9.543112 77.141635
138 12.223060 6.328006
139 28.671704 30.954869
140 16.085629 76.320346
141 66.731173 39.163540
142 17.591832 17.654574
143 39.119803 33.813911
144 42.433485 38.524257
145 91.984486 9.750452
146 17.775213 67.948093
147 24.672125 10.030051
148 13.805920 27.625924
149 63.565099 17.528499
150 83.768875 31.849309
151 17.073961 66.129334
152 78.688863 60.834774
153 8.014316 28.042178
154 41.812488 66.728140
155 32.486032 99.821012
156 96.355704 90.775843
157 25.366362 51.274417
158 91.801185 77.452013
159 49.637933 87.518659
160 81.127662 62.208723
161 78.522346 66.877624
162 49.668573 90.707122
163 34.436047 54.785379
164 46.453784 3.699207
165 31.172434 45.809637
166 18.057287 83.940488
167 38.688238 17.885319
168 73.413052 80.093406
169 96.844679 26.581327
170 45.185768 68.358078
171 76.702793 87.866114
172 82.845877 21.823613
173 61.179985 10.971347
174 9.501593 1.147340
175 15.118352 92.631845
176 90.684150 91.026250
177 38.164248 24.332521
178 6.249809 75.584128
179 14.458560 83.330727
180 76.986051 24.793154
181 57.647773 47.755642
182 0.951607 4.038545
183 58.036436 64.911799
184 70.062501 78.643674
185 33.672467 46.776412
186 12.503090 99.386631
187 90.651450 75.003975
188 41.882728 46.055957
189 55.333646 33.693612
190 68.867919 22.255240
191 73.451564 85.433668
192 3.220109 54.218237
193 52.136630 81.723973
194 41.518804 54.706754
195 10.560071 27.215165
196 76.483318 93.154901
197 80.192429 7.644517
198 35.545582 92.716585
199 1.366445 54.888339
200 39.574120 84.058833
201 92.372829 30.399870
202 74.286675 98.141177
203 50.479277 81.011355
204 16.215668 21.107606
205 86.508872 60.602031
206 13.223148 51.577456
207 11.920610 36.473669
208 31.185868 90.671612
209 56.232171 46.837189
210 9.543322 54.252832
211 85.015197 89.511484
212 22.493361 1.904055
213 63.090535 71.213499
214 65.046918 93.510889
215 36.956236 20.658352
216 34.340185 11.221811
217 95.050816 45.135627
218 8.553114 96.107983
219 52.569813 42.733614
220 43.742084 25.539138
221 89.910499 78.232685
222 10.636341 64.634545
223 81.412242 60.374284
224 9.472820 51.027761
225 77.716987 21.270468
226 70.930984 83.767331
227 43.151106 4.144349
228 33.636636 98.586687
229 55.861157 32.739417
230 38.807618 69.282955
231 29.239375 2.373708
232 30.855291 22.354785
233 2.184791 88.045226
234 32.221501 0.096424
235 40.114302 14.188217
236 75.566427 32.155486
237 94.169026 93.349529
238 45.915750 51.874835
239 22.042176 63.542468
240 46.650305 30.908015
241 78.672132 39.698856
242 15.049026 12.106545
243 63.205452 79.166604
244 25.046702 7.558335
245 33.097155 94.690295
246 2.116277 91.239879
247 28.386114 87.501536
248 23.708041 46.427569
249 95.178937 72.958897
250 29.782445 30.428595
251 66.268072 6.650292
252 8.834897 90.369826
253 62.420520 76.806833
254 40.754073 61.032447
255 42.674612 14.021827
256 80.428430 9.822053
257 68.156817 8.627661
258 85.987064 75.436523
259 22.222979 37.327286
260 78.268394 35.885638
261 36.117587 68.031815
262 42.469415 6.750713
263 90.964064 88.834397
264 32.322793 45.181804
265 74.256252 45.552960
266 62.454082 78.208502
267 39.766664 16.006235
268 84.927675 71.656214
269 83.418565 29.787769
270 25.742391 79.450690
271 45.062835 99.521374
272 11.739769 23.026915
273 76.625455 11.783627
274 81.831275 72.591925
275 77.239398 78.135276
276 38.467719 47.351547
277 31.898374 56.113694
278 20.280304 56.984473
279 80.501783 42.330567
280 83.851143 11.877807
281 35.132622 43.649065
282 99.060473 1.896324
283 79.647226 53.570589
284 52.855845 94.687697
285 99.683371 44.108662
286 20.066000 89.163003
287 75.464594 31.899159
288 88.933893 59.667602
289 27.913663 38.463603
290 88.948435 86.012067
291 51.758198 45.516273
292 66.728126 23.240460
293 33.595834 49.339832
294 64.977575 61.197166
295 90.986613 50.737323
296 45.811174 28.557213
297 44.009355 43.682939
298 56.287747 63.784447
299 47.227773 40.805262
300 25.399528 73.080905
301 21.621280 60.951685
302 50.690171 32.628528
303 85.122277 97.737343
304 93.299793 68.796680
305 30.649660 97.143723
306 75.975996 33.147431
307 65.288190 83.456991
308 47.771367 17.169267
309 1.928102 78.677484
310 64.727312 4.122247
311 33.043147 70.466121
312 2.370057 18.182025
313 58.601695 9.611316
314 30.155660 20.793286
315 78.452073 96.640036
316 99.392923 40.776207
317 27.351563 41.110973
318 92.235991 65.837851
319 35.260226 0.252878
320 43.193489 30.614629
321 20.395653 18.196848
322 94.761105 79.597888
323 60.489172 54.533938
324 98.814995 11.944356
325 29.979102 86.184059
326 64.804778 44.497798
327 40.105863 55.710185
328 95.258305 6.010181
329 11.077940 3.917335
330 28.238095 74.163154
331 30.177535 84.261680
332 52.737293 27.642287
333 98.566378 19.047344
334 53.993607 96.648739
335 31.662145 6.882128
336 36.249134 85.378859
337 23.586577 92.710344
338 18.256321 2.643327
339 21.167442 3.419931
340 5.499983 24.545611
341 33.245113 84.699828
342 58.839868 9.932522
343 43.322119 96.476413
344 81.841056 90.646215
345 85.395971 82.919728
346 77.118324 15.828710
347 59.552877 90.819525
348 88.793678 38.048722
349 94.957047 56.184678
350 98.054851 91.070391
351 29.133633 9.618267
352 5.524625 39.621076
353 12.174296 48.643927
354 11.524741 89.251930
355 41.842290 25.713584
356 53.329565 80.198052
357 58.524094 59.086451
358 63.755887 1.215417
359 14.476270 28.154340
360 27.687267 3.025660
361 2.829695 11.254918
362 15.450259 43.353530
363 78.427102 51.695888
364 68.874270 23.507115
365 87.337939 25.951207
366 91.386080 81.080673
367 54.585501 15.815030
368 54.494963 36.862072
369 3.386917 56.629895
370 75.686972 89.633898
371 88.330605 46.309428
372 13.310659 58.237558
373 2.047705 75.635037
374 12.958246 80.667565
375 37.530238 29.468626
376 62.291397 81.385410
377 20.566290 24.503937
378 65.284322 9.787783
379 68.294974 52.623595
380 52.616057 42.430202
381 64.403963 18.253950
382 47.318397 32.514865
383 83.147636 65.353694
384 86.373166 0.391052
385 0.232751 22.829561
386 58.277163 16.682443
387 96.816950 91.719881
388 82.982998 58.316568
389 13.089482 8.880030
390 82.316971 62.030078
391 14.088801 92.364124
392 63.181193 78.986375
393 34.871364 10.593694
394 6.442766 48.510267
395 67.449518 9.794677
396 35.983912 0.075048
397 82.534209 84.811421
398 0.764643 14.933683
399 99.941646 69.841203
400 72.687014 32.751135
401 90.949910 47.131235
402 22.899119 51.813136
403 68.587472 96.916988
404 37.034505 55.786113
405 0.641714 16.721893
406 12.444230 67.977076
407 75.318289 48.064369
408 48.374357 56.039820
409 90.722802 90.673130
410 8.134909 60.447299
411 73.070867 25.012754
412 76.314486 50.959783
413 8.223294 96.392546
414 46.657385 50.108272
415 13.687827 14.234369
416 13.651227 56.229247
417 54.913135 14.192856
418 12.560749 85.096707
419 47.987211 61.349278
420 8.824472 5.213686
421 62.304380 48.209142
422 60.474224 94.623008
423 13.742008 12.133629
424 10.905232 28.835610
425 80.223266 70.489319
426 6.142981 67.519308
427 27.208681 68.343919
428 54.125889 27.266013
429 12.111426 7.235719
430 80.252865 64.728116
431 21.786555 78.193476
432 64.651944 76.146814
433 35.389105 33.524802
434 67.702366 24.205434
435 48.908744 68.376781
436 39.344541 43.444328
437 88.619622 9.246566
438 13.492200 27.447115
439 75.342897 88.855359
440 53.363668 90.025096
441 58.187353 14.611697
442 74.580423 30.388030
443 60.870678 37.122894
444 80.312904 78.754799
445 51.969011 78.864473
446 94.799566 19.002600
447 7.440978 50.228702
448 4.215758 5.161348
449 47.222498 30.622133
450 53.155045 87.547728
451 38.043588 76.022932
452 65.341005 80.836127
453 8.302716 2.807687
454 89.983934 31.369745
455 6.798230 98.879025
456 89.996456 36.953605
457 79.452322 2.768925
458 46.143866 18.431803
459 40.650487 56.875509
460 69.284901 9.322558
461 30.000768 50.245942
462 77.004629 11.279105
463 30.092546 3.881820
464 30.960296 73.085318
465 67.082588 44.552400
466 8.673789 13.028472
467 67.707514 29.035416
468 17.898133 33.562221
469 2.422315 62.551048
470 78.567810 18.204928
471 94.464743 72.326585
472 32.253455 55.851886
473 29.883688 70.099620
474 34.051194 6.330078
475 29.922904 9.058137
476 26.530018 90.774038
477 57.441083 37.514667
478 12.585074 68.329988
479 91.273918 50.866569
480 29.096832 2.289660
481 86.907068 72.241834
482 28.178388 52.863244
483 34.409244 44.065366
484 63.781573 83.839638
485 29.622675 95.240490
486 92.823721 60.826066
487 84.670864 40.629451
488 42.944786 6.893644
489 85.025081 4.713186
490 62.011841 60.791523
491 99.606545 43.809743
492 93.687731 60.335923
493 8.659130 73.791929
494 3.708992 59.371442
495 48.491477 26.429770
496 91.567869 97.577073
497 92.539829 6.330775
498 82.801666 24.443490
499 21.441247 75.949146
500 43.834363 60.748935
501 80.519112 82.516012
502 59.438455 97.128240
503 47.874413 49.583062
504 12.533065 33.346058
505 85.335530 0.008754
506 71.598285 62.170531
507 46.150394 64.107392
508 57.625528 99.429840
509 84.607020 29.964274
510 41.285454 44.391727
511 85.723443 76.290027
512 50.813201 30.965642
513 34.898603 0.047588
514 52.351017 89.262666
515 44.042695 34.388626
516 21.880265 51.529537
517 5.543853 76.231755
518 98.069776 30.990736
519 97.564518 0.057377
520 48.708923 34.262739
521 39.020512 34.132494
522 3.953828 7.906898
523 3.128295 83.158823
524 54.373321 46.751415
525 70.844912 36.744424
526 44.143874 38.087497
527 97.091181 83.635118
528 18.750142 60.890156
529 47.251079 5.873748
530 92.211063 92.913499
531 89.271487 31.535704
532 0.293009 72.137415
533 40.923493 57.304365
534 35.218670 37.796385
535 33.389593 74.941842
536 53.057233 44.537380
537 81.749170 91.783082
538 24.395449 20.734823
539 84.219252 93.597652
540 29.602305 93.750000
541 12.704086 3.038644
542 54.794610 57.856353
543 51.130691 33.175155
544 12.751082 93.551668
545 72.827833 6.756757
546 94.006846 27.863480
547 64.800223 63.251090
548 73.090949 35.759239
549 51.377995 6.315995
550 9.987271 32.427371
551 70.262492 0.188502
552 22.832136 46.310031
553 15.811563 35.650939
554 83.738514 83.074422
555 64.751035 78.859534
556 30.923481 3.747441
557 78.753984 27.212942
558 42.390674 97.750042
559 8.656217 54.368353
560 46.927455 95.750399
561 26.329163 97.823682
562 59.230042 51.584249
563 91.035739 47.693763
564 59.247814 26.146731
565 57.604858 6.283528
566 17.087158 75.526252
567 76.621201 36.638410
568 66.008651 32.758404
569 92.649507 13.725507
570 46.505344 34.091508
571 49.134206 63.931064
572 11.348222 27.936447
573 40.578220 71.683812
574 88.752115 97.297096
575 87.870942 23.670102
576 6.208213 31.132242
577 89.025491 47.332946
578 45.714839 45.738787
579 0.379519 38.696660
580 21.215428 66.447490
581 30.800018 36.075358
582 20.363989 45.223483
583 72.533634 13.321122
584 83.964680 43.829045
585 12.180525 99.760929
586 6.979766 52.866861
587 31.327282 20.061998
588 60.046137 46.595576
589 29.270458 58.423500
590 69.478606 57.241693
591 10.080275 52.812213
592 46.526389 3.880853
593 99.395410 98.549670
594 24.964771 73.913969
595 83.556304 38.560243
596 35.919841 96.929230
597 30.181863 67.497992
598 97.901993 85.434558
599 14.148589 58.793058
600 37.647872 2.731387
601 39.420333 26.647661
602 60.815847 56.010551
603 4.166411 33.460034
604 88.626459 68.735099
605 87.162951 87.733201
606 6.185025 30.187204
607 10.498424 36.867598
608 84.128517 39.276839
609 31.431289 5.675844
610 12.036613 51.564993
611 78.550411 70.992058
612 31.570094 56.780059
613 28.900393 65.276195
614 98.105927 16.606654
615 57.096315 29.917259
616 99.752966 17.626994
617 94.984724 33.438287
618 12.975324 9.638236
619 15.962164 40.114635
620 95.280925 7.227294
621 81.297989 10.705020
622 70.654152 44.336928
623 98.934879 81.402546
624 25.284036 6.743332
625 80.259079 5.143685
626 34.609834 28.806518
627 66.786989 12.533923
628 46.576365 5.682760
629 4.913543 93.301720
630 74.033969 96.916305
631 1.671552 39.812080
632 96.386877 53.993421
633 41.230187 87.787181
634 29.754528 34.843654
635 9.901541 54.458245
636 65.842861 58.326079
637 91.880900 57.169009
638 56.924723 61.862588
639 94.694739 98.554259
640 28.698286 59.963935
641 24.511924 44.455456
642 81.419047 78.642810
643 90.019215 75.871466
644 78.316777 75.482059
645 68.097135 16.237729
646 59.615042 93.885006
647 41.943767 98.741209
648 25.016556 0.736387
649 27.527586 77.495958
650 85.377843 53.491071
651 50.055536 34.467725
652 27.702110 25.526328
653 48.969150 48.195498
654 83.789878 75.324936
655 46.362748 63.027387
656 18.012838 94.163669
657 64.467358 30.746257
658 40.874894 79.145593
659 48.794999 67.846663
660 35.966803 49.960107
661 3.406224 29.755197
662 8.560615 89.019108
663 58.161373 32.340904
664 6.205117 52.229395
665 78.659407 62.001882
666 12.226425 1.208056
667 14.984215 89.094965
668 57.922808 46.593938
669 67.042336 52.112011
670 40.598802 48.108331
671 81.511227 91.808742
672 98.807269 53.640036
673 74.674692 92.952499
674 49.017466 74.158099
675 7.700774 76.649860
676 39.144580 96.185704
677 43.387738 39.778779
678 72.358908 25.518107
679 89.908505 52.449016
680 50.096212 34.458364
681 3.965204 17.900938
682 26.187650 59.508279
683 60.271620 34.065497
684 97.460468 2.828531
685 14.514060 59.805087
686 10.341186 86.279732
687 39.860898 9.351645
688 34.038835 39.173065
689 71.384659 16.015466
690 46.485763 70.556066
691 71.131119 48.468724
692 11.853106 68.748335
693 88.060623 50.613283
694 18.391898 71.213989
695 62.011917 33.661821
696 55.564527 18.123437
697 54.924976 25.519577
698 73.463424 99.196922
699 99.296818 11.840382
700 30.248499 10.441478
701 68.843525 32.911217
702 45.477222 36.326439
703 57.622944 75.745386
704 34.134556 9.729320
705 94.665806 18.881316
706 3.657140 41.622223
707 97.336599 53.339478
708 43.203974 68.762615
709 74.174704 76.419839
710 62.248498 65.395689
711 59.049035 43.635860
712 38.110204 51.332426
713 64.917349 49.044022
714 0.341448 39.101539
715 33.854921 8.119985
716 79.014021 34.126384
717 85.499302 65.814433
718 31.633108 60.463242
719 49.832843 8.928822
720 1.595256 16.055118
721 37.864898 41.127068
722 5.700022 21.588383
723 36.243745 58.660455
724 7.974024 99.497748
725 75.646209 85.790986
726 1.544032 44.722645
727 96.734249 23.971592
728 20.984342 65.768206
729 87.588783 64.549543
730 8.439606 78.920001
731 0.730706 38.608352
732 35.213765 92.818810
733 25.317169 90.715500
734 29.995606 39.560291
735 48.356358 53.730878
736 72.977323 75.872036
737 73.638573 46.120172
738 19.315068 70.266370
739 27.353369 84.651799
740 96.508062 68.632928
741 38.355634 39.884381
742 65.349780 31.864816
743 94.586230 4.100220
744 47.460332 91.493953
745 45.622290 2.474906
746 82.754880 70.267237
747 92.664260 93.394372
748 24.278655 17.492571
749 20.311361 21.297026
750 64.055471 61.992578
751 6.452088 84.887647
752 82.323068 20.902913
753 34.604786 42.159537
754 96.821104 26.638733
755 16.684287 98.383644
756 92.036420 15.410402
757 68.225691 49.668451
758 38.825469 9.861718
759 7.479770 33.604903
760 34.575515 23.999365
761 73.348216 84.812549
762 43.603690 23.220721
763 70.908091 45.587873
764 83.038334 29.671970
765 26.963507 95.779895
766 86.738373 28.156186
767 8.854152 23.702182
768 17.351850 20.149893
769 63.599113 14.635863
770 96.803852 8.930992
771 89.849570 26.075219
772 73.273821 0.339970
773 1.302491 49.508752
774 27.036983 23.074105
775 5.186298 80.745238
776 98.353631 71.170776
777 44.563381 29.651011
778 29.433361 93.610416
779 44.847127 58.120676
780 12.280105 82.126208
781 83.985250 67.821563
782 84.627695 83.451983
783 30.920633 35.867572
784 47.567777 89.369681
785 21.299672 74.842449
786 59.889266 28.916929
787 27.499241 89.571909
788 24.757793 11.340176
789 98.183012 69.730831
790 7.968930 73.298169
791 64.679561 60.105222
792 54.399119 72.206493
793 2.042554 83.583380
794 97.448847 53.960818
795 10.168420 87.112202
796 30.887204 45.796270
797 27.108818 3.235931
798 56.394112 59.862478
799 25.680698 57.503299
800 57.405676 40.160980
801 99.091964 61.702040
802 33.030611 60.381561
803 0.568597 23.165478
804 64.724168 4.106376
805 93.231650 0.413011
806 45.081963 32.467022
807 81.876206 8.492204
808 20.409614 55.596191
809 2.897247 74.066916
810 48.078513 70.975512
811 69.465546 74.758072
812 50.929876 99.799216
813 82.607520 97.864026
814 96.676179 50.638825
815 19.019372 23.117129
816 1.229271 26.374787
817 34.456900 94.604870
818 13.942241 73.671639
819 92.558288 77.259829
820 20.275611 68.576513
821 55.926559 41.819134
822 91.906548 70.200854
823 22.735904 48.426320
824 40.254430 57.282917
825 16.789999 90.047332
826 24.424098 38.825126
827 10.797138 75.051348
828 94.808465 95.413595
829 44.933072 73.528596
830 98.389777 5.856121
831 51.486008 65.845541
832 38.813957 68.461796
833 33.881930 7.659857
834 50.297457 43.964199
835 33.578811 94.743682
836 24.758473 75.997778
837 39.324073 49.183779
838 69.075541 20.497375
839 17.117094 94.846518
840 48.448347 42.985386
841 19.546538 29.125983
842 28.573407 94.588556
843 15.722747 75.666131
844 48.903424 85.446812
845 2.369915 5.679836
846 48.931981 6.564044
847 90.562318 82.073939
848 68.701949 79.207042
849 65.903379 74.123519
850 93.997973 80.638070
851 84.794870 0.171080
852 46.069612 21.581258
853 25.462108 8.695533
854 36.370890 55.379887
855 64.640725 84.915611
856 54.724252 15.890491
857 64.261865 67.356818
858 72.312240 14.579435
859 82.920172 86.550671
860 55.792769 89.121859
861 46.065983 17.093354
862 64.452260 55.366778
863 50.901998 89.034262
864 23.844492 29.059178
865 87.218332 17.096655
866 22.731049 45.941164
867 74.473736 95.296707
868 24.318106 17.412156
869 79.523750 84.871126
870 95.423438 35.018822
871 14.635649 5.826541
872 94.858802 29.390709
873 5.680404 94.279970
874 14.126578 15.854302
875 87.312593 43.884176
876 82.494222 3.451302
877 55.193284 43.861606
878 89.812169 85.682629
879 86.788693 57.680688
880 12.330389 81.915514
881 10.537159 86.325667
882 55.485211 2.608572
883 54.815769 13.365105
884 4.359452 15.524926
885 3.763390 60.227289
886 46.446197 38.392675
887 5.037469 1.157924
888 9.887972 90.535994
889 23.982316 9.180105
890 42.763170 93.412504
891 36.614008 23.992237
892 15.443024 14.428108
893 56.999051 92.429730
894 64.809825 93.627469
895 74.371378 32.128830
896 27.666641 53.677988
897 75.808367 38.665497
898 14.521510 57.782940
899 69.660984 49.052449
900 44.835789 95.265886
