100 100 20 COORD_PMED seed=20260711 source=pmed4
CUSTOMERS
1 67.866919 51.663110
2 47.501911 74.143603
3 19.036924 73.213990
4 19.744336 9.813581
5 56.823748 69.435659
6 65.114308 72.598227
7 88.371591 29.786757
8 84.102021 11.304295
9 6.468426 52.391726
10 62.514425 96.368348
11 64.048357 12.136927
12 0.455221 30.249123
13 9.326500 81.617674
14 7.905154 85.465096
15 30.012294 33.622804
16 27.654403 18.710837
17 44.278781 44.214593
18 11.844933 87.082345
19 53.287071 64.142783
20 85.373046 3.027789
21 25.983595 25.641025
22 43.866475 12.342809
23 88.075281 97.356891
24 21.502528 97.600764
25 25.888168 42.055387
26 20.630329 56.400369
27 88.785348 39.252163
28 67.496693 29.455216
29 65.841638 30.443151
30 50.738700 2.348847
31 39.531226 53.786775
32 24.951199 36.488551
33 14.559745 52.366553
34 81.840281 53.255996
35 86.725792 18.856978
36 52.957878 54.288081
37 53.109398 23.446191
38 64.377298 93.638672
39 58.397753 87.488418
40 26.385131 22.737896
41 33.552099 29.113681
42 5.551535 35.999941
43 4.983344 91.775344
44 99.461606 98.021574
45 86.382482 33.533914
46 62.160956 36.847701
47 81.423509 34.887757
48 83.340548 93.908784
49 90.308533 52.415304
50 72.894912 68.451013
51 52.863270 64.465652
52 35.080143 65.324316
53 39.303225 91.499667
54 28.458472 77.704197
55 74.514862 98.364764
56 20.596890 34.063661
57 35.904676 74.825600
58 28.723461 45.942437
59 13.918011 98.604125
60 37.433824 21.163843
61 90.335026 2.182189
62 94.909988 86.865412
63 76.279881 46.872641
64 2.566335 94.854423
65 28.592585 19.012780
66 55.265911 40.703415
67 5.638390 63.455607
68 28.985891 83.475456
69 79.673747 56.341240
70 47.763614 5.748859
71 59.563524 90.357488
72 43.391120 3.525242
73 67.652030 4.628013
74 78.632665 98.338314
75 73.319215 88.089907
76 18.013508 59.599622
77 38.190963 53.555951
78 53.239186 66.078026
79 54.004185 58.523713
80 43.979163 17.660266
81 23.464087 43.788293
82 93.520734 44.216848
83 51.704802 58.499621
84 40.136889 81.299621
85 72.677657 20.566063
86 23.066263 33.433966
87 60.467205 99.404409
88 32.395928 6.933480
89 8.395276 68.040194
90 68.745010 42.471151
91 16.812035 72.123764
92 18.883043 43.236689
93 97.385336 15.229684
94 35.269051 21.895637
95 91.728977 15.179369
96 27.503001 15.508085
97 83.653342 98.728338
98 19.194827 5.702301
99 74.358295 76.908362
100 67.925831 33.864324
LOCATIONS
1 91.786802 54.417881
2 27.185395 4.629837
3 10.702788 60.734335
4 46.891321 26.658931
5 12.374304 72.671036
6 52.378703 30.172141
7 86.312288 84.560604
8 59.370007 19.528846
9 55.092918 73.293413
10 34.793048 0.943539
11 61.488762 84.168846
12 45.888366 26.165603
13 92.941665 76.240170
14 82.557180 11.530247
15 19.245505 63.885740
16 78.598215 79.018001
17 31.909654 49.019016
18 55.186340 13.438469
19 94.557681 79.189612
20 3.324647 32.276200
21 45.006445 72.079932
22 97.601409 1.657711
23 56.615553 20.751444
24 95.828419 15.990063
25 69.223549 35.452802
26 33.605196 59.987181
27 80.074260 8.581367
28 10.023398 3.421888
29 16.430508 46.766062
30 17.685236 91.662003
31 87.658829 44.944480
32 16.064711 17.185205
33 57.704427 24.816463
34 20.107827 67.305931
35 3.485689 19.699436
36 16.223281 21.211276
37 41.425975 90.570654
38 83.971094 58.286023
39 96.771468 64.672085
40 12.413663 75.431022
41 8.948633 48.078042
42 28.475473 10.691646
43 88.827218 75.060044
44 86.437724 82.954147
45 80.657774 23.823776
46 53.709634 20.117749
47 58.503838 66.832726
48 5.099576 60.844465
49 27.792730 92.974802
50 63.328106 0.039629
51 12.896443 13.246262
52 10.976440 27.212758
53 33.658568 56.781928
54 64.673903 14.451879
55 95.898429 61.790820
56 69.820022 78.514089
57 97.168601 50.281935
58 9.833893 86.897940
59 51.966600 10.498199
60 0.861285 67.963359
61 67.516212 34.421299
62 94.553637 57.633346
63 67.437341 61.986061
64 10.084334 64.804509
65 19.661591 22.534945
66 49.771533 27.402002
67 49.360656 70.784628
68 32.486017 63.931685
69 47.911445 47.014966
70 35.825224 7.965309
71 37.172978 47.656813
72 80.329023 91.031888
73 61.202601 33.588518
74 10.274726 85.891368
75 8.033290 37.945474
76 80.738694 34.684698
77 84.038195 8.405302
78 89.982208 94.848745
79 77.469538 6.406822
80 96.294273 82.865340
81 5.436313 1.806175
82 81.238530 64.089971
83 19.671828 13.600868
84 20.463729 17.446031
85 65.156017 97.419158
86 61.181577 97.668334
87 32.747056 39.445303
88 22.813602 92.071492
89 63.669753 91.132769
90 20.864824 83.033797
91 51.367360 7.469964
92 56.931082 90.961577
93 15.430398 29.090255
94 44.373680 3.320197
95 4.890625 13.592108
96 90.088653 47.650649
97 87.762954 6.621006
98 14.169493 83.636020
99 79.778417 1.167502
100 95.854850 93.256233
