700 700 5 COORD_PMED seed=20260738 source=pmed31
CUSTOMERS
1 23.069499 35.594646
2 43.219484 28.785073
3 3.419561 86.625444
4 70.533018 29.499737
5 51.129696 21.251604
6 81.999637 59.529250
7 33.034345 13.006947
8 90.275526 86.645579
9 17.851598 66.023193
10 93.702776 32.197153
11 47.278644 24.575821
12 45.753399 92.631828
13 23.995008 59.590727
14 10.440021 58.067255
15 96.729239 45.006567
16 88.411519 36.291463
17 44.773552 91.622783
18 38.363187 73.536010
19 32.357541 3.041211
20 67.579650 37.732062
21 73.809498 75.933634
22 60.980021 79.801260
23 39.159487 89.213919
24 5.427044 79.544648
25 35.602031 81.415635
26 17.415678 31.623948
27 2.375585 14.956201
28 21.762155 21.313201
29 85.022251 30.645123
30 78.613532 96.417836
31 49.959810 90.624183
32 5.599918 52.576423
33 39.488417 48.538653
34 98.314131 12.427072
35 4.713329 77.014147
36 66.454571 49.508695
37 34.708852 25.324047
38 15.662721 87.873452
39 45.934069 52.705367
40 45.499319 86.425339
41 48.249810 25.579301
42 1.824712 42.526360
43 78.308801 60.038592
44 30.498859 20.289217
45 69.671360 56.319306
46 27.382894 19.621990
47 45.137251 70.116558
48 39.364547 55.551518
49 85.669842 80.238914
50 59.576995 78.390980
51 7.808629 96.196012
52 16.749763 28.136905
53 45.835316 90.322017
54 23.380777 29.423978
55 91.688270 92.537989
56 7.294099 34.632099
57 86.095043 37.238368
58 17.262137 70.857209
59 34.730311 25.512814
60 7.827446 69.904709
61 20.534304 84.695858
62 76.547366 2.525707
63 68.050073 49.850626
64 32.177409 19.199419
65 18.176502 70.982841
66 50.235801 75.458368
67 69.861904 54.944860
68 55.064867 38.288093
69 34.415257 83.976693
70 24.227471 91.282033
71 29.218106 66.569738
72 97.270826 7.830443
73 0.147591 56.544305
74 11.567911 33.925567
75 53.769119 23.935615
76 40.473593 75.813870
77 12.136443 5.976105
78 67.946255 69.119601
79 27.659547 69.976818
80 20.130640 4.117668
81 49.515985 31.635435
82 35.407912 42.249497
83 77.405902 15.207943
84 90.032358 62.165690
85 30.431797 3.239971
86 51.335678 1.126650
87 49.209466 85.330057
88 15.845807 69.179363
89 63.795205 61.244890
90 53.554576 35.181430
91 38.613645 97.337582
92 57.868300 11.096696
93 1.776005 81.280027
94 51.178729 78.867022
95 71.037807 5.551338
96 13.256197 85.458226
97 68.692236 18.750902
98 52.430244 28.803615
99 13.345527 50.978039
100 89.640875 57.704578
101 54.032489 3.004418
102 81.887801 76.266946
103 11.307824 0.680793
104 81.715745 22.153154
105 21.416434 87.165876
106 63.241299 97.781675
107 98.106528 39.183509
108 27.213412 38.372518
109 6.251031 18.522965
110 41.978309 59.414786
111 74.920590 34.580542
112 18.053055 98.299647
113 92.911978 11.715626
114 14.364530 75.527823
115 47.662140 29.025900
116 4.653802 7.039242
117 33.865985 0.050246
118 20.860597 96.817832
119 26.839192 3.398241
120 0.853959 54.154768
121 40.027963 82.273607
122 89.313270 52.124315
123 32.458604 49.705008
124 7.830830 75.134834
125 20.904734 39.831393
126 56.953099 54.085887
127 88.580084 26.676691
128 38.901451 61.778214
129 41.473458 27.848210
130 5.334428 52.077946
131 76.648292 16.224027
132 32.788020 88.174682
133 86.887598 13.562398
134 95.434371 46.126848
135 53.586967 48.620784
136 71.618399 69.986079
137 51.985168 5.909466
138 9.390610 14.663262
139 10.808638 41.079284
140 84.038043 76.226218
141 7.935034 72.159288
142 86.694927 15.886464
143 23.479965 16.671761
144 1.371152 71.303470
145 22.211478 90.519412
146 99.006061 91.713809
147 28.382619 95.459248
148 5.182951 56.110891
149 20.790405 88.877840
150 83.227856 72.174070
151 20.737679 92.539345
152 30.340418 59.658358
153 45.528757 44.215326
154 39.705378 46.245861
155 63.884416 42.439275
156 70.191091 10.092055
157 72.707439 90.783156
158 54.789195 6.683617
159 8.555387 36.408461
160 99.436658 78.913396
161 26.747383 9.719310
162 60.725986 22.466727
163 46.703376 0.589040
164 18.466139 22.314011
165 85.934559 15.681860
166 30.132427 99.927101
167 54.964486 25.534661
168 2.438272 93.450296
169 6.167603 58.983520
170 9.767246 70.031797
171 83.197529 54.218635
172 26.131282 23.364327
173 21.677489 26.876759
174 74.574768 33.668253
175 34.864413 51.148398
176 28.875199 80.705117
177 69.865798 27.026072
178 19.180552 34.118056
179 3.976521 22.316999
180 79.915766 47.493416
181 96.412831 26.952117
182 29.381863 58.374810
183 3.888340 47.279591
184 83.369614 50.493081
185 29.823476 87.886112
186 35.807330 73.584146
187 6.804433 7.185452
188 17.652601 45.612683
189 22.934547 97.458393
190 77.874032 90.406468
191 22.524884 20.870610
192 19.862064 31.488283
193 89.426534 31.204354
194 41.598418 86.674732
195 89.069900 68.785211
196 36.702818 24.001591
197 24.267226 48.158538
198 90.668199 32.938479
199 30.689988 19.254620
200 43.615861 11.374786
201 49.697353 5.377347
202 21.226988 96.421002
203 94.705463 63.234400
204 67.284515 22.571740
205 36.989144 12.795243
206 16.649655 62.474863
207 69.105656 70.216729
208 45.690547 5.022519
209 19.174353 49.557937
210 29.518856 12.210245
211 86.725428 39.369667
212 62.686525 41.058854
213 44.616691 73.471588
214 40.414614 97.547827
215 69.156564 56.540277
216 33.134116 86.704414
217 71.472325 7.286767
218 12.702283 8.877932
219 44.376274 58.603214
220 39.814487 23.531936
221 51.737261 68.070352
222 46.772036 7.564964
223 38.458322 44.439539
224 40.162312 74.661780
225 78.475635 98.499575
226 31.507382 57.225236
227 47.296530 30.312889
228 27.644382 38.211920
229 25.359966 27.882639
230 43.454750 94.418571
231 17.302180 87.389133
232 66.357593 2.565522
233 57.859994 7.368583
234 86.778430 72.085860
235 95.098929 14.376537
236 32.520848 45.428232
237 26.237865 83.403211
238 24.368474 80.416450
239 42.037349 87.252580
240 3.486178 94.918346
241 48.126092 41.466557
242 47.122942 15.713650
243 29.930015 33.212458
244 46.504858 29.908462
245 99.015775 32.033962
246 30.313596 2.416089
247 74.525326 33.053753
248 47.940430 98.785508
249 98.682861 13.685904
250 37.897765 4.057078
251 97.343282 39.391600
252 64.876436 10.295478
253 41.428154 3.395193
254 19.933043 3.809230
255 69.993594 28.268373
256 47.066343 9.818753
257 0.956020 35.500014
258 38.985403 43.784453
259 48.918512 69.095318
260 4.166028 54.702474
261 40.835872 27.564854
262 93.266413 22.302703
263 57.812353 10.412447
264 41.350766 9.588251
265 36.238616 12.452228
266 78.378780 93.009065
267 63.644575 20.643380
268 65.635579 69.444410
269 11.205578 40.622023
270 96.218709 22.852523
271 25.763106 96.879305
272 86.321311 50.549101
273 21.911651 64.346191
274 41.200979 49.148538
275 31.722011 16.962130
276 49.955167 94.161246
277 7.448308 27.746317
278 96.423005 4.660515
279 49.708599 60.382895
280 21.100083 90.752531
281 52.495912 62.051190
282 56.846129 33.491104
283 15.573505 73.027504
284 99.469586 10.720196
285 83.609223 19.133234
286 81.808210 54.877772
287 26.608766 18.101517
288 47.688119 68.451439
289 93.317982 21.632291
290 57.738382 79.975849
291 87.329121 70.128287
292 72.511725 53.181859
293 56.409169 53.579689
294 30.807864 72.994100
295 65.437344 11.820542
296 47.151595 54.036710
297 86.224929 11.401071
298 21.020775 52.605410
299 71.462398 95.646358
300 1.016620 19.224396
301 44.235473 50.913237
302 92.318617 70.437242
303 58.293170 61.658451
304 68.136032 41.119259
305 25.812662 13.371982
306 73.618030 99.178297
307 95.910920 21.618423
308 1.401890 93.860224
309 32.629267 37.702042
310 58.508212 73.111615
311 31.186786 57.250787
312 10.606945 2.288450
313 49.401329 52.708687
314 18.811638 8.168663
315 10.716081 49.704194
316 89.641626 85.210763
317 21.722642 10.427401
318 49.575439 48.665586
319 65.467258 38.363556
320 0.195138 32.114734
321 54.313333 0.296974
322 5.847838 87.340579
323 52.520328 11.818385
324 34.286530 65.858332
325 25.293739 76.951762
326 55.807569 92.309757
327 66.173757 96.100498
328 73.912504 85.405009
329 48.722688 62.487586
330 18.882782 99.534157
331 21.308490 33.788890
332 4.730802 84.286787
333 43.390213 84.990321
334 85.536519 65.201950
335 42.809551 75.124896
336 42.255543 23.005847
337 91.583843 2.980642
338 43.893347 3.579484
339 79.573595 41.669037
340 12.495739 30.254545
341 88.623982 36.021983
342 41.099237 51.635948
343 44.463676 6.788570
344 85.213054 57.442189
345 41.665090 5.557544
346 16.814903 75.731753
347 74.726222 85.983142
348 97.733555 47.671166
349 31.999720 36.047971
350 58.250135 1.609268
351 92.133087 81.603062
352 50.157234 94.082433
353 38.353428 87.454460
354 96.293933 31.254950
355 81.685721 13.898588
356 12.879771 76.788701
357 96.206955 88.282634
358 96.191256 84.720228
359 69.805170 0.908551
360 62.800694 25.086123
361 2.727259 86.561765
362 50.464412 59.886590
363 15.171805 52.379677
364 0.924877 29.934237
365 37.148950 87.448125
366 54.144411 8.119842
367 29.659996 11.022739
368 7.614792 54.716573
369 5.022057 69.331680
370 93.583002 65.872678
371 46.878056 89.217748
372 74.251964 35.761085
373 19.092435 37.375149
374 79.059298 61.909876
375 2.704936 59.378013
376 63.948618 12.890642
377 97.305299 23.513481
378 77.710289 1.907266
379 30.860620 2.864392
380 22.363711 81.254672
381 2.429428 47.835490
382 53.632204 28.620818
383 74.263663 87.945120
384 99.324244 14.500317
385 44.139101 42.233221
386 31.321161 11.951908
387 30.751112 6.372619
388 56.553827 40.927831
389 58.931106 13.240984
390 16.863919 43.973914
391 1.840010 36.063852
392 61.935435 91.337667
393 93.801749 79.142303
394 27.479285 6.051597
395 58.876741 39.240911
396 51.890804 42.921297
397 24.064608 97.169400
398 36.267126 82.320575
399 5.177350 94.769273
400 21.460426 6.695835
401 93.801855 48.962438
402 15.340489 61.167006
403 84.271249 5.898500
404 24.454609 79.567332
405 90.863732 69.917032
406 68.083316 46.713580
407 16.897268 63.375051
408 9.655690 53.062512
409 8.850194 86.520544
410 94.590824 73.296809
411 32.461766 2.444388
412 14.167855 69.961916
413 58.685204 9.433186
414 6.876733 80.189427
415 16.915993 81.647057
416 40.711059 66.587550
417 72.444397 49.658068
418 61.602862 66.880718
419 87.140442 43.342671
420 27.051862 91.743925
421 45.563548 19.783104
422 98.718133 65.330402
423 54.767895 76.658906
424 30.158547 74.873068
425 70.224888 56.598366
426 79.308510 11.490756
427 53.261132 7.053468
428 20.427204 66.961823
429 46.796967 49.451002
430 1.049738 18.894526
431 58.562482 16.845925
432 71.485021 50.010294
433 18.922453 2.511866
434 38.225936 6.909513
435 9.390156 6.137000
436 66.788613 6.404879
437 41.530427 61.895462
438 13.352170 85.410745
439 23.508538 28.681402
440 88.393318 38.734508
441 86.272882 13.983286
442 66.185343 77.741352
443 33.575545 71.872445
444 1.176844 97.441801
445 7.330634 45.649368
446 92.930693 65.716546
447 64.594825 5.138235
448 86.876249 58.597008
449 91.212751 34.687192
450 53.694217 51.676195
451 16.371334 39.535060
452 70.630684 78.655729
453 8.018411 5.449551
454 69.898549 80.813426
455 47.806689 8.175186
456 81.358304 21.309770
457 73.839508 48.920003
458 66.526017 30.043188
459 43.933710 82.805000
460 19.171536 31.510394
461 47.125872 53.657416
462 47.851409 45.886436
463 13.533895 6.590696
464 53.112725 51.704319
465 5.096255 33.687940
466 17.325989 37.782294
467 21.489025 58.530391
468 10.197993 65.493351
469 10.188603 28.527190
470 69.468686 44.922636
471 33.595959 73.767208
472 62.540121 26.262497
473 96.070073 9.898267
474 0.756641 61.319500
475 14.665196 33.021733
476 0.793225 58.232240
477 6.746281 19.171221
478 94.642709 48.812267
479 93.542891 75.459881
480 23.060034 57.208034
481 37.381750 44.764296
482 72.330920 52.443129
483 50.924713 44.939696
484 3.162967 1.269912
485 20.423753 21.319863
486 89.939415 53.091001
487 59.063556 26.315389
488 80.758258 99.722444
489 4.695759 25.246709
490 41.982179 45.860610
491 82.546628 55.832411
492 61.298133 65.153404
493 18.513066 26.406783
494 62.478955 58.001368
495 58.094810 75.759339
496 28.918693 75.787595
497 80.879069 5.569663
498 15.432567 14.983125
499 77.311875 21.852681
500 73.005809 80.339009
501 31.951597 79.532477
502 9.143955 79.568051
503 94.224173 31.847424
504 28.116083 45.269758
505 28.461488 3.162498
506 63.672019 31.590862
507 83.382236 50.780918
508 76.214563 1.922936
509 47.442535 99.589536
510 30.735830 12.760202
511 38.490613 64.395842
512 94.557877 65.432489
513 15.892503 79.582470
514 46.467187 45.933634
515 5.724851 93.508224
516 49.122442 61.641004
517 59.619212 34.364996
518 55.661843 16.172467
519 81.320735 6.543060
520 23.802304 84.104764
521 88.157517 33.409356
522 73.265952 23.804984
523 41.467993 92.339813
524 45.853384 27.499855
525 91.967446 25.239214
526 46.732949 75.637784
527 56.978339 86.830869
528 71.431837 64.132538
529 1.762559 45.874819
530 97.118053 65.223603
531 61.939744 84.526727
532 10.812374 45.461825
533 36.776933 92.745484
534 27.402518 4.793980
535 53.289142 29.016416
536 6.044531 27.171976
537 42.708135 22.891293
538 40.782397 13.073654
539 73.969973 60.123455
540 8.451042 68.963277
541 72.745046 82.984402
542 48.812733 86.782755
543 97.744129 13.552838
544 5.673881 40.138091
545 30.225575 31.842215
546 61.779397 34.889776
547 27.231220 65.629182
548 67.653148 31.396044
549 15.962466 92.245497
550 34.180067 40.833409
551 58.985851 6.953050
552 24.396558 64.955524
553 55.202477 43.555242
554 35.216316 53.552587
555 87.911534 20.118407
556 16.041670 1.564727
557 53.232947 41.684785
558 65.796628 23.053140
559 99.611643 6.937218
560 86.930388 88.982696
561 45.482204 81.240106
562 78.549199 16.194811
563 1.135214 59.739040
564 21.397674 96.194662
565 77.612364 67.525232
566 24.998803 80.912552
567 51.532967 48.770233
568 92.875838 16.604553
569 66.532187 46.776377
570 26.501435 93.237907
571 51.734231 29.940144
572 54.506771 23.026116
573 40.679735 33.941339
574 82.958314 56.832387
575 19.450657 35.306322
576 94.119241 68.406991
577 80.129682 6.580463
578 24.017071 96.341493
579 85.231747 60.555054
580 90.249830 52.404069
581 34.811175 65.783092
582 5.527015 40.857962
583 78.093458 69.524495
584 90.717174 80.588624
585 78.864596 35.482360
586 77.355541 38.954303
587 84.728398 31.207941
588 19.910102 13.641244
589 94.005620 4.119027
590 91.751275 84.360994
591 69.175901 41.525638
592 15.410473 0.949627
593 80.995236 11.232205
594 63.704213 10.941098
595 54.031925 62.336481
596 73.138865 92.831939
597 96.934175 50.303478
598 81.228898 67.363034
599 47.488280 19.400676
600 41.896491 7.082276
601 31.249928 31.358878
602 20.059742 85.500380
603 18.271466 25.820807
604 59.996190 14.841355
605 40.184485 29.503555
606 35.017146 63.535364
607 63.457742 27.148057
608 51.755646 96.873601
609 39.046460 1.709603
610 49.347799 38.830144
611 81.408944 65.297362
612 51.126148 96.519501
613 57.254736 46.454305
614 42.165242 91.686932
615 52.199491 65.836098
616 85.553902 87.976753
617 57.696396 18.248972
618 5.572119 53.972624
619 75.777054 29.960337
620 32.047217 35.457528
621 1.386602 5.681220
622 72.665455 23.728190
623 8.709224 50.669430
624 25.448052 26.443589
625 62.986697 43.951065
626 28.936282 52.229757
627 29.202303 7.873262
628 25.866918 73.316409
629 52.227346 41.333190
630 60.785074 24.398923
631 25.903086 9.557434
632 39.966823 62.156209
633 77.315176 22.223359
634 73.757218 8.405287
635 98.608891 51.884964
636 59.388814 22.612483
637 89.875807 30.940886
638 42.442863 88.301461
639 23.137066 93.987771
640 77.834213 93.949823
641 39.500424 37.489546
642 91.964855 14.136481
643 94.955601 35.486545
644 57.509976 89.981861
645 49.567171 41.075847
646 70.598333 99.900421
647 39.053248 24.762980
648 99.395231 75.009675
649 94.313526 93.877081
650 56.086215 38.288329
651 77.879631 50.914564
652 86.578251 53.809427
653 35.507858 89.745570
654 57.969050 0.388267
655 35.473605 15.340796
656 16.185165 71.482842
657 82.936873 80.898130
658 38.087198 60.828741
659 58.158659 73.769426
660 10.274322 46.526052
661 39.726823 15.579844
662 71.139894 55.334617
663 87.784325 73.670351
664 21.541788 42.731576
665 39.621826 87.229758
666 12.450401 32.485193
667 21.702771 33.644014
668 85.885126 38.259999
669 15.686714 53.674327
670 42.283061 45.677417
671 31.091445 65.234200
672 63.210897 21.884539
673 60.396607 90.972719
674 22.781109 49.090745
675 47.605516 13.884654
676 57.230665 69.353478
677 39.683495 46.921148
678 31.494704 33.688894
679 39.175521 1.471604
680 88.750857 76.726062
681 97.089745 57.194729
682 89.764563 48.636602
683 72.344355 88.775514
684 58.656571 13.139678
685 38.316855 42.929327
686 46.832604 46.169252
687 33.072261 11.764100
688 68.553097 5.233327
689 72.607073 65.685870
690 69.581695 2.193627
691 19.849092 36.924364
692 86.743547 64.176840
693 84.233552 0.148510
694 32.293505 84.868150
695 96.499976 55.272732
696 85.408609 26.997253
697 38.044542 87.426798
698 38.862368 30.535652
699 16.930229 39.035597
700 7.244148 21.481275
LOCATIONS
1 68.553088 77.108099
2 91.607488 65.490711
3 41.282325 35.955785
4 6.999039 27.262254
5 39.008128 14.387905
6 95.178245 24.391105
7 57.881423 57.128782
8 69.643100 98.487725
9 44.866665 22.449468
10 64.578839 15.890482
11 79.026175 64.240083
12 2.022429 67.743632
13 7.704480 16.583066
14 23.184114 76.818113
15 34.565615 6.511641
16 14.006384 19.194223
17 20.531553 95.450369
18 29.809876 33.793479
19 51.125119 38.355178
20 0.015883 31.126907
21 17.290217 2.506191
22 41.579229 31.667170
23 87.945381 46.854502
24 89.938847 58.218938
25 11.553008 64.816213
26 74.024416 43.291631
27 78.550645 42.481951
28 86.378944 8.683959
29 59.053411 18.707171
30 51.385991 87.080338
31 34.590454 38.653699
32 26.035024 74.304464
33 65.467040 25.717234
34 16.583691 48.225587
35 94.608741 48.685118
36 83.243617 81.339252
37 34.686431 3.883837
38 90.561773 88.995263
39 49.098061 14.673475
40 91.040091 9.841421
41 79.308284 23.744654
42 9.383592 50.873674
43 11.840554 45.982598
44 61.521609 41.227785
45 13.887830 46.250639
46 32.864885 1.761020
47 36.643887 34.122113
48 91.209234 70.449868
49 33.243965 60.150973
50 42.748544 92.949877
51 91.356609 78.847856
52 4.983221 68.688365
53 42.610409 77.760307
54 14.264224 61.230926
55 62.547340 98.312391
56 74.311995 40.181975
57 32.509371 54.377184
58 65.802681 28.786323
59 32.696366 32.838038
60 30.642754 5.305000
61 5.521890 87.947719
62 13.155023 77.692961
63 31.946369 84.782154
64 91.044520 80.228431
65 74.240550 26.928533
66 74.864820 16.194602
67 31.832043 22.201305
68 83.077982 76.289028
69 86.437637 87.704741
70 5.225818 67.409984
71 20.952706 55.142108
72 51.029637 69.236137
73 5.322040 44.932364
74 56.099601 53.593847
75 90.853554 70.004444
76 58.876293 85.743544
77 73.874510 62.356010
78 9.195000 29.160026
79 43.724927 97.487290
80 31.437057 59.518911
81 5.704606 3.576598
82 21.691195 96.184593
83 43.496519 55.345239
84 30.451031 12.215983
85 84.387317 34.928014
86 63.704951 62.269174
87 32.457741 31.321586
88 38.504875 7.870238
89 13.962402 44.859723
90 82.067600 12.514012
91 88.978357 11.968908
92 93.569211 48.289345
93 50.974950 18.766909
94 49.929116 17.048281
95 41.720060 41.200640
96 50.032920 34.019599
97 24.143691 48.594189
98 46.842761 40.632083
99 27.807986 68.403583
100 75.068069 23.035659
101 84.953174 14.431016
102 5.885949 73.089037
103 79.551514 61.458986
104 96.590995 45.483317
105 54.565207 68.095411
106 76.288689 92.814733
107 12.560908 31.795177
108 51.746341 53.642337
109 97.945058 73.239517
110 31.558157 74.016532
111 37.792048 23.965205
112 65.326865 80.070713
113 46.828933 27.545859
114 9.020405 78.961337
115 11.949284 12.673755
116 30.534982 39.390884
117 51.068479 93.273345
118 25.652882 6.344730
119 33.053134 10.240350
120 51.527110 72.281799
121 24.068288 2.221526
122 86.173635 86.705629
123 48.992457 61.168532
124 52.490852 42.616625
125 64.490110 93.069275
126 63.936549 14.785474
127 75.818596 22.091379
128 19.051202 82.724908
129 39.211908 36.773431
130 13.071592 45.656234
131 25.957825 7.126953
132 60.185825 16.260593
133 8.521551 71.514801
134 97.311163 94.795062
135 3.276585 11.917509
136 66.700752 76.052935
137 41.465309 51.578355
138 10.379570 29.042687
139 60.084765 99.928431
140 48.983967 32.493621
141 16.986606 9.346664
142 47.877100 74.108306
143 28.196923 84.794067
144 26.275585 29.158598
145 18.009843 65.039202
146 16.598784 1.459764
147 11.968320 15.531731
148 36.990415 57.584925
149 28.944055 58.255403
150 44.596722 59.994928
151 75.734330 63.124568
152 94.107238 96.621458
153 50.080417 18.938604
154 49.200167 96.203400
155 28.757077 52.959469
156 94.156633 38.670244
157 63.115746 0.363305
158 23.401650 63.980324
159 94.423386 12.161365
160 70.970968 61.118767
161 61.078464 65.956837
162 87.351588 49.824021
163 30.643850 31.942519
164 47.219655 2.803933
165 91.817819 74.045778
166 36.897486 15.469441
167 68.554435 93.933634
168 17.112267 24.709348
169 33.547981 14.157087
170 56.151203 86.662673
171 32.037430 93.638237
172 25.325036 31.253795
173 16.993351 67.798924
174 92.286043 77.243521
175 90.708660 83.083265
176 95.933185 40.651051
177 77.592998 54.109081
178 93.463384 6.009093
179 87.693535 83.898827
180 65.872356 37.749603
181 82.063200 53.594770
182 96.994132 79.072497
183 80.988876 31.830810
184 72.776446 70.346161
185 21.042138 51.868279
186 17.055156 68.506185
187 26.097963 89.926979
188 83.147109 22.450391
189 28.072078 91.823982
190 66.598883 60.781390
191 30.686373 37.175938
192 62.742358 8.046211
193 35.305568 87.769935
194 53.765838 50.506813
195 51.531563 83.337331
196 40.037279 41.008534
197 36.449481 56.563463
198 3.697363 38.560963
199 67.889930 43.146658
200 62.199795 28.594195
201 6.703478 57.929196
202 94.874314 21.745887
203 17.120108 71.346454
204 32.738414 12.488042
205 60.509586 63.980130
206 41.790732 81.117626
207 78.606499 33.427933
208 2.689019 63.549714
209 29.626398 4.886508
210 39.232288 8.021378
211 45.965440 64.787665
212 20.246316 62.528137
213 1.728200 94.183036
214 64.845236 27.729495
215 34.785395 76.828152
216 34.885423 65.949180
217 59.413656 27.057425
218 23.064847 68.151837
219 18.636481 39.799177
220 52.816172 59.638273
221 91.687270 94.398287
222 44.412644 27.400472
223 62.109862 35.191257
224 6.832998 78.246018
225 94.169869 96.796545
226 18.937930 38.828064
227 22.569160 29.207557
228 16.109725 98.077873
229 55.468177 16.328100
230 59.079778 65.844646
231 41.853812 43.967542
232 5.440313 78.686341
233 90.355259 73.391895
234 86.499602 71.740314
235 87.142074 68.091561
236 78.461386 1.186774
237 81.577802 54.225610
238 75.703225 28.772822
239 83.299015 4.223807
240 87.189142 88.862231
241 41.874390 63.741692
242 6.393643 42.704542
243 92.305891 12.289238
244 67.279557 73.053908
245 32.912259 44.909162
246 88.907909 38.831325
247 84.480952 34.402733
248 43.469642 21.017241
249 10.070141 22.205246
250 14.465160 58.616775
251 7.028449 49.412631
252 74.671788 67.399253
253 18.302872 72.004826
254 53.957715 98.686849
255 3.212343 65.949571
256 4.992391 77.349951
257 14.090834 10.402938
258 60.333536 71.366702
259 48.405242 1.947914
260 15.472001 58.693139
261 28.016368 8.600969
262 5.823952 43.202973
263 57.481790 33.506145
264 79.286408 90.043382
265 41.875487 56.501687
266 16.265089 96.996330
267 26.379621 48.149629
268 14.390364 46.442456
269 32.858190 7.945562
270 62.535408 37.881892
271 42.491452 70.098012
272 77.338726 77.405617
273 34.089677 1.750116
274 98.041343 43.329423
275 16.177679 87.014524
276 87.251948 93.035599
277 81.748212 68.367198
278 96.492686 88.831636
279 57.157678 87.299721
280 90.959787 26.212526
281 74.193274 78.882514
282 99.098096 14.167058
283 7.541293 89.301601
284 17.698318 42.073300
285 10.226467 12.201185
286 58.422995 14.229012
287 40.019704 77.188683
288 83.451468 25.660403
289 96.745135 13.650064
290 20.849629 37.166199
291 38.062062 11.756740
292 59.125106 48.127796
293 72.351044 95.558969
294 48.739411 86.032928
295 49.136056 89.988090
296 33.597572 52.034423
297 13.095689 21.402311
298 86.703639 17.882363
299 0.250157 32.667058
300 29.747600 78.564458
301 97.203437 14.114231
302 10.594385 96.159569
303 1.717123 48.623423
304 93.612328 99.952197
305 42.157409 55.129524
306 52.375555 66.650376
307 81.866845 44.232594
308 1.325804 70.636810
309 71.283983 24.000808
310 79.770039 35.189852
311 75.921862 47.785808
312 87.488243 51.131304
313 46.196638 66.170855
314 76.300037 78.074939
315 26.564377 34.643672
316 4.577393 3.054587
317 94.752981 78.915560
318 53.523854 64.772557
319 19.922298 15.824874
320 46.020357 63.501964
321 96.244375 37.031636
322 4.893109 80.445334
323 28.043632 11.988540
324 59.360587 88.142091
325 78.946021 1.229212
326 40.869789 16.631642
327 14.690974 15.927978
328 41.792802 66.097510
329 31.835037 35.172453
330 17.476964 68.407875
331 3.059823 70.044705
332 43.342320 96.624645
333 87.156617 17.412509
334 41.270445 33.082961
335 44.364219 51.718422
336 50.735183 70.890124
337 69.175632 4.621770
338 37.010741 25.177695
339 52.538285 44.663979
340 44.196876 26.700147
341 57.928299 98.924793
342 9.653105 99.896741
343 18.918390 10.906119
344 22.213820 88.237215
345 9.992381 85.106241
346 13.289338 33.926009
347 81.081020 83.795667
348 85.287453 99.782441
349 55.513756 65.036953
350 92.883039 60.476251
351 44.802680 43.370723
352 97.176424 33.520805
353 80.922234 77.755576
354 76.055448 52.848563
355 77.283934 30.099577
356 95.404750 9.409812
357 50.174532 12.041086
358 23.243321 49.301198
359 61.670473 88.972128
360 97.619688 70.160304
361 9.461736 48.141085
362 21.135575 74.548175
363 91.968059 60.140521
364 38.119623 2.941399
365 69.601069 44.048400
366 68.424634 22.761883
367 51.699982 51.190115
368 1.957605 2.693455
369 17.902263 79.631380
370 64.612600 52.729444
371 85.277787 5.942996
372 96.872732 87.874697
373 70.316580 28.886787
374 83.320262 25.568060
375 49.501876 0.506073
376 37.137923 6.334664
377 61.650869 2.079021
378 21.530842 48.659299
379 90.418703 57.365738
380 90.727824 21.604592
381 68.820854 23.641048
382 2.877636 62.897411
383 11.740541 78.520287
384 60.285269 86.337950
385 67.182552 86.005976
386 28.308702 98.144989
387 8.030993 97.498500
388 33.737422 70.373684
389 84.176075 22.589653
390 41.179495 78.051991
391 33.643739 6.614600
392 81.134629 6.834525
393 8.021040 81.060049
394 35.044599 56.517225
395 45.367201 29.274475
396 39.264184 59.054795
397 97.865937 33.108023
398 95.477915 99.664397
399 75.400821 76.239253
400 21.300309 91.683800
401 90.388342 36.997613
402 99.890749 49.228126
403 63.082753 99.483154
404 57.784181 4.358938
405 97.777196 21.951251
406 94.133396 7.851336
407 64.110214 15.429528
408 80.738958 25.450743
409 41.686296 43.926139
410 70.809040 5.454890
411 73.005123 53.098972
412 77.172722 0.853793
413 78.190531 6.326183
414 27.106101 78.789571
415 37.862470 1.610286
416 63.953097 9.991286
417 12.027394 70.494708
418 11.404901 72.790578
419 99.579166 71.516952
420 56.245403 30.201539
421 15.528526 11.764552
422 41.533892 44.934963
423 65.169092 12.527939
424 27.687864 12.560489
425 61.175340 84.617925
426 11.128646 56.906684
427 58.269632 18.221758
428 33.999689 44.056922
429 85.471877 84.454147
430 43.797456 17.443979
431 85.505312 5.386972
432 23.729766 57.205902
433 15.553347 27.835086
434 20.195518 98.168679
435 91.123956 52.193913
436 18.019646 59.158059
437 29.544642 18.864040
438 23.054556 82.284263
439 32.501434 17.810284
440 91.303986 79.293316
441 69.039622 28.126868
442 67.791223 30.384161
443 23.359677 13.877007
444 96.136005 44.237355
445 26.369682 97.422029
446 65.591140 96.752013
447 13.482902 61.271473
448 67.156294 55.056493
449 15.717833 68.309432
450 88.127172 64.440815
451 24.574530 22.954971
452 31.573036 17.471015
453 70.944619 10.856217
454 40.052218 7.862637
455 36.756908 48.416067
456 61.375511 19.022713
457 41.928473 33.641551
458 82.331615 31.319422
459 76.204714 2.551422
460 78.811510 16.641704
461 55.953376 36.774021
462 86.220871 47.497608
463 70.117296 26.722657
464 83.821546 98.927917
465 81.458279 73.773498
466 34.342239 71.935130
467 15.208635 27.445618
468 88.915613 74.645440
469 6.532839 6.265847
470 43.780951 2.311818
471 35.919942 20.967881
472 5.998176 64.923230
473 25.579015 71.930286
474 71.116831 77.216420
475 71.159971 63.692775
476 56.142497 19.079031
477 88.764276 33.736084
478 31.436110 73.557156
479 43.930213 36.304978
480 77.846066 46.764690
481 89.985454 39.803584
482 38.778195 97.103293
483 99.665887 29.039995
484 75.389642 41.110051
485 3.920234 55.407644
486 28.489564 24.535705
487 57.577914 98.877561
488 43.628393 54.419586
489 49.735674 83.977311
490 20.544651 97.472648
491 66.769893 15.138511
492 60.610675 45.098950
493 90.411118 66.250889
494 82.577641 66.042443
495 4.357568 39.720162
496 58.530238 16.687466
497 80.810616 29.743882
498 43.965255 13.644211
499 32.284436 54.824618
500 53.563856 19.587632
501 98.071238 1.781356
502 45.169469 94.575304
503 55.302211 96.055128
504 74.482959 27.057169
505 57.406084 0.737582
506 46.525381 78.462045
507 82.176931 41.428635
508 93.566326 95.369773
509 94.796261 48.282449
510 96.819301 72.638693
511 71.316114 79.030092
512 78.428409 43.206593
513 99.704236 96.891563
514 41.962859 45.062951
515 11.631255 62.621540
516 60.992821 61.740204
517 6.505559 26.850053
518 89.643620 62.780282
519 93.855362 63.319454
520 47.311961 48.739688
521 48.047865 54.837587
522 57.388925 7.468011
523 67.605268 10.521956
524 21.083681 70.552889
525 22.558944 70.897447
526 29.441420 89.875942
527 5.913049 72.059710
528 90.612180 68.699913
529 49.414563 99.878675
530 84.540176 49.167572
531 17.428924 86.707698
532 86.897225 41.646637
533 22.506799 4.367630
534 74.548761 60.676017
535 76.181507 28.835157
536 19.393566 75.891348
537 66.982381 19.076213
538 38.363555 65.892023
539 95.023571 18.315442
540 40.844169 79.345530
541 60.238449 63.007163
542 62.773772 58.651809
543 90.082162 30.729075
544 84.064656 51.618978
545 50.097702 72.839602
546 66.153445 71.817987
547 87.211857 24.528154
548 37.582849 9.321406
549 19.808086 18.571442
550 60.715836 12.743925
551 20.712621 62.627785
552 59.915152 61.900557
553 78.716514 30.019832
554 70.598338 18.861076
555 41.320854 1.048324
556 98.863391 37.409550
557 95.052309 13.046109
558 2.405442 39.309157
559 35.901564 17.156870
560 36.915398 2.900102
561 44.919065 58.613543
562 61.306151 46.213977
563 10.451072 54.970383
564 63.057339 34.798059
565 28.939956 93.175346
566 19.374196 16.261595
567 64.710473 76.528685
568 73.581283 66.016162
569 23.081369 38.189189
570 22.832227 53.930240
571 93.030637 55.970331
572 20.132325 24.336389
573 35.232895 94.121175
574 8.003912 85.982520
575 21.478279 61.859067
576 71.033497 87.264149
577 72.753825 40.107991
578 84.643643 63.638277
579 20.162973 14.105548
580 10.299977 53.348834
581 84.422560 60.876323
582 43.509802 6.950776
583 70.016252 20.849545
584 12.333990 95.089075
585 71.600511 75.709590
586 5.893908 47.000461
587 71.239493 19.239587
588 84.975248 14.216205
589 43.324365 58.242553
590 85.719182 60.307129
591 19.475088 34.004169
592 45.113652 56.601605
593 7.094208 82.693864
594 5.839969 32.072030
595 98.599604 18.170696
596 77.866030 66.560434
597 14.030732 46.877986
598 2.680964 14.762804
599 75.200506 98.063987
600 63.405974 92.921809
601 25.256254 44.318955
602 23.568464 58.922911
603 88.895725 83.344783
604 78.152839 26.924242
605 23.543611 49.168430
606 61.103567 14.664574
607 29.796137 62.381941
608 27.608396 41.191152
609 19.368135 11.973215
610 87.866587 25.760815
611 27.666158 72.104933
612 1.128473 49.467315
613 83.541355 92.712135
614 72.959979 78.143519
615 84.676606 93.781833
616 84.471383 87.640388
617 50.834025 59.170945
618 59.934117 39.540893
619 26.248549 4.494051
620 85.716003 62.205930
621 3.934296 40.632803
622 86.522082 28.556239
623 7.613545 17.297526
624 36.118022 65.485597
625 15.991100 53.483155
626 67.664280 70.043428
627 85.648757 92.337975
628 21.382947 1.677154
629 97.264764 84.263378
630 63.205136 77.175708
631 14.519510 65.650525
632 51.867350 27.098629
633 17.796594 98.178921
634 74.760498 82.514153
635 13.225205 10.045576
636 61.268116 27.986851
637 86.929168 92.310872
638 18.815406 13.591956
639 84.510303 4.492909
640 10.678270 86.772253
641 19.976132 63.548508
642 22.521967 53.828795
643 47.964286 14.999231
644 71.564396 94.729853
645 5.827951 13.463814
646 75.402328 32.020027
647 15.369878 38.967621
648 90.931841 40.693376
649 15.669732 16.191170
650 46.968895 61.943990
651 22.976221 47.689860
652 80.430193 24.111847
653 24.098185 85.945932
654 11.629128 95.690322
655 72.164283 31.712421
656 55.236597 40.970943
657 12.730164 1.876732
658 39.374341 99.797490
659 86.512742 84.183042
660 36.410684 83.193884
661 20.768990 38.349409
662 48.747351 74.408564
663 30.611337 24.316269
664 76.463569 36.018698
665 93.025725 79.312245
666 84.955404 91.662657
667 53.099786 19.931610
668 33.996495 73.104364
669 80.171097 14.696188
670 63.093268 63.403547
671 13.803957 76.497818
672 91.666221 71.320713
673 30.154468 37.001752
674 61.923271 46.795557
675 81.467440 38.958206
676 52.352186 7.391492
677 78.245301 19.506941
678 20.298523 17.948686
679 71.369213 9.360784
680 14.346901 5.733640
681 43.490831 24.560919
682 3.244581 40.594079
683 34.466259 62.543261
684 24.698532 98.582437
685 31.580525 69.437366
686 80.236301 90.742718
687 35.704128 56.579423
688 73.092443 12.684983
689 7.589696 37.105170
690 50.211171 41.710597
691 28.409547 9.543444
692 25.095206 93.757148
693 91.253345 9.188122
694 0.376298 35.335928
695 84.339716 27.671765
696 94.732965 24.017845
697 76.448812 26.138146
698 85.553418 23.611058
699 63.047607 4.769798
700 83.876094 23.991426
