900 900 90 COORD_PMED seed=20260747 source=pmed40
CUSTOMERS
1 75.067799 88.222143
2 38.017789 2.436913
3 0.874009 99.711366
4 54.175543 23.882983
5 10.711113 5.373747
6 84.110051 16.666428
7 18.164146 52.590159
8 7.839763 58.641826
9 77.738484 91.273383
10 70.985110 27.769591
11 35.106934 1.437648
12 18.881897 24.523534
13 5.274886 79.172220
14 60.481837 9.277397
15 25.382883 96.023937
16 17.058784 76.280375
17 28.205366 99.760885
18 87.753955 14.006127
19 56.272617 61.188979
20 59.342469 99.772833
21 39.307862 42.475462
22 65.603236 60.499316
23 22.329288 2.698274
24 1.960329 16.483582
25 55.193815 82.781550
26 71.969878 93.242994
27 22.362153 2.474076
28 55.733481 93.409168
29 57.513188 50.215583
30 98.505156 77.387920
31 26.807478 2.877261
32 13.099937 39.028623
33 57.592966 59.840635
34 47.693739 36.505737
35 1.629375 8.100696
36 75.119073 95.915610
37 82.283249 93.807651
38 31.982704 36.761874
39 31.586927 40.231402
40 79.204802 50.283211
41 13.089135 17.811236
42 65.896984 54.243611
43 74.497464 6.743983
44 69.051669 65.163777
45 22.123642 79.961192
46 22.556002 21.745233
47 72.417424 1.779948
48 13.886571 71.436357
49 30.896728 89.085070
50 74.132472 1.220948
51 44.249085 10.492417
52 12.727508 75.976864
53 91.110995 48.941663
54 57.195525 12.100392
55 14.235647 26.379431
56 0.240963 32.694649
57 33.524456 6.064371
58 6.355380 46.855017
59 84.887826 78.759992
60 83.616671 26.427383
61 88.323027 54.517797
62 0.396236 62.030763
63 23.556061 17.474653
64 62.733415 25.512254
65 65.134370 19.212999
66 20.927614 84.526259
67 48.609368 38.747796
68 33.466171 78.084024
69 92.227692 59.940964
70 65.419425 36.105984
71 60.009441 79.904298
72 93.201494 74.466873
73 58.554322 19.929635
74 18.937600 91.558774
75 43.302104 73.803257
76 4.750761 40.857600
77 83.305876 96.980065
78 24.549037 36.133549
79 77.758538 19.545087
80 79.530406 90.907703
81 22.528239 96.216586
82 23.140791 98.039396
83 24.002192 50.427230
84 8.364257 51.783125
85 33.534232 33.288660
86 24.449167 23.829413
87 88.393323 72.202307
88 15.874295 82.998949
89 16.171266 0.263743
90 47.876607 25.041771
91 90.060507 7.070444
92 56.044160 73.675879
93 51.002289 28.999092
94 78.501925 8.447131
95 23.694348 18.767048
96 79.779111 90.366207
97 54.695532 75.426299
98 41.522781 56.863349
99 66.245854 55.862645
100 78.337717 68.100051
101 56.882032 75.680677
102 41.369038 90.975542
103 13.892973 53.430934
104 83.763808 48.673564
105 19.629406 87.919203
106 5.578256 30.128463
107 71.040514 21.536503
108 9.410755 32.692063
109 24.866234 36.854858
110 80.208671 80.888752
111 36.297661 59.316724
112 28.257988 0.194241
113 56.417734 33.169803
114 55.345574 2.709524
115 23.433088 98.690348
116 38.422826 77.983619
117 73.848803 30.086803
118 85.925038 51.839572
119 72.408038 87.438777
120 61.956129 69.548730
121 89.942434 17.148192
122 80.745788 65.827088
123 69.700998 6.394437
124 26.575888 4.858027
125 8.735809 36.765667
126 3.370884 53.378546
127 39.666852 33.617960
128 98.563109 27.194381
129 96.884463 3.467651
130 86.526493 73.393931
131 43.465581 88.681589
132 88.348876 36.133937
133 18.920430 40.972405
134 41.068042 95.249983
135 29.562388 38.064447
136 88.394839 76.591936
137 77.990017 29.533294
138 63.214069 93.237397
139 66.265672 24.879889
140 12.936002 61.223171
141 95.186635 90.544177
142 94.081431 51.026634
143 11.577561 4.958844
144 72.875150 54.025865
145 18.255657 52.494222
146 62.504725 82.070009
147 25.592809 97.400838
148 8.461221 3.814793
149 74.997246 49.719850
150 90.930496 48.529413
151 8.557664 0.604741
152 25.862929 64.447361
153 94.570722 47.377853
154 69.905393 71.094527
155 40.303144 51.850766
156 16.585459 78.382856
157 25.692126 26.952870
158 80.078937 80.861677
159 21.613380 31.986453
160 10.347144 48.805593
161 80.274370 26.283187
162 97.285523 62.978790
163 26.716090 20.737183
164 24.629627 93.252241
165 93.079217 24.500477
166 73.470797 48.830570
167 10.128536 5.433886
168 93.829810 28.114676
169 21.567631 74.159717
170 47.720258 0.732284
171 20.335065 59.522578
172 95.806287 37.218406
173 69.015614 87.271990
174 37.706017 84.738463
175 61.368330 31.449709
176 9.923887 58.540988
177 37.412539 22.533785
178 53.618619 34.419013
179 13.850698 75.788037
180 62.163757 58.121924
181 42.601374 27.129325
182 83.299950 40.387859
183 19.422600 40.955857
184 90.639334 20.928674
185 51.637297 58.138728
186 38.165804 20.813063
187 27.964844 72.549165
188 74.723168 27.586572
189 53.892946 85.231103
190 84.331281 43.287211
191 18.626611 37.480994
192 80.833656 80.863048
193 88.380828 29.322156
194 65.329639 42.830938
195 3.912837 83.764250
196 23.995731 27.006196
197 52.380424 20.382666
198 91.093460 15.127652
199 77.501242 3.908871
200 11.067398 92.351676
201 4.114693 8.180409
202 66.995128 10.796657
203 47.220736 64.751252
204 47.045039 89.000913
205 7.770432 3.857720
206 42.364314 73.217041
207 66.673496 96.635493
208 26.137458 89.782469
209 54.016152 45.527964
210 60.176964 85.924602
211 3.086208 69.551512
212 92.812355 58.337539
213 95.834258 29.313272
214 28.684928 14.816913
215 84.324520 58.671419
216 47.342979 19.687454
217 77.859171 83.431710
218 93.095822 64.451180
219 73.609488 61.153813
220 34.931465 67.026228
221 31.840292 72.554386
222 93.844880 12.697530
223 31.673488 63.916946
224 93.554965 51.422276
225 0.529477 49.946300
226 35.492607 84.775594
227 14.928423 81.668056
228 55.311710 63.603710
229 9.837284 93.566050
230 82.629925 66.662322
231 85.118109 8.154423
232 81.523802 3.160808
233 91.702935 90.149102
234 31.665175 35.005664
235 89.327103 80.373090
236 75.267588 81.101039
237 46.633200 37.215581
238 4.092642 27.040313
239 41.409966 63.845320
240 12.435461 38.729670
241 5.303669 4.301357
242 4.612685 51.950955
243 35.983526 87.479513
244 68.910204 34.011977
245 64.824503 26.539990
246 67.870108 74.500558
247 0.123391 59.432961
248 53.454604 31.470535
249 83.115869 53.973688
250 65.130090 74.346936
251 54.515671 53.397892
252 73.274651 23.047228
253 36.091720 71.564151
254 43.398780 83.882080
255 59.984237 62.189782
256 89.101551 41.756657
257 71.771697 92.536058
258 78.208225 92.415028
259 92.179387 33.904049
260 89.996482 86.250699
261 74.388021 96.019361
262 58.892599 40.198974
263 12.856820 13.217717
264 6.362433 94.836490
265 8.445443 65.666155
266 66.250698 3.535879
267 95.328967 23.688341
268 17.497643 34.372497
269 57.464861 77.155399
270 69.796169 97.457865
271 59.198025 16.822820
272 35.919381 96.026852
273 48.310919 70.679604
274 91.610178 51.564151
275 44.176152 25.305949
276 68.228713 49.989539
277 85.377006 46.523883
278 81.127165 92.031430
279 46.535514 24.909303
280 8.776041 61.225972
281 60.547090 83.619139
282 97.082258 24.816903
283 78.665101 67.301820
284 58.725130 72.800795
285 66.146553 34.860579
286 80.353063 41.797126
287 18.729826 52.680503
288 45.189786 66.713225
289 73.536331 88.572595
290 49.592557 58.169522
291 60.462242 8.553577
292 56.995016 82.519344
293 23.087886 61.156672
294 64.888122 85.816318
295 34.852237 22.418708
296 47.199241 11.777042
297 15.970436 5.871698
298 79.107915 9.971932
299 57.163462 24.417882
300 55.921953 93.885235
301 27.023371 94.811344
302 32.825047 29.752112
303 24.527236 83.608719
304 91.985610 87.283564
305 42.442600 77.630237
306 39.921180 34.325608
307 59.775499 17.261722
308 89.383293 79.680633
309 14.607548 61.993459
310 22.690953 46.971982
311 13.732251 58.990539
312 32.964828 10.670552
313 93.448675 64.871249
314 96.807510 44.518163
315 48.136121 6.720496
316 54.720171 23.704722
317 95.763901 91.076072
318 95.219861 67.249450
319 97.852034 67.024992
320 57.546146 24.045069
321 64.451521 57.417596
322 45.546191 42.791407
323 72.486209 54.522890
324 73.069275 1.726103
325 61.016958 43.966226
326 61.090941 76.999804
327 3.303043 38.787924
328 74.798687 48.692275
329 41.337231 11.183023
330 94.673750 54.704190
331 67.486047 89.768144
332 8.649867 35.119223
333 83.603598 57.863557
334 39.701850 90.066917
335 90.752791 84.963674
336 43.310940 40.365049
337 86.163261 0.694802
338 80.527405 72.788316
339 90.111779 55.788444
340 46.687361 60.368941
341 40.788398 81.007176
342 67.107664 97.562336
343 21.607943 11.339134
344 16.336124 98.156075
345 23.757723 42.805861
346 37.719601 58.920856
347 64.813971 65.371946
348 21.233797 58.843456
349 51.820204 63.888957
350 33.939809 50.392173
351 57.833036 18.645280
352 53.287420 98.372395
353 79.474408 34.224150
354 44.102325 23.587635
355 99.334189 20.172226
356 90.296076 23.746275
357 79.930878 59.687040
358 70.758239 86.995575
359 18.722723 58.687144
360 99.514902 75.674388
361 67.458481 37.594416
362 82.267581 62.353649
363 20.788341 35.788027
364 52.068727 72.296647
365 20.394397 75.978290
366 90.886716 38.039870
367 97.773921 1.571569
368 81.621936 58.931588
369 90.301023 18.231459
370 43.694394 91.176792
371 84.071579 23.481327
372 8.497814 32.739414
373 71.142733 63.633556
374 80.719868 90.797136
375 40.268341 77.627461
376 55.933795 9.738295
377 82.577786 59.275502
378 47.547854 70.226332
379 39.239796 73.236852
380 95.206368 17.386846
381 66.901621 28.847257
382 31.682979 30.575923
383 86.905050 81.221334
384 53.906753 56.417202
385 80.139467 68.984458
386 91.442289 41.153352
387 85.194705 29.749407
388 6.201779 81.813641
389 93.872464 57.183200
390 56.358366 64.519680
391 66.545625 52.094980
392 85.852420 26.149540
393 53.366219 72.495523
394 51.791784 80.113797
395 55.531022 24.227596
396 88.082515 41.462183
397 6.875699 6.949901
398 67.159834 78.103754
399 79.304325 14.306269
400 54.853169 84.112116
401 33.490976 20.551023
402 78.004818 4.246772
403 11.736248 34.326782
404 53.434341 56.210924
405 1.186505 89.066812
406 68.480368 44.238280
407 81.887410 72.661399
408 32.372170 32.572951
409 86.791209 8.140003
410 18.362836 9.459480
411 77.573283 56.061758
412 84.094628 4.012796
413 28.913646 69.205742
414 44.686700 27.427536
415 98.794966 10.681475
416 32.149093 8.417086
417 68.029382 34.248310
418 40.539855 76.048011
419 20.969587 79.019640
420 10.665504 86.404660
421 73.716084 36.252972
422 95.564232 55.892353
423 52.061776 75.444043
424 53.895469 43.747242
425 74.499978 82.483990
426 22.503896 29.208232
427 51.661230 18.915718
428 5.247419 87.833324
429 25.514158 83.647266
430 25.914869 21.993993
431 82.061691 28.507268
432 13.156074 97.158418
433 62.968309 55.636990
434 42.066086 60.737932
435 50.383554 10.224341
436 64.247997 46.394944
437 13.872315 46.865608
438 56.031929 79.253458
439 31.134582 76.613240
440 70.045159 95.995498
441 26.336166 22.994146
442 98.725667 9.275635
443 29.345304 85.248869
444 13.453928 92.615294
445 0.484344 82.371780
446 22.209133 38.088412
447 65.783380 4.785986
448 8.674130 72.496829
449 55.086513 10.767966
450 44.293956 74.765845
451 3.864339 73.288430
452 36.359624 48.597928
453 94.654913 2.373590
454 98.263724 45.489519
455 75.864288 15.854270
456 26.979597 1.031813
457 34.217245 3.142669
458 30.380156 37.492311
459 51.540714 41.592688
460 96.622165 29.604058
461 13.235220 66.237454
462 24.282250 44.199092
463 60.297039 42.527345
464 29.608097 95.001739
465 63.270570 99.297586
466 51.934745 73.404866
467 3.534348 21.979776
468 76.640688 32.593440
469 90.966129 68.958793
470 2.518671 32.557334
471 74.951244 65.546091
472 58.787462 3.195933
473 11.201687 77.208471
474 10.083723 56.043990
475 75.460163 9.743899
476 14.991406 7.881656
477 21.132109 3.133195
478 65.412007 99.911070
479 35.395820 6.414667
480 4.517394 15.202879
481 72.285879 14.175909
482 56.729168 7.559934
483 60.174509 52.527023
484 91.669890 34.744672
485 20.627380 10.599427
486 31.155119 55.411554
487 94.352371 28.721648
488 77.741374 96.630666
489 96.003037 31.608428
490 52.716963 50.223046
491 27.922724 96.062438
492 65.303635 63.430089
493 49.992213 98.584561
494 7.923237 23.675456
495 8.336514 61.229243
496 10.142321 2.072515
497 8.443787 8.456007
498 22.817938 42.733502
499 1.338928 68.831617
500 73.369416 64.855517
501 18.839429 68.895130
502 94.213507 72.688316
503 97.310100 28.393894
504 5.999192 42.638298
505 90.413822 26.874656
506 11.845696 21.781850
507 99.168418 48.095050
508 99.986026 51.399339
509 43.306729 18.543541
510 50.160787 90.261298
511 92.261805 97.516709
512 6.897808 96.462816
513 22.525530 49.558066
514 31.421098 69.110019
515 75.492090 16.290445
516 75.337068 33.291869
517 79.129806 77.360159
518 74.293260 4.167704
519 49.192764 82.502445
520 37.252126 96.148261
521 19.349264 34.927897
522 86.321029 69.867331
523 52.051719 40.672968
524 91.685055 93.437725
525 32.270676 73.869910
526 49.998993 75.625694
527 57.785126 74.092810
528 51.146015 49.767327
529 64.960350 68.889736
530 97.723997 73.578696
531 4.342796 23.565015
532 88.946921 82.035434
533 69.944906 97.978718
534 60.320192 72.650355
535 47.291189 93.267254
536 67.431003 30.896570
537 14.147652 38.869521
538 29.732208 68.658842
539 43.680554 53.209868
540 80.401312 45.173162
541 15.213149 43.654993
542 48.290542 34.816285
543 19.049410 24.670126
544 60.766371 94.553346
545 8.874262 0.258884
546 1.777773 95.324184
547 27.440853 71.790328
548 53.996513 20.762763
549 46.173005 45.890371
550 42.513955 91.078495
551 76.075143 89.567881
552 16.681797 24.639845
553 34.705786 41.847362
554 28.581340 89.664864
555 69.923749 68.883110
556 16.707203 87.356363
557 67.857737 51.467703
558 24.860531 36.199605
559 75.095894 62.088107
560 8.362832 8.825419
561 11.280862 86.326971
562 35.862689 16.869399
563 15.307321 60.855589
564 19.683718 51.694483
565 57.371245 40.617456
566 70.837333 30.004484
567 81.159596 89.850982
568 20.618731 83.661470
569 74.323576 59.081352
570 78.519982 28.039008
571 53.233558 75.756599
572 50.744290 75.153361
573 2.929239 41.606975
574 95.950346 13.223222
575 96.823857 92.922335
576 16.960565 21.491298
577 13.814215 62.758374
578 19.364879 96.047134
579 54.562714 94.650088
580 59.218283 25.721130
581 12.373504 74.927140
582 85.874535 37.516258
583 78.067424 9.486375
584 62.506103 80.346759
585 28.431733 41.600651
586 80.957495 40.336870
587 50.215490 82.740946
588 26.258491 82.833782
589 95.542961 64.326412
590 88.808987 87.708271
591 6.697737 12.069076
592 2.823029 69.437363
593 92.613197 43.413424
594 93.185407 66.748296
595 74.577895 27.050279
596 52.705967 19.163389
597 87.774062 92.192931
598 6.911550 60.120806
599 43.021806 39.998592
600 43.627145 72.616399
601 77.648651 45.934044
602 45.543696 59.898617
603 80.414458 3.431274
604 53.064364 3.803372
605 42.130270 33.424830
606 81.348728 93.154040
607 31.890596 60.016506
608 62.647771 31.889657
609 57.042970 55.754847
610 74.460407 71.461796
611 81.776284 78.392794
612 97.012891 42.605072
613 65.142503 32.672990
614 36.845144 93.244547
615 38.898250 60.019129
616 14.608709 8.589200
617 63.678350 16.909881
618 64.107112 40.821771
619 29.758036 5.178001
620 29.523662 91.865347
621 0.501731 43.075209
622 34.663145 94.122613
623 66.349494 61.264337
624 64.774150 86.377392
625 19.552116 82.660304
626 20.672907 36.714254
627 98.974103 93.171759
628 26.887998 34.442490
629 65.840323 91.876455
630 77.506450 77.866429
631 19.324489 45.140060
632 45.463688 36.076797
633 62.965140 92.298832
634 17.101170 50.533669
635 6.724959 66.910931
636 83.820429 76.141861
637 13.844829 68.864546
638 53.595989 23.601658
639 46.977310 59.302857
640 43.769533 71.882470
641 19.863397 89.298415
642 11.387947 57.079043
643 69.355547 50.034899
644 85.445757 64.025307
645 19.105180 4.195765
646 66.658280 45.597136
647 90.001251 11.996948
648 78.577613 90.252830
649 28.469579 31.450202
650 88.610794 65.289855
651 69.197586 78.480821
652 4.749643 76.703018
653 7.620259 64.644828
654 96.276918 73.904882
655 31.980117 99.096330
656 25.753519 20.005953
657 23.031003 34.095850
658 37.716836 56.005323
659 19.674536 58.720167
660 19.063539 53.927438
661 76.115983 49.592155
662 17.816946 46.234744
663 22.501676 48.278003
664 93.448473 38.627868
665 33.257460 37.627675
666 41.025754 82.305999
667 98.757525 57.977979
668 74.463654 29.821997
669 16.217204 37.799324
670 96.469509 89.142071
671 69.337966 11.805817
672 69.724413 57.672827
673 66.561796 65.952300
674 85.060007 14.816534
675 50.938627 26.791880
676 70.330342 78.964717
677 32.953892 85.275578
678 30.842905 70.953812
679 42.395620 2.729412
680 69.819694 27.950463
681 45.880608 5.714871
682 97.770014 18.795149
683 40.720091 28.227114
684 87.746893 87.568147
685 11.634095 90.453220
686 72.416647 34.132342
687 30.225289 50.655576
688 83.675017 39.430323
689 73.590032 54.809971
690 79.215288 29.082999
691 19.507021 28.264558
692 27.976892 14.269562
693 33.941659 5.134202
694 41.655501 36.826723
695 50.303020 56.103334
696 73.236008 97.187111
697 44.300958 74.675026
698 8.283497 32.515034
699 72.154100 33.383093
700 66.207245 80.670811
701 6.152873 84.825710
702 39.870677 9.234048
703 52.050807 97.416729
704 58.457558 76.418316
705 30.110480 91.705603
706 74.015364 15.993857
707 34.335729 41.795634
708 56.847831 73.295325
709 55.863944 92.845184
710 55.417270 96.724188
711 56.255271 84.368966
712 1.838768 21.981805
713 13.320032 74.083814
714 66.229944 97.929130
715 13.208194 79.953148
716 99.447825 13.891564
717 12.089592 46.354221
718 48.295925 50.848990
719 45.960731 74.995315
720 99.793563 33.802568
721 85.500401 12.782929
722 22.897287 84.749089
723 18.954337 33.452155
724 3.909522 71.664167
725 63.388767 44.273911
726 62.601717 72.510210
727 57.280621 63.836494
728 2.594432 86.854586
729 1.350268 59.358020
730 37.580458 53.820091
731 48.160988 89.532981
732 57.411358 34.558973
733 53.766108 49.483661
734 82.936784 70.660977
735 27.286984 26.966049
736 15.387350 21.119535
737 12.250501 67.262556
738 42.047659 60.198929
739 6.690361 84.003400
740 48.058843 60.087251
741 65.035695 99.758940
742 57.783070 20.101654
743 46.635417 11.934902
744 0.802620 22.932954
745 60.047183 67.982364
746 97.486094 86.437616
747 45.536397 76.487301
748 74.705315 22.840192
749 85.385703 0.619474
750 45.166159 25.122639
751 13.680252 18.373463
752 94.741141 78.867852
753 50.591938 11.201034
754 90.871609 56.980857
755 48.070212 13.088844
756 36.354720 61.467155
757 7.222732 14.545390
758 53.959377 74.520155
759 93.016298 81.980178
760 25.595357 73.326045
761 98.384209 18.945523
762 53.016893 33.587604
763 50.228504 61.742886
764 94.222053 98.348731
765 0.870726 48.421757
766 18.158589 80.758606
767 19.946055 39.743259
768 54.570920 6.483100
769 29.640321 68.356762
770 78.377218 17.070271
771 35.647731 77.238673
772 87.235570 89.908821
773 84.985442 31.568581
774 27.978907 38.812519
775 69.952713 47.938858
776 43.066307 31.427647
777 27.782158 43.864004
778 99.524249 59.500403
779 57.283217 55.101149
780 59.973909 17.005804
781 99.223493 66.458334
782 18.243511 90.335667
783 22.334505 25.138867
784 31.921007 49.119007
785 71.549586 40.775549
786 76.192562 30.578815
787 32.198696 61.698605
788 16.981369 67.786999
789 6.276877 78.673092
790 15.248518 66.027890
791 59.438018 45.576235
792 88.163811 84.462014
793 62.490596 15.265534
794 74.690159 89.488295
795 85.076474 72.064169
796 4.200365 78.474324
797 8.044750 49.451067
798 40.141582 54.683801
799 67.478375 27.281843
800 43.029802 89.313442
801 38.392164 44.810204
802 74.670228 77.955197
803 68.518151 72.261992
804 65.277649 90.810478
805 97.272133 2.428598
806 90.429172 26.957742
807 53.585431 32.302673
808 0.952292 32.179347
809 3.544052 28.717718
810 42.514915 85.104226
811 49.489910 48.773048
812 8.790792 85.213546
813 25.052973 65.168231
814 9.134740 68.554585
815 43.418182 84.218553
816 57.745804 74.708373
817 99.855283 22.012472
818 76.837034 25.433315
819 79.487266 49.337643
820 66.338883 37.326828
821 62.453825 35.782161
822 11.991176 28.212318
823 51.967472 59.334492
824 18.495802 77.978407
825 91.195461 44.429884
826 58.940455 83.583946
827 45.723342 63.112729
828 58.310701 63.696470
829 50.910007 95.046641
830 80.542158 64.053404
831 66.399960 32.467419
832 27.517594 60.901362
833 82.345073 59.041156
834 65.363935 47.175234
835 75.398375 45.100582
836 80.868489 87.397316
837 28.418694 9.419470
838 3.380917 9.792359
839 59.105954 39.082407
840 74.359777 30.727102
841 46.477410 66.416890
842 84.324973 18.477607
843 27.651292 19.455568
844 40.330156 2.930601
845 90.502181 22.483301
846 75.340973 44.636440
847 72.103551 77.548308
848 47.201231 4.441341
849 10.325046 6.227673
850 36.523046 55.959344
851 88.632585 37.259168
852 38.175808 71.274515
853 93.625297 85.103230
854 48.240941 25.313060
855 24.100122 30.352252
856 30.359758 3.561908
857 22.473552 69.201258
858 24.040212 42.772839
859 8.704645 40.668271
860 75.783235 29.666280
861 40.612234 22.924637
862 61.494672 51.920212
863 5.174829 48.993540
864 74.110974 42.764361
865 47.601633 81.794162
866 76.280204 97.807524
867 14.613255 56.843730
868 97.581187 88.967010
869 98.862401 62.923396
870 72.021037 58.527352
871 96.939581 23.842639
872 88.367715 8.796465
873 59.023827 0.606223
874 58.227956 64.340172
875 49.796239 84.795793
876 99.526384 2.131385
877 12.253144 46.829663
878 62.881413 45.108165
879 73.102557 55.236402
880 0.307641 66.916796
881 6.066601 47.460216
882 38.662940 5.047793
883 19.588218 66.522212
884 64.656017 57.951018
885 67.707927 94.080954
886 65.834536 99.521348
887 63.151615 74.617724
888 86.761685 93.140635
889 75.182017 63.425344
890 20.622232 73.829557
891 0.373102 61.827302
892 80.299087 7.632890
893 48.429866 71.656021
894 85.190804 96.757562
895 82.215971 31.916317
896 64.894473 98.455470
897 55.306889 4.610941
898 28.684590 17.270395
899 75.043281 66.502329
900 19.812905 34.876888
LOCATIONS
1 82.850886 40.020490
2 87.748169 80.230211
3 32.258129 98.174874
4 9.994364 89.406160
5 18.079948 65.759888
6 50.528137 72.334815
7 71.573206 9.713394
8 46.213716 62.852616
9 3.149307 8.095776
10 21.760058 4.736059
11 7.546257 45.484451
12 96.822660 18.958886
13 40.160700 27.258201
14 45.086086 8.267879
15 88.659429 96.093232
16 12.886273 84.944191
17 17.850448 83.676360
18 29.906330 92.888202
19 60.124142 30.708690
20 8.789141 32.996277
21 54.213493 80.204216
22 37.529941 37.988676
23 2.278294 26.450440
24 79.707047 15.325178
25 99.929669 17.953973
26 80.466821 17.291928
27 3.072358 51.701143
28 8.895240 69.048261
29 44.787645 37.087547
30 70.091711 89.388640
31 98.805966 16.868518
32 25.251515 5.121317
33 65.999909 56.180463
34 22.201938 47.259017
35 80.306272 43.378900
36 44.884369 46.877166
37 22.984381 5.771149
38 72.285293 53.532247
39 58.707413 18.354219
40 78.970890 74.616011
41 74.654792 78.308022
42 12.073625 55.855056
43 44.730557 61.720371
44 54.353073 9.866182
45 85.577821 38.347506
46 3.532905 64.965695
47 51.051483 4.990653
48 18.167894 10.017979
49 29.225576 96.672898
50 28.135622 5.310654
51 82.817315 43.499072
52 21.366878 4.847528
53 16.121659 44.782431
54 36.774471 65.595462
55 41.234856 0.287575
56 86.275415 95.049386
57 8.307267 69.780348
58 30.486123 68.312558
59 33.927758 75.514318
60 41.320305 41.940781
61 9.986727 72.279134
62 51.799193 15.907676
63 78.844016 15.397337
64 78.567657 33.271374
65 76.337008 45.414311
66 67.613057 95.842376
67 22.424750 42.358901
68 74.317647 87.839604
69 96.300902 92.643561
70 18.651072 17.761553
71 23.755917 50.947350
72 50.695830 10.107370
73 96.666114 9.588761
74 20.016627 77.549596
75 21.536989 77.901328
76 11.971008 24.252481
77 64.176400 75.828437
78 58.987269 34.311725
79 51.625480 30.921894
80 2.237112 42.042396
81 18.177746 97.831067
82 6.493477 76.938606
83 32.316323 44.555953
84 35.255937 61.161286
85 81.696634 96.614589
86 81.012956 22.415143
87 4.587336 5.075870
88 69.411341 86.278019
89 67.376030 59.588257
90 5.365824 41.082584
91 95.562161 89.560136
92 68.170332 68.731529
93 15.429460 54.457907
94 64.947873 66.919600
95 5.905371 77.643498
96 93.912295 25.939409
97 24.791039 98.988349
98 28.534816 76.136516
99 51.599896 34.876106
100 59.238078 93.514896
101 46.383729 43.550378
102 77.055837 24.000767
103 47.189075 61.072768
104 4.191968 85.325957
105 73.849500 0.633431
106 3.892485 32.480242
107 19.672705 67.246648
108 85.145472 33.791287
109 84.889285 75.489892
110 34.024676 18.329970
111 92.257037 13.681572
112 71.680422 4.561810
113 55.614470 72.192546
114 10.856036 33.686970
115 74.344836 13.832668
116 28.780743 54.749685
117 49.805943 44.916307
118 47.573004 5.633553
119 14.979201 18.842000
120 28.747651 9.969578
121 46.664486 66.545737
122 91.467682 59.065316
123 49.808034 54.261463
124 28.577292 19.349731
125 62.564447 99.492177
126 59.971564 99.661793
127 19.943589 2.823282
128 8.639932 96.028546
129 40.665280 74.993245
130 48.661267 43.473509
131 8.940464 44.890654
132 97.379086 25.859731
133 42.689072 27.712478
134 24.717307 97.149958
135 40.099081 60.179047
136 79.362942 20.126468
137 66.151407 95.081655
138 45.559820 69.934755
139 73.503673 63.585477
140 69.422316 77.243876
141 28.101075 33.521937
142 32.686605 94.221215
143 17.631096 2.933475
144 68.790156 20.997792
145 10.924630 0.635298
146 75.319953 77.755017
147 71.004050 28.823601
148 52.093856 17.856554
149 3.741477 47.287723
150 37.688994 5.906881
151 97.808602 47.401742
152 90.181449 7.369873
153 90.839596 8.095183
154 27.459378 91.723581
155 55.452377 63.553461
156 81.540145 58.126992
157 47.933253 33.222432
158 21.621771 29.798617
159 81.353630 59.153080
160 22.951773 66.082188
161 65.613003 54.441747
162 67.483585 52.142949
163 86.068792 0.099281
164 79.331461 36.266275
165 99.604899 32.773740
166 78.614674 67.133381
167 27.663684 48.743088
168 8.206279 27.320415
169 29.097326 16.063276
170 99.111001 87.883340
171 17.998460 4.505386
172 1.434459 33.252673
173 3.150437 93.704698
174 33.745474 42.916250
175 98.705118 69.200169
176 98.119812 19.059270
177 3.669349 28.645300
178 37.613096 99.433904
179 81.480456 16.537698
180 71.043341 21.482140
181 11.283941 34.374067
182 94.256781 20.141457
183 79.361614 10.925851
184 53.783763 9.006493
185 33.799111 48.430211
186 73.834271 80.265108
187 37.339035 4.776996
188 85.980218 16.627703
189 45.687456 97.996736
190 64.962617 32.102660
191 47.119651 45.363562
192 56.793213 60.451573
193 19.783711 8.409671
194 98.713065 2.253223
195 51.731226 90.067053
196 68.677313 75.591318
197 96.537659 62.256678
198 52.706110 63.633048
199 83.280823 64.318959
200 7.090165 96.630998
201 74.499422 19.894101
202 43.270613 47.200709
203 49.357265 31.023540
204 31.276903 60.882835
205 96.074215 37.289487
206 50.666629 89.683200
207 79.439858 24.752649
208 36.118156 86.269408
209 71.672649 83.151650
210 67.709198 29.254441
211 47.673643 11.358728
212 4.495542 94.679230
213 36.277166 48.047034
214 0.806258 71.438203
215 40.414827 19.713889
216 90.623400 52.162902
217 74.019038 55.291721
218 45.203153 96.371349
219 79.016044 81.301670
220 82.005571 65.990731
221 71.574971 45.291381
222 66.112005 15.643104
223 72.515420 76.789534
224 7.056519 84.580563
225 8.534184 87.233123
226 68.057971 88.560239
227 56.085379 94.851231
228 46.310637 22.910043
229 72.476287 50.530562
230 19.273778 35.859535
231 62.914333 75.295596
232 30.130707 50.225507
233 88.556642 58.953943
234 83.197092 56.281543
235 17.672461 98.122591
236 87.173807 9.845142
237 46.212028 11.671415
238 56.996942 5.882331
239 98.650370 43.977714
240 76.477942 46.116189
241 69.595872 97.379117
242 6.936989 39.737789
243 62.255314 6.132305
244 79.893085 43.737806
245 66.695760 39.572158
246 48.863722 51.348609
247 14.503460 94.234811
248 81.184124 58.223591
249 44.909688 70.832437
250 82.394924 54.042972
251 77.818518 29.848959
252 32.339608 57.535662
253 61.771103 82.891178
254 35.544877 81.666605
255 28.855011 93.877365
256 47.364566 16.210188
257 56.298780 35.108074
258 14.433904 0.335887
259 4.966816 31.321949
260 48.865979 34.329850
261 34.159204 97.524006
262 53.896661 87.453446
263 71.032435 23.779291
264 85.466133 59.086328
265 88.724531 54.827949
266 45.290605 13.775722
267 46.879143 48.482129
268 9.526937 46.332046
269 94.832358 30.553810
270 36.235922 44.408350
271 81.382834 60.908740
272 66.608422 73.102755
273 17.487380 60.955616
274 63.167653 57.302038
275 69.963342 24.830626
276 42.022465 70.684210
277 99.054145 50.831708
278 14.834409 58.042502
279 32.039771 41.247852
280 94.917738 27.702686
281 7.919491 44.671832
282 54.054747 85.069443
283 71.818762 86.729938
284 60.862383 5.395982
285 69.073617 84.149052
286 54.787392 65.741748
287 11.824929 52.429565
288 57.243136 58.868748
289 67.061006 9.742741
290 81.327974 67.414983
291 61.229541 79.231067
292 95.366938 65.183235
293 25.289281 33.305871
294 92.434899 99.798130
295 72.008075 42.043457
296 29.770806 46.001596
297 0.080822 79.812215
298 93.115291 75.969890
299 37.313339 11.868896
300 16.135495 81.239256
301 94.999421 9.361249
302 85.653535 23.008444
303 18.387400 17.716545
304 4.035616 93.448057
305 89.157591 16.250294
306 10.057067 68.739779
307 67.365755 58.534279
308 21.465727 42.085404
309 52.827658 52.461932
310 47.862494 95.819380
311 85.523537 10.063377
312 0.052806 80.375506
313 52.244550 17.933097
314 54.387866 89.603167
315 29.844149 43.563734
316 22.911372 55.091953
317 48.762555 78.568696
318 83.052786 5.361732
319 15.198502 16.728202
320 0.354746 22.242262
321 93.398566 16.280534
322 67.136342 13.697692
323 45.623489 83.424879
324 46.303726 13.533404
325 89.369671 85.530831
326 35.389046 85.451656
327 94.791135 32.638085
328 4.223815 92.039728
329 85.658282 46.766087
330 5.420767 89.024351
331 98.347059 83.236190
332 6.164348 95.886227
333 99.691764 32.858502
334 48.522650 71.886602
335 59.685798 81.467463
336 30.802370 6.506657
337 54.977935 24.864572
338 56.235103 3.016004
339 69.190595 90.095595
340 29.437883 42.789782
341 19.029071 23.460752
342 96.540573 32.473300
343 93.139767 68.426657
344 31.156028 18.776800
345 86.271993 16.188047
346 51.866892 8.297965
347 90.164810 73.371283
348 24.992754 27.231696
349 22.555393 38.819361
350 73.659198 2.067734
351 68.148030 21.952269
352 67.965922 37.088044
353 34.837373 4.673842
354 13.932383 2.582291
355 99.816423 93.773902
356 5.084190 11.767213
357 90.514719 74.227062
358 5.283339 42.700233
359 5.077739 48.704122
360 58.380601 14.649868
361 90.498841 53.595183
362 91.252067 94.179454
363 77.852686 33.049824
364 62.097458 84.555417
365 17.908785 16.203976
366 68.135301 30.066057
367 82.705407 4.475287
368 3.611844 54.150055
369 34.403314 37.267450
370 82.216855 97.419004
371 73.745789 24.407657
372 3.750882 86.755494
373 44.458943 77.071956
374 48.047935 42.644170
375 66.696908 74.118408
376 93.890429 66.360931
377 89.009796 50.346605
378 19.134892 9.212698
379 42.587240 35.137231
380 70.686736 13.639499
381 63.418803 94.392355
382 74.200074 7.693132
383 43.799228 96.465522
384 84.056363 7.346670
385 47.422952 89.474357
386 86.580256 57.142090
387 88.609316 21.528473
388 21.542518 88.985594
389 72.206749 49.588990
390 66.233004 40.721867
391 43.237494 78.181553
392 51.577121 11.476853
393 20.551058 22.026631
394 88.877940 47.744254
395 87.859104 29.207834
396 59.686983 87.366146
397 94.402873 64.595726
398 68.182907 10.023803
399 92.964636 35.886481
400 82.220969 99.979950
401 65.729655 22.983643
402 64.708764 40.446854
403 39.099141 71.057517
404 76.655430 56.326465
405 30.746471 40.081806
406 28.414554 45.693655
407 69.455189 29.097405
408 17.705152 2.234274
409 53.040286 7.346622
410 84.908730 75.473378
411 95.963279 84.737076
412 51.145286 96.653432
413 10.196212 64.346200
414 15.873827 94.506029
415 48.294617 13.269061
416 55.438070 43.942269
417 0.247544 91.438054
418 66.107652 37.860554
419 16.117332 52.705719
420 97.214583 52.367043
421 32.406892 78.193128
422 97.182509 38.442070
423 4.643057 29.587858
424 58.852171 71.850396
425 90.339309 4.191819
426 99.278499 68.305357
427 96.295321 67.708988
428 43.003553 36.112269
429 49.202543 24.690857
430 4.652340 73.163392
431 44.876303 13.066254
432 90.962372 66.479193
433 63.853162 64.199484
434 63.090950 74.809260
435 98.744991 85.237008
436 27.163541 34.387589
437 54.234440 26.517028
438 64.147397 93.175968
439 13.254615 48.383356
440 25.446900 65.641102
441 23.741210 13.035144
442 42.140038 45.100622
443 6.152188 23.534144
444 42.084972 91.781001
445 46.419094 36.069345
446 75.936115 35.260560
447 36.496524 86.228894
448 40.102614 67.709475
449 81.931282 34.494669
450 9.968164 8.300212
451 58.076194 99.186027
452 76.217041 97.495573
453 93.773965 88.922121
454 30.839337 21.000717
455 26.889648 95.240208
456 77.341252 22.396929
457 79.457232 97.659576
458 51.059766 4.013511
459 81.100409 7.397254
460 79.532256 56.724524
461 18.981522 12.229467
462 47.611357 20.200760
463 86.830615 14.986691
464 52.303814 99.238598
465 97.681432 67.958134
466 5.484334 1.833788
467 75.434807 10.331717
468 24.281828 88.093747
469 54.183333 1.525309
470 51.780025 43.523339
471 64.436048 4.296583
472 38.570322 71.373806
473 11.399919 74.696060
474 4.182742 74.599906
475 83.850091 54.868799
476 84.642367 78.174711
477 6.155649 3.647808
478 43.372624 59.186462
479 18.983711 80.519828
480 41.303603 16.020830
481 17.102299 40.477499
482 81.578496 24.573545
483 20.602326 83.131331
484 31.338383 43.128597
485 63.524444 36.369693
486 2.774821 25.786016
487 32.897314 93.646218
488 60.441323 77.991284
489 94.732681 14.163569
490 92.953281 27.181358
491 75.909291 19.252420
492 88.049919 57.414800
493 52.165873 23.466740
494 60.566132 34.061958
495 21.999778 39.161089
496 22.235666 98.227389
497 41.923580 15.118495
498 27.883986 86.188263
499 83.939521 89.248285
500 74.381465 32.815215
501 62.744203 92.544625
502 51.336187 45.944391
503 99.926380 49.517231
504 40.146702 86.184121
505 36.840759 91.283790
506 0.665803 62.216595
507 18.733232 24.863658
508 9.759599 96.139385
509 35.024374 62.112747
510 46.051131 97.888859
511 60.927938 54.985251
512 49.590618 6.864585
513 4.899423 48.516602
514 57.414054 49.853144
515 92.806404 38.097149
516 14.371662 48.025919
517 95.286943 72.820716
518 39.279289 65.094773
519 39.610177 91.696366
520 94.029793 89.207723
521 58.907674 84.175479
522 79.451955 6.909954
523 27.704596 94.500127
524 48.379762 28.046410
525 47.454006 68.346097
526 84.225826 22.413918
527 65.433647 99.591541
528 96.971446 94.844739
529 1.260749 98.665604
530 63.646340 85.150447
531 13.832651 84.558582
532 30.327126 94.240592
533 10.501281 17.449382
534 79.803304 30.497380
535 28.238950 16.177414
536 4.927862 13.959498
537 75.296490 54.067731
538 80.196793 14.707066
539 67.793557 8.898733
540 28.331320 38.901345
541 88.883906 3.111325
542 32.787256 52.374225
543 95.480542 68.179753
544 24.322181 37.882182
545 85.205798 42.125220
546 72.613765 38.834063
547 32.916756 30.160904
548 16.166787 49.097077
549 23.316947 21.752734
550 7.709604 65.267019
551 3.768406 64.148398
552 32.342641 98.794149
553 87.874118 39.325550
554 78.940500 53.059873
555 26.310438 35.117818
556 93.293168 21.128166
557 38.611698 9.880151
558 9.142763 92.380113
559 30.962755 10.437273
560 69.617028 15.550781
561 32.615519 97.000965
562 76.236655 15.641847
563 61.475951 12.637618
564 25.326178 87.242136
565 82.508005 25.238225
566 27.412906 12.384985
567 68.985031 94.166186
568 1.654308 31.591438
569 34.323102 55.016474
570 13.305044 0.284502
571 64.344752 42.232702
572 92.156864 45.230384
573 16.212148 42.216876
574 92.237684 21.751582
575 50.411569 98.493493
576 75.624964 0.557090
577 54.602897 55.087965
578 50.121371 87.012762
579 47.220126 72.269281
580 52.932208 93.965110
581 43.643239 1.051272
582 87.173886 15.902236
583 1.092045 49.382622
584 3.218245 81.746126
585 36.456133 93.548147
586 99.435446 20.373641
587 58.737136 21.995307
588 25.384158 78.766993
589 63.383649 34.604578
590 97.561136 52.231054
591 5.725700 88.431976
592 62.037619 45.014818
593 57.035378 82.396385
594 73.829764 5.362138
595 88.661539 52.387081
596 93.478983 77.060772
597 64.144150 62.363924
598 57.629035 77.862652
599 96.144538 52.630410
600 84.897844 1.925659
601 37.909428 44.093530
602 37.022293 92.464468
603 85.388447 14.382618
604 71.065837 60.796415
605 88.141460 3.387526
606 83.695491 75.135616
607 4.795134 4.158933
608 77.408396 82.572194
609 0.364520 91.792529
610 70.606187 67.128377
611 91.425631 60.022515
612 90.632495 21.032735
613 85.321732 3.915688
614 36.817042 40.678305
615 62.346914 69.691200
616 32.880574 40.800330
617 87.340968 87.390906
618 51.711546 35.335976
619 61.496197 29.526412
620 55.555727 6.139930
621 80.442447 62.683079
622 17.565981 12.082941
623 17.731153 8.413597
624 81.807080 85.878869
625 87.378341 37.006931
626 76.337426 72.279670
627 50.856150 25.197581
628 58.545984 40.826402
629 62.813726 76.238148
630 14.327540 61.342338
631 97.834761 28.996008
632 2.436244 48.346865
633 35.470041 25.892500
634 2.540910 28.103081
635 0.659244 8.462109
636 12.099882 89.294963
637 95.606730 55.558347
638 36.518921 9.161190
639 17.273815 70.439796
640 77.217573 59.617999
641 28.383399 47.779023
642 32.110898 44.047554
643 74.946713 41.727173
644 39.352226 72.823779
645 36.366934 7.182315
646 32.844213 51.930633
647 9.477236 96.382954
648 13.878769 97.861929
649 62.299950 10.822729
650 46.859363 74.954436
651 96.150371 17.237285
652 55.731093 74.117314
653 13.553670 22.110811
654 58.774077 67.942262
655 71.054002 75.738222
656 89.028274 63.110285
657 63.829740 3.376420
658 55.687139 67.623005
659 56.975460 56.359397
660 87.753363 6.277802
661 50.291268 15.951971
662 10.337122 84.720650
663 65.777380 30.799127
664 11.253377 29.015586
665 63.549979 80.149555
666 4.885652 69.195298
667 82.644620 19.064956
668 3.021020 65.480568
669 38.496502 25.844571
670 41.148477 70.985074
671 81.702060 55.744008
672 91.992999 76.673442
673 47.114797 18.047681
674 74.170930 57.448894
675 1.771329 21.017861
676 90.176671 6.837363
677 34.851722 83.644477
678 69.827671 99.414538
679 76.245186 19.434518
680 54.132847 19.512714
681 44.228827 67.535694
682 74.705198 16.592636
683 69.277565 31.366510
684 25.580896 0.157907
685 76.039975 45.656174
686 45.501535 97.069030
687 55.973731 12.094235
688 58.870527 9.012364
689 29.709663 7.715525
690 49.494122 35.838837
691 61.790512 76.250087
692 80.406698 54.523581
693 19.195460 61.837406
694 33.122520 2.777509
695 72.444528 41.896719
696 62.232443 64.532262
697 13.536489 34.232463
698 78.051459 41.380945
699 44.715355 52.700968
700 22.239895 64.027397
701 58.994773 97.749160
702 91.393167 43.118540
703 58.162469 7.889393
704 52.328380 42.166754
705 81.283990 37.182045
706 2.200828 56.829797
707 55.884405 61.044699
708 98.680237 13.580237
709 58.125622 43.011967
710 85.149879 3.460591
711 82.985586 63.336193
712 42.124561 50.760992
713 12.280807 31.625677
714 6.377895 24.414080
715 73.392147 72.022968
716 61.504785 1.617106
717 53.077159 30.898924
718 3.247072 87.034425
719 38.859631 60.506345
720 30.775550 98.545037
721 52.731374 9.716039
722 72.400446 69.079991
723 39.721061 60.729695
724 38.601006 1.501885
725 45.267979 82.249260
726 88.449723 65.404046
727 21.556362 32.411284
728 19.401840 87.400695
729 41.706648 37.170082
730 60.792168 95.354066
731 27.217766 55.827422
732 99.395583 61.873539
733 81.051995 41.222125
734 1.461029 58.920624
735 67.970689 90.497129
736 90.103117 24.736385
737 37.608678 21.569311
738 15.935228 33.814140
739 16.820494 24.322832
740 6.979339 0.158160
741 29.406645 11.712602
742 48.715071 9.013316
743 99.037157 75.911845
744 53.415893 53.762593
745 55.002227 44.937155
746 25.935315 9.422313
747 39.992999 97.351281
748 56.009009 11.736432
749 87.282302 72.657177
750 67.817512 63.113238
751 79.848178 78.401624
752 77.640022 31.113914
753 61.655224 44.481759
754 18.886815 4.697676
755 88.361921 31.545754
756 74.467987 27.566829
757 14.609639 19.425559
758 3.571271 35.679862
759 16.486962 44.160021
760 24.018835 49.337495
761 26.504026 25.248924
762 29.249966 48.532039
763 99.914619 75.472303
764 20.996799 90.646234
765 3.846203 56.960809
766 11.930288 49.125835
767 53.425764 14.631047
768 13.287876 92.674972
769 21.129126 65.496423
770 7.679051 90.448136
771 52.371245 23.651336
772 9.960408 21.535760
773 94.682734 15.790695
774 90.258341 1.757539
775 62.581002 64.070260
776 22.118607 39.817070
777 22.190275 25.823607
778 5.634039 80.046415
779 25.962099 71.588736
780 23.985280 71.276986
781 83.549329 2.143710
782 51.839890 49.242981
783 5.705300 29.543467
784 89.424034 19.485370
785 99.486564 79.454115
786 78.578700 24.007444
787 56.182003 55.095924
788 19.126026 58.024041
789 24.798807 72.649893
790 95.507825 63.616569
791 60.644077 97.482242
792 48.429452 86.907312
793 78.235829 29.920471
794 15.003568 97.110400
795 57.403687 78.049810
796 59.212030 32.249546
797 16.401380 84.157113
798 25.402385 85.339203
799 5.965051 54.933749
800 76.767206 71.966008
801 50.914733 12.191586
802 76.644673 19.805852
803 8.673300 74.868459
804 86.075846 20.687731
805 99.007083 22.940232
806 68.732070 13.034593
807 81.365194 35.898020
808 79.434511 89.921156
809 85.923085 5.106033
810 90.230255 95.528920
811 23.442005 86.004935
812 42.349289 72.052480
813 69.670945 64.453122
814 37.968188 18.332419
815 27.963975 57.710658
816 5.175922 48.433308
817 1.416799 48.977017
818 38.548191 70.808824
819 83.301668 81.759472
820 76.281374 18.008758
821 61.837042 8.347260
822 45.063330 9.328305
823 39.468443 85.318643
824 31.265669 18.132271
825 55.679679 41.926826
826 23.911879 99.623179
827 92.083529 69.842981
828 28.448900 82.533038
829 93.102395 30.929179
830 27.386842 65.017806
831 64.788456 30.045870
832 46.905603 82.935398
833 64.540696 92.187531
834 40.609579 54.010509
835 14.403000 27.034289
836 32.266183 52.222031
837 5.420135 7.988419
838 8.373377 36.146889
839 44.616449 96.809661
840 34.823676 81.252300
841 22.983351 67.147829
842 94.884842 2.214231
843 62.792062 38.858265
844 41.286754 25.413490
845 45.869470 30.396858
846 19.618114 50.792066
847 71.635634 96.121008
848 31.611329 93.030231
849 57.347280 71.798749
850 8.969064 94.801368
851 47.754412 47.190135
852 47.443343 30.273088
853 61.966803 1.414795
854 52.410043 25.792196
855 73.011449 49.336255
856 49.844570 46.030576
857 74.539362 88.265180
858 28.043281 20.780405
859 93.759899 29.787366
860 28.244023 68.472305
861 13.843869 96.722407
862 89.281042 25.262472
863 55.696258 14.164891
864 49.798825 26.382362
865 43.024685 39.426984
866 77.380203 29.878345
867 18.785476 88.639039
868 92.858116 13.837448
869 97.995580 6.965032
870 3.217979 17.865289
871 43.416528 37.108988
872 28.142898 80.054688
873 49.329893 89.558436
874 88.296084 52.927612
875 9.768608 79.895905
876 2.025222 87.915596
877 91.035862 55.648457
878 82.447141 68.020797
879 57.427856 51.895652
880 74.776267 63.950219
881 33.196545 17.337641
882 94.155777 31.225682
883 86.041015 5.290806
884 60.263101 98.714750
885 56.942165 80.185197
886 81.674003 75.214580
887 15.856380 57.276286
888 44.609094 38.212215
889 47.840048 53.835270
890 28.836785 37.249097
891 63.588548 98.058029
892 87.008800 70.285784
893 15.251839 34.979561
894 35.387567 63.938141
895 10.199729 46.879458
896 1.073428 17.362957
897 63.097837 43.134838
898 33.435699 77.729688
899 15.446940 39.780076
900 84.806885 10.498599
