500 500 50 COORD_PMED seed=20260730 source=pmed23
CUSTOMERS
1 69.997788 95.445807
2 25.423032 16.871203
3 73.370964 39.915955
4 59.277254 17.226406
5 33.006397 59.219360
6 46.796936 35.587574
7 76.563386 24.725158
8 29.497924 35.961336
9 22.640611 70.651226
10 24.452779 69.440910
11 47.705931 39.302427
12 41.753186 82.826132
13 39.507542 87.283697
14 48.628893 66.007997
15 4.408616 34.724668
16 69.979084 94.489414
17 26.973596 25.808876
18 58.415180 12.244946
19 27.236415 35.445494
20 63.468271 67.328442
21 7.214376 36.937588
22 82.421389 70.239638
23 8.368460 31.356393
24 45.962567 82.739197
25 33.322083 81.861397
26 62.108955 91.184200
27 4.453999 60.282922
28 60.929514 69.068119
29 27.935551 76.984127
30 20.178946 39.802892
31 39.995200 60.050951
32 74.040817 94.812440
33 88.094919 43.737355
34 62.545608 93.077745
35 38.697060 74.674861
36 79.511715 46.535052
37 96.820200 85.020552
38 38.696764 93.823672
39 82.648380 11.684519
40 11.032663 48.035331
41 13.908563 59.129043
42 72.592130 26.768114
43 60.366328 65.577738
44 38.273654 45.321211
45 81.462874 19.270844
46 69.445937 27.821906
47 23.161190 93.516233
48 97.734712 37.634662
49 86.229549 30.109061
50 11.153312 33.113824
51 85.039527 10.031839
52 1.953599 47.047980
53 28.954862 9.401985
54 11.389010 39.523584
55 33.306931 88.196241
56 32.482829 73.685055
57 92.309016 92.415007
58 81.175273 0.623794
59 21.660050 4.702646
60 99.268774 36.206127
61 67.410611 59.248062
62 45.276919 72.714129
63 37.613227 23.423381
64 9.204893 16.109602
65 72.323084 42.641103
66 22.928481 59.756452
67 54.816190 84.205951
68 5.615683 39.234389
69 32.228693 71.594562
70 92.653720 87.194735
71 8.755149 39.661635
72 28.995580 40.652989
73 64.752500 7.992306
74 67.191512 49.227838
75 50.545219 56.118780
76 32.260770 49.228933
77 28.621933 49.987985
78 22.636687 95.287145
79 36.021109 94.582045
80 10.966096 13.386960
81 96.875027 16.890857
82 52.071717 45.825348
83 19.228416 14.979240
84 9.306430 35.499701
85 53.859525 20.260559
86 70.336188 0.144625
87 84.036759 90.771310
88 16.596048 13.141754
89 26.355005 93.712946
90 90.433378 61.696601
91 40.833862 26.037791
92 73.524340 38.741808
93 2.445841 60.805799
94 0.191631 12.684193
95 44.275161 0.199903
96 5.280104 11.366773
97 14.336701 81.074343
98 88.595392 14.031933
99 82.843906 60.359510
100 99.833525 21.873420
101 55.176560 71.379766
102 40.378388 95.284505
103 37.989924 18.813353
104 30.931057 81.942747
105 49.485793 71.881565
106 13.677244 41.139982
107 26.689356 74.558617
108 55.347906 41.638599
109 67.778315 93.804699
110 88.143761 85.846265
111 11.353131 62.564403
112 76.352044 67.368292
113 67.128706 62.961328
114 40.803869 87.585354
115 50.878673 33.364873
116 38.449147 42.408363
117 89.781325 46.815930
118 35.312499 40.046939
119 86.337037 69.505635
120 52.399180 84.636070
121 12.907304 29.828840
122 65.983614 5.765365
123 36.873219 34.163524
124 11.468962 83.616195
125 65.567675 91.411237
126 35.884886 47.092280
127 9.711043 31.615641
128 72.372664 90.773551
129 15.833134 77.995038
130 64.074895 99.530153
131 17.665458 48.575261
132 27.616385 16.209054
133 40.424401 39.237497
134 61.208208 37.574608
135 49.823475 0.598982
136 46.254896 2.771322
137 90.903729 56.135945
138 20.201035 75.249703
139 11.018260 99.266423
140 88.721882 7.042097
141 87.883650 81.508860
142 40.178934 83.819958
143 43.882533 71.025266
144 19.772928 0.713648
145 71.351114 64.378653
146 11.096861 13.577379
147 69.424867 27.732360
148 42.592349 52.621068
149 45.491849 76.091907
150 69.245891 30.831169
151 21.963259 50.294163
152 75.648874 3.398931
153 85.901191 35.796550
154 32.197475 45.418746
155 38.917964 48.925952
156 56.248512 57.679742
157 13.091990 75.382230
158 59.793735 74.300085
159 99.307169 81.402320
160 28.089223 93.133063
161 8.449088 39.446648
162 59.295964 18.939508
163 21.912588 82.418806
164 98.727471 70.705917
165 92.025860 86.495552
166 80.913653 67.254466
167 18.548516 3.513789
168 19.245019 4.511651
169 99.326392 97.423765
170 53.847815 68.935709
171 62.164628 22.319542
172 15.526940 17.029516
173 55.948402 65.304793
174 47.342738 6.588246
175 84.112291 37.074603
176 83.431213 23.944907
177 67.121993 53.256489
178 7.610203 3.648510
179 81.935401 90.118372
180 70.426434 88.960428
181 37.220715 57.392007
182 0.518967 61.710001
183 54.783637 0.979055
184 4.654367 43.115470
185 54.568453 45.412224
186 35.572879 92.318165
187 66.753504 23.490065
188 4.927787 7.401464
189 75.086051 78.813156
190 71.755446 96.147237
191 23.435039 93.936109
192 38.427791 6.637518
193 78.798170 32.150252
194 6.627341 26.881380
195 86.897398 31.533239
196 44.177326 69.532907
197 82.829053 87.162176
198 97.763309 88.857914
199 34.076598 70.383013
200 47.203062 71.565487
201 21.344896 26.259490
202 17.705589 65.851406
203 11.528063 94.747808
204 6.382418 58.544334
205 0.838276 23.753947
206 34.174637 4.738117
207 10.708459 14.304419
208 38.304744 75.878244
209 14.544891 44.820732
210 57.351788 52.820525
211 90.357772 78.470018
212 24.024858 0.382417
213 43.267141 76.087849
214 13.732723 45.270848
215 17.640566 51.198361
216 33.124761 59.441187
217 53.786696 11.172952
218 2.025923 29.400068
219 30.884980 85.642748
220 27.221158 30.825969
221 6.637626 31.288914
222 18.244934 5.202871
223 88.210071 23.295184
224 35.796414 13.539870
225 44.702051 61.103478
226 93.371625 9.053499
227 13.105636 3.057548
228 18.959517 91.515514
229 45.190532 56.325340
230 55.612651 87.226729
231 67.559091 9.127866
232 77.779916 98.801648
233 99.023715 64.403531
234 35.947866 83.556126
235 62.790281 21.905468
236 98.739028 87.689744
237 54.786555 93.975488
238 30.693825 6.844744
239 34.162211 24.556217
240 40.205123 4.604659
241 74.488968 58.312410
242 46.897908 29.438099
243 69.898528 8.016235
244 79.370220 66.199071
245 53.630412 94.123495
246 2.112306 51.812854
247 4.403735 71.958262
248 95.032531 59.675585
249 65.468988 93.862763
250 76.661168 49.272272
251 28.144840 8.595835
252 62.860018 6.258827
253 18.504163 61.856747
254 3.028762 52.117187
255 82.539126 18.634548
256 98.943651 15.820675
257 81.646216 76.680009
258 85.169316 45.284470
259 53.965756 81.220705
260 62.496860 78.277447
261 3.007420 18.869509
262 60.365263 52.053169
263 13.725340 96.688900
264 60.705808 23.223709
265 14.151964 60.688407
266 98.502642 94.390446
267 12.786764 29.086899
268 73.011295 0.129578
269 63.481048 42.430497
270 36.761508 32.605393
271 30.568471 4.715792
272 67.131878 93.323004
273 97.684876 66.046610
274 23.994389 27.550350
275 23.558570 58.299230
276 17.296039 31.676999
277 67.081416 73.542193
278 35.434752 71.727289
279 59.056089 19.211250
280 5.236870 16.337989
281 27.388302 87.544074
282 76.483378 26.258224
283 3.531826 50.285091
284 52.474694 9.035462
285 46.458598 78.563705
286 80.957041 70.440901
287 72.950489 33.425000
288 19.272479 77.213390
289 4.167526 83.582865
290 20.558102 44.141606
291 69.057144 24.746153
292 63.752654 16.611987
293 71.947089 35.667011
294 45.407608 88.983366
295 44.263125 12.704965
296 66.379044 85.433153
297 15.700884 99.403509
298 41.425359 36.213099
299 5.883705 23.967391
300 76.674953 2.407789
301 14.138614 46.687135
302 31.884866 83.628975
303 13.915335 4.790285
304 19.435074 6.835086
305 96.664066 27.717893
306 62.677776 36.218473
307 30.195133 73.955742
308 34.200222 69.279805
309 27.002321 47.269546
310 10.288914 33.504961
311 27.468689 68.058286
312 93.156991 12.859043
313 88.553436 51.189904
314 86.661627 50.725405
315 25.262380 74.732995
316 25.671434 44.913936
317 56.942386 7.722424
318 60.060799 35.397930
319 22.215790 17.938769
320 6.928288 49.545797
321 1.679575 1.743166
322 38.185593 3.215803
323 77.793931 74.108227
324 9.435944 22.050196
325 91.318652 2.392867
326 6.856227 97.463829
327 72.753453 35.997994
328 92.542507 33.925482
329 30.865094 29.861922
330 90.730770 4.181584
331 79.289299 70.148748
332 99.396616 13.581579
333 84.145392 53.701649
334 55.348851 23.394920
335 10.650536 64.058708
336 52.258749 14.297930
337 2.684578 9.317634
338 70.988146 55.446129
339 48.016566 58.051198
340 65.622148 17.122344
341 58.591346 6.106681
342 68.109133 43.807283
343 91.171964 15.622302
344 12.856784 36.671915
345 69.781565 89.077572
346 28.803305 19.050152
347 83.263815 77.830991
348 16.674374 74.686719
349 49.162492 33.987003
350 1.667692 57.505267
351 2.971312 34.987298
352 44.656130 47.404886
353 46.248332 41.868025
354 6.107110 38.189321
355 6.737848 61.500425
356 61.495999 52.827555
357 13.604155 19.564270
358 71.453786 87.188807
359 19.400448 3.230470
360 21.318728 97.236519
361 10.142452 36.756707
362 11.151538 48.450975
363 71.546845 53.803550
364 35.585510 22.386060
365 7.584650 54.569647
366 17.694918 12.485033
367 65.169735 44.209847
368 90.565132 83.237333
369 15.375937 36.634617
370 12.841183 89.108105
371 34.234408 51.635703
372 78.080419 48.173929
373 48.898439 92.014322
374 75.598982 28.309243
375 30.290433 53.374127
376 17.102912 34.725092
377 76.894063 61.016073
378 98.369966 82.028349
379 26.683706 39.735896
380 88.647913 38.608876
381 57.713763 81.645706
382 91.065415 0.928423
383 60.163910 9.449239
384 78.695280 11.079588
385 76.135391 94.382442
386 32.977675 50.360617
387 92.169272 73.736992
388 20.835568 50.828707
389 84.049533 74.445731
390 13.449212 81.042237
391 16.497283 48.564037
392 31.196395 1.659535
393 68.925552 37.068837
394 32.125883 81.128542
395 99.739577 11.123330
396 6.922690 75.093003
397 42.764455 31.401063
398 40.718205 69.790893
399 62.317164 79.678746
400 34.993557 71.232267
401 91.829909 43.395835
402 92.233733 24.488243
403 59.384160 41.373181
404 86.333301 81.990297
405 55.840909 63.753275
406 86.668804 24.694499
407 41.523681 80.186277
408 67.757288 60.728883
409 44.779875 80.652727
410 93.084779 94.064210
411 33.063715 4.087360
412 28.387313 41.032957
413 13.599135 13.022998
414 43.845368 90.963035
415 72.022485 5.949252
416 4.793718 32.920924
417 78.454167 92.257584
418 1.141715 42.980791
419 23.272047 46.224747
420 62.070187 52.701349
421 0.827002 48.115208
422 73.492406 22.834678
423 24.696466 39.948524
424 97.128541 36.747661
425 47.859233 79.053286
426 18.040301 18.709008
427 2.883475 12.369779
428 0.637748 37.986727
429 10.020665 21.531866
430 78.558186 83.666491
431 20.535939 34.475881
432 34.793350 50.719469
433 38.699639 94.747858
434 10.199522 62.043092
435 2.976041 35.149870
436 83.752077 15.783959
437 75.952595 88.036636
438 58.474659 74.134569
439 89.559043 69.999275
440 52.453948 68.418095
441 79.252910 92.653113
442 76.723212 92.620160
443 46.118558 8.475189
444 98.068073 39.843404
445 86.515831 69.346405
446 47.170466 63.602609
447 42.655435 9.317757
448 32.450258 32.928605
449 26.409340 71.367089
450 12.637271 21.412908
451 3.298841 71.738779
452 14.026772 86.938541
453 54.166945 94.728550
454 35.332906 75.800394
455 55.259929 45.600780
456 63.232458 81.692276
457 97.837896 76.718475
458 51.963418 58.234419
459 14.511744 60.018876
460 58.077506 88.167003
461 95.646871 55.060567
462 72.849656 83.103791
463 37.292868 65.751794
464 82.802337 0.130259
465 0.996388 95.943880
466 40.472997 25.381857
467 73.433466 93.117069
468 25.153328 28.884162
469 17.023168 36.139659
470 58.227315 92.409956
471 17.548803 41.692726
472 54.557335 82.287827
473 0.695800 66.701182
474 25.166846 87.579553
475 26.037986 31.311560
476 54.626858 51.560921
477 66.883851 37.762347
478 76.370977 54.709587
479 10.198685 92.517283
480 9.199234 7.090264
481 1.550909 58.334255
482 45.479126 75.370994
483 91.484052 21.101250
484 49.102929 54.339929
485 3.916635 24.621311
486 20.476377 49.128171
487 27.672852 24.509241
488 90.277033 94.634330
489 85.902819 94.868388
490 6.429866 38.950648
491 28.075990 54.749423
492 73.622545 43.641698
493 97.719877 83.917310
494 93.459011 30.242128
495 15.393145 16.615443
496 33.101911 11.348129
497 57.030235 40.054367
498 58.194124 94.189403
499 87.444954 14.212412
500 24.591620 7.082226
LOCATIONS
1 17.252904 0.803731
2 14.215345 0.172486
3 38.027997 33.137315
4 92.332033 22.976563
5 59.251227 60.247323
6 75.713786 41.650610
7 33.432846 2.593000
8 30.519221 47.700204
9 33.318552 59.244765
10 29.621354 97.046544
11 67.796282 72.757079
12 23.297683 39.651465
13 89.113357 68.067794
14 72.551735 34.349237
15 36.836813 33.943999
16 67.017911 60.410466
17 2.262666 2.386302
18 64.913930 28.152021
19 3.540520 16.656736
20 9.814321 17.367872
21 53.460773 58.126301
22 71.920794 0.338114
23 76.976546 56.499429
24 3.167335 51.064979
25 17.264580 70.366598
26 83.799801 70.375176
27 41.024931 80.832795
28 80.843836 38.610439
29 79.488038 40.468068
30 62.001518 15.946144
31 30.233752 77.883507
32 78.282622 69.897310
33 90.270755 8.654533
34 38.925663 38.042642
35 19.794661 14.550713
36 14.586466 17.112657
37 59.190194 18.198451
38 82.782768 50.739803
39 35.172298 23.621738
40 81.841549 69.031682
41 60.258254 36.646241
42 11.787486 13.193917
43 76.060750 63.007091
44 54.898982 38.683692
45 68.961178 99.637555
46 51.889200 7.530969
47 19.673511 61.480062
48 16.753285 26.749440
49 18.311601 31.838668
50 58.441834 79.953270
51 94.059356 47.489365
52 27.418171 30.196123
53 65.789830 9.027179
54 74.902489 69.847889
55 82.441359 78.207791
56 38.898705 9.880090
57 27.708037 38.609017
58 10.813159 37.152821
59 60.023462 99.935746
60 83.426202 16.651927
61 76.682954 33.784720
62 94.481951 52.781827
63 32.409426 8.412694
64 6.582445 80.779895
65 39.859917 66.578802
66 51.039069 60.514816
67 17.548961 84.227441
68 31.424157 95.767384
69 44.042794 4.277454
70 73.932915 80.512071
71 90.854805 87.718690
72 89.820849 68.241391
73 88.730079 28.303344
74 64.336572 4.133330
75 85.749744 54.468682
76 31.247215 92.448087
77 80.116480 15.257304
78 21.684264 26.446926
79 84.382315 23.427203
80 97.482312 46.464949
81 92.373527 83.301193
82 4.372950 3.209393
83 58.141656 35.023648
84 43.941856 62.744651
85 47.529157 82.442562
86 45.080304 67.496235
87 43.708814 19.329091
88 18.414272 96.570800
89 12.875976 75.152029
90 39.621082 35.545414
91 47.665344 95.217723
92 12.944809 2.345419
93 2.632079 58.108888
94 15.810557 70.681665
95 41.073568 27.022304
96 41.410209 97.186229
97 7.521943 63.682513
98 52.814679 29.681298
99 2.273330 98.790370
100 19.855626 6.877844
101 4.816186 70.481553
102 7.208264 44.103436
103 73.915666 6.447386
104 42.967407 76.824997
105 62.984815 92.736142
106 0.140138 33.748393
107 51.634613 99.883299
108 32.763496 96.032485
109 53.750172 81.556657
110 23.258934 60.127865
111 2.094417 89.347692
112 26.981723 42.791949
113 43.840503 82.389826
114 60.834977 44.633357
115 88.820801 1.786990
116 62.023404 91.441743
117 55.962712 52.685264
118 14.518667 14.657805
119 32.409269 19.724846
120 74.646380 5.425704
121 8.097694 31.573854
122 42.021547 32.200394
123 4.268467 39.627282
124 25.904130 76.727267
125 93.518055 30.227265
126 92.770415 91.830260
127 95.629852 0.886063
128 66.617355 76.546491
129 95.721927 28.461726
130 15.425362 64.479797
131 50.452134 86.669316
132 12.468948 60.965514
133 76.067381 78.529845
134 40.286684 0.939108
135 90.036937 25.890876
136 39.116632 39.870983
137 57.340126 77.169829
138 67.333684 39.283653
139 32.089965 81.422366
140 42.755395 98.557448
141 30.385488 3.128644
142 30.786002 13.783908
143 20.804330 5.519514
144 32.658874 86.009147
145 53.099631 46.425483
146 40.647255 75.090779
147 64.342178 2.017779
148 38.657674 49.310991
149 72.856210 17.217333
150 68.085152 5.908393
151 12.947850 62.628348
152 18.708761 21.986083
153 1.332753 32.552388
154 22.261071 99.099448
155 36.298196 26.730726
156 60.727645 54.296437
157 7.019539 4.151605
158 53.486469 73.233935
159 64.360243 38.142552
160 90.840027 50.206851
161 57.358884 48.696952
162 92.931556 96.031662
163 31.262764 31.543565
164 13.481650 5.680093
165 93.845722 9.870179
166 94.054501 69.183164
167 7.020101 82.517796
168 84.806133 86.485637
169 85.023070 49.261184
170 31.966421 29.495188
171 60.765034 41.345372
172 99.902970 36.048836
173 84.802008 56.775267
174 52.367492 7.372651
175 80.724171 19.019769
176 79.777438 83.970671
177 77.067731 64.623682
178 14.834283 95.261454
179 6.117913 91.766530
180 59.210802 14.859870
181 83.236664 78.000984
182 89.730268 7.846141
183 72.990975 81.833382
184 21.422323 18.376452
185 78.964136 8.289659
186 18.805625 12.813192
187 9.199844 11.130288
188 26.123868 95.974335
189 64.555424 29.318699
190 54.756934 67.410876
191 30.082013 76.790791
192 33.212946 56.470626
193 71.900462 38.585054
194 79.460792 46.215228
195 43.482675 4.778954
196 55.563351 14.340651
197 80.454445 14.257631
198 15.945358 91.054185
199 66.558500 71.022518
200 39.403892 68.370488
201 94.008359 83.900455
202 80.275741 90.234622
203 62.402379 71.241762
204 99.635812 45.860650
205 91.401248 70.266927
206 65.665045 31.996440
207 69.688135 97.348542
208 48.833814 88.012462
209 23.915224 34.602751
210 49.554608 67.851232
211 91.209762 6.331723
212 20.441555 89.171016
213 13.236668 53.150802
214 16.533382 27.792105
215 4.017916 58.233922
216 53.544393 57.861543
217 0.291578 1.235720
218 18.071906 53.308900
219 74.907575 70.868228
220 95.757671 81.731356
221 54.245668 49.169539
222 84.745633 49.881611
223 30.805203 48.105023
224 12.093485 62.051313
225 39.804668 56.994077
226 55.709672 13.088504
227 21.446445 29.421347
228 46.398438 30.756061
229 12.618184 65.924445
230 77.775403 80.162211
231 97.878934 71.098019
232 82.872018 43.138651
233 57.862455 34.058530
234 49.638335 83.564426
235 57.773905 80.668303
236 77.539491 99.641926
237 57.317392 10.935200
238 13.852027 27.908677
239 95.045681 9.188531
240 56.579005 79.100257
241 32.113978 51.556613
242 0.909173 53.187325
243 38.878242 78.121601
244 40.618098 67.931525
245 1.693511 7.851634
246 31.241329 1.851165
247 9.029163 27.160184
248 69.763739 36.341011
249 84.357882 56.697686
250 36.260483 84.009411
251 45.386288 86.609028
252 44.404522 19.681031
253 6.561822 30.309528
254 0.359082 68.995780
255 26.547974 66.403428
256 87.676888 14.330072
257 14.950864 83.954335
258 77.688778 0.234640
259 55.966306 60.894443
260 9.626840 72.998623
261 93.181075 68.206272
262 46.754339 39.825871
263 73.195032 64.275698
264 48.117153 25.656808
265 17.185532 56.375436
266 67.542311 14.961088
267 28.896629 4.644905
268 25.392323 66.927896
269 28.362642 16.059334
270 94.686221 25.403385
271 98.013427 18.522855
272 0.827697 91.035800
273 8.655964 43.295126
274 11.015430 14.732520
275 68.641658 65.570147
276 50.915568 77.985868
277 76.198574 91.555350
278 92.296536 48.474151
279 41.497961 45.134946
280 96.805197 84.950367
281 71.379532 22.505241
282 55.075191 23.713909
283 90.418022 23.851634
284 43.625997 70.826722
285 1.349021 50.956961
286 5.745302 75.404044
287 26.983422 17.231662
288 99.861512 91.598885
289 63.189755 49.218449
290 2.577841 7.041999
291 6.665365 70.142054
292 98.644956 65.773185
293 3.051766 64.017681
294 47.729959 64.814897
295 23.589630 77.942885
296 7.498313 37.524176
297 65.912903 98.912727
298 38.639594 69.565255
299 54.034082 81.726707
300 81.165315 91.203445
301 77.664362 61.506067
302 48.679560 7.091164
303 89.290354 28.608627
304 62.071049 86.669200
305 55.248722 76.979455
306 93.177847 20.345014
307 77.613025 65.023113
308 1.570921 42.866252
309 50.323546 63.438349
310 28.169914 76.926114
311 13.046154 6.865221
312 64.470421 94.012686
313 30.766007 89.328477
314 88.117991 54.805927
315 30.754255 56.190476
316 94.674394 59.768509
317 62.797034 71.019217
318 38.264437 2.455888
319 83.315480 64.755538
320 7.014530 25.507858
321 49.395009 62.720084
322 29.111778 29.004505
323 33.928765 26.893007
324 28.061618 35.599300
325 55.007644 46.203072
326 96.652744 0.394464
327 41.696506 41.016644
328 3.347276 3.765615
329 91.758023 46.723978
330 51.928382 57.203220
331 2.436925 34.570562
332 46.522478 15.984416
333 13.051495 19.237933
334 49.366345 62.344684
335 49.113723 24.462743
336 71.246911 75.621288
337 72.504734 12.085879
338 82.607932 69.168875
339 37.619372 49.107662
340 67.448678 39.515279
341 7.251545 94.785035
342 56.430384 64.894748
343 98.833134 20.937876
344 92.534851 52.586138
345 38.440027 72.175652
346 42.021876 76.747533
347 79.228292 87.110318
348 43.463141 38.499270
349 95.336001 6.140916
350 80.363759 26.210176
351 13.998839 33.339308
352 4.974170 20.839630
353 89.077191 8.973672
354 67.395800 23.878721
355 26.719701 0.807079
356 57.241268 96.977790
357 23.233669 34.933674
358 35.029557 91.333370
359 32.167979 2.906121
360 80.616731 39.470168
361 17.078897 9.972588
362 65.406533 46.165866
363 77.860753 10.523736
364 20.932782 4.099405
365 82.777530 37.622396
366 68.432613 17.072913
367 24.653876 93.985823
368 25.350774 30.379897
369 78.175760 1.881368
370 13.537731 51.229689
371 2.762286 18.853335
372 55.848923 26.997558
373 53.881233 11.275698
374 66.752840 28.322074
375 96.779891 29.164147
376 12.673926 18.866821
377 47.421431 51.647630
378 96.541460 5.033683
379 3.536367 50.075654
380 28.108925 75.780059
381 25.827910 7.852393
382 14.863896 50.877680
383 62.112465 54.689999
384 95.018807 23.463340
385 34.173729 77.304010
386 13.796114 45.860190
387 28.395172 24.461904
388 25.105916 23.561210
389 72.828391 33.463835
390 79.003620 56.065175
391 5.060629 65.583682
392 95.874248 75.679882
393 80.887337 27.174084
394 33.266803 90.331934
395 56.252192 67.010022
396 48.681895 70.178129
397 98.647959 39.506334
398 11.401580 38.626167
399 2.162549 28.342503
400 30.619573 30.267088
401 97.930082 28.801521
402 13.644480 60.303345
403 66.753394 82.733761
404 70.128628 3.241357
405 34.431281 11.517641
406 1.420249 38.579122
407 52.490956 76.259755
408 54.220847 26.854807
409 35.597878 17.095757
410 86.903558 84.987699
411 92.639137 76.018685
412 54.903955 70.759305
413 80.595782 67.545340
414 56.286219 41.203538
415 41.448414 76.891842
416 50.316225 13.060863
417 33.970407 5.586605
418 6.694778 16.913149
419 42.572057 6.572411
420 99.113519 2.770564
421 53.626076 37.164623
422 79.423402 77.634026
423 76.398935 84.999403
424 9.717526 84.495594
425 91.022327 81.802619
426 93.724122 86.889803
427 57.231609 28.808634
428 69.309322 38.294030
429 28.939420 87.138190
430 42.271544 11.569032
431 31.623720 83.372630
432 36.696769 73.386931
433 65.709633 65.958681
434 9.521363 45.514448
435 43.006302 19.123910
436 84.924164 55.455119
437 77.727227 20.379164
438 91.582124 87.581483
439 44.261739 26.100025
440 96.164034 15.561583
441 89.733498 4.991848
442 74.256067 89.683579
443 50.574917 30.269810
444 23.147008 8.000139
445 34.163524 55.175049
446 29.887827 79.411539
447 43.577889 8.125971
448 0.713555 37.519050
449 96.960195 67.148245
450 77.017982 41.192660
451 81.247000 1.922391
452 2.101947 15.915878
453 93.821378 93.610169
454 94.332166 69.744319
455 39.361569 27.526161
456 6.317392 39.684987
457 92.907568 25.597746
458 56.077602 78.139866
459 9.444318 50.026168
460 4.084376 75.711613
461 27.938100 63.094569
462 12.554060 61.736035
463 26.347068 47.044260
464 36.033949 43.129811
465 42.346584 84.673220
466 49.006070 65.656236
467 61.388782 30.391969
468 29.560496 30.651203
469 29.640977 86.370251
470 68.911552 67.595454
471 80.841182 51.972149
472 8.012317 92.893329
473 54.619065 55.758794
474 11.338041 4.228278
475 43.218166 19.193537
476 98.477567 21.046154
477 70.559355 65.962291
478 28.108173 94.741438
479 13.417990 31.639441
480 62.478825 82.483524
481 71.013171 85.084485
482 38.950676 19.121934
483 37.960644 5.046193
484 17.914455 52.866035
485 18.239929 28.345364
486 2.327279 2.227226
487 44.381481 33.341454
488 54.903534 60.967205
489 47.539333 30.895288
490 96.709546 47.627774
491 77.939708 76.097071
492 32.179460 17.296546
493 45.832508 37.186586
494 18.627560 22.396236
495 77.191591 63.561316
496 75.099844 82.713220
497 6.688913 77.295687
498 23.010161 52.485615
499 33.261666 29.320661
500 70.349424 79.352486
