500 500 167 COORD_PMED seed=20260732 source=pmed25
CUSTOMERS
1 45.592423 80.526293
2 47.541648 46.716621
3 68.069467 48.181946
4 93.896861 2.330384
5 91.575232 25.968782
6 11.364093 31.161591
7 66.216254 74.784200
8 29.292680 12.086616
9 61.703174 64.617866
10 9.065731 37.348258
11 76.776792 26.708762
12 14.129967 3.019392
13 27.745641 1.660869
14 25.439609 32.631836
15 10.234592 25.984376
16 11.113935 2.704502
17 99.282253 45.757832
18 83.507361 70.597626
19 5.400577 57.332345
20 25.227419 92.855813
21 44.455291 79.046679
22 51.853944 71.976886
23 48.258252 70.390318
24 97.704666 20.557434
25 37.112348 25.122573
26 68.770522 84.185997
27 24.132965 74.290021
28 55.582005 57.891151
29 32.493644 87.867033
30 0.289472 82.854871
31 8.769926 89.353834
32 28.240486 82.967404
33 92.587075 82.986340
34 26.567880 74.868449
35 73.395328 45.201207
36 81.333152 50.163741
37 39.320504 2.703678
38 61.875895 65.070248
39 1.673501 46.210631
40 66.269329 94.747570
41 37.087747 11.279618
42 67.825224 28.180671
43 22.606912 36.372938
44 31.206144 84.439437
45 80.915580 41.249533
46 49.066636 13.387762
47 31.455428 10.274651
48 91.472572 66.568855
49 65.277983 53.453581
50 83.608611 93.620188
51 6.682464 79.280896
52 60.147577 68.426281
53 58.375923 80.650706
54 8.482825 92.101555
55 33.622774 95.946286
56 7.358984 34.932633
57 46.543928 47.686414
58 64.649052 13.249155
59 97.653187 98.373096
60 95.901417 29.617687
61 27.134534 77.899401
62 76.213986 94.058997
63 51.756556 44.448942
64 17.917631 92.598846
65 10.201671 7.129157
66 9.302182 5.510277
67 85.020000 31.339792
68 20.649272 88.377760
69 83.494729 47.983696
70 30.359093 90.763526
71 47.406215 27.609445
72 5.270270 45.928322
73 63.767106 62.804783
74 82.882702 39.179301
75 46.423543 32.923106
76 92.813642 89.974220
77 51.183502 82.187868
78 90.485570 28.662717
79 71.475210 81.321720
80 95.570960 77.105433
81 86.621361 36.550680
82 37.571414 29.980812
83 46.950764 51.328237
84 3.656157 61.341350
85 29.314772 2.928598
86 48.459827 76.457886
87 71.514962 29.972056
88 5.521170 64.039973
89 17.026594 47.580685
90 1.434652 95.606775
91 17.721027 4.495842
92 4.213433 93.739007
93 56.190146 46.273009
94 68.263027 92.511446
95 83.628952 49.825958
96 92.408161 84.369510
97 71.122222 34.888778
98 16.550363 13.910886
99 10.793758 78.467372
100 13.049744 26.898682
101 0.724814 51.893873
102 36.767476 73.010158
103 20.875438 55.110528
104 96.626177 9.794774
105 58.281460 93.670067
106 66.324994 64.796010
107 2.512884 10.507027
108 2.330938 38.213790
109 34.450566 11.222792
110 40.596892 68.657568
111 60.793712 88.055539
112 72.173505 25.396679
113 6.678558 22.180476
114 3.158894 83.928166
115 53.226961 46.142156
116 30.672603 72.058022
117 94.830108 31.109772
118 57.815022 59.810117
119 68.645885 78.970632
120 75.585293 80.042922
121 39.260518 86.849683
122 52.203739 59.888498
123 20.419554 49.945283
124 81.575988 73.977349
125 61.942456 82.044930
126 5.827395 85.123783
127 0.000180 95.301000
128 36.588835 31.992580
129 50.373159 50.267807
130 34.660670 78.296726
131 33.805671 28.548165
132 3.407781 8.633185
133 0.579409 4.828466
134 12.046919 42.701380
135 9.338105 46.396653
136 35.587043 75.475640
137 87.945804 12.379691
138 94.840473 42.627095
139 38.813073 7.103426
140 47.389774 95.185576
141 42.681074 30.549565
142 88.575245 49.482972
143 47.174166 90.043966
144 86.565781 22.671633
145 50.050066 54.151290
146 30.004023 70.504115
147 3.061352 90.528459
148 85.423615 9.180089
149 28.767052 4.053812
150 45.929938 35.345419
151 37.861614 77.339431
152 69.916861 97.768705
153 9.607260 60.698727
154 69.723033 66.952911
155 85.392005 82.632175
156 39.110769 19.289771
157 17.294238 98.479254
158 74.055218 3.369408
159 10.378603 57.992904
160 34.504507 81.519773
161 68.125309 85.238019
162 58.806820 45.143590
163 94.166595 45.764170
164 84.580448 60.976794
165 23.398136 68.115782
166 0.524288 93.826726
167 21.849959 0.542358
168 76.952744 35.006171
169 30.659403 23.611245
170 58.292498 54.379695
171 7.677126 92.181358
172 16.373106 39.904456
173 79.466399 25.797043
174 86.936488 86.008735
175 39.527180 56.551418
176 29.573904 2.387031
177 49.828390 46.615211
178 41.387926 32.308937
179 13.180386 39.690089
180 65.463601 13.624300
181 6.976292 94.045215
182 33.614540 47.903526
183 97.474167 55.988407
184 19.294985 67.888703
185 20.596929 62.587575
186 43.471671 84.657159
187 79.524929 29.996397
188 13.732287 61.368786
189 26.860539 2.605428
190 88.169891 3.671667
191 17.016996 61.179144
192 76.234932 26.618590
193 43.184868 9.735991
194 17.317773 78.167514
195 67.514015 0.546311
196 60.123073 57.056880
197 31.608596 33.121453
198 38.561162 52.439749
199 96.341719 14.062773
200 12.515879 31.963163
201 35.804400 49.250442
202 89.562122 97.428143
203 39.764418 98.325202
204 18.856840 46.424669
205 95.835589 43.920180
206 96.684481 3.362932
207 29.157744 69.359475
208 42.290090 4.805391
209 61.806565 62.764778
210 19.695160 75.882819
211 86.951884 62.126973
212 41.925467 96.350811
213 83.196543 2.180926
214 72.197777 98.941903
215 33.323444 51.598078
216 25.852387 7.824908
217 32.088048 94.875388
218 75.967801 87.580455
219 93.229919 22.183504
220 49.868994 17.885042
221 15.741162 28.042837
222 53.560677 60.785402
223 3.318507 42.493240
224 40.928352 72.314393
225 54.882027 48.633080
226 34.887295 72.805078
227 71.292087 36.512400
228 95.716397 56.799530
229 44.943935 81.475167
230 83.615238 48.977696
231 93.959107 47.475752
232 66.587647 81.596486
233 68.393265 26.459672
234 60.377816 10.561077
235 26.820189 50.411083
236 50.380943 37.267301
237 79.634697 85.474965
238 8.743994 82.138798
239 63.916971 60.633265
240 69.674089 20.832057
241 6.525588 80.971387
242 20.268638 54.918785
243 60.351860 79.792568
244 41.358321 43.919776
245 79.139562 0.812695
246 23.321019 49.344140
247 69.094981 71.600309
248 3.576817 44.101255
249 75.954997 39.485564
250 32.370248 75.103177
251 43.267469 54.462919
252 30.674166 88.179196
253 97.975557 51.490247
254 90.162255 98.818163
255 73.629750 34.369255
256 4.831163 25.711917
257 98.883604 70.420032
258 33.466993 45.304897
259 45.527520 79.305871
260 17.346641 61.243755
261 16.040738 56.139868
262 9.923810 54.467724
263 31.003034 41.289192
264 10.767610 46.437701
265 26.479591 50.923467
266 70.697675 31.067248
267 27.261073 86.898386
268 71.344275 55.822380
269 2.655682 12.718998
270 73.269705 31.917714
271 9.632530 45.293507
272 12.302129 7.935379
273 20.762836 4.976909
274 6.844148 5.223319
275 4.127594 43.032437
276 27.796711 26.374051
277 32.620024 56.283801
278 94.049500 96.837415
279 4.697434 73.807668
280 2.581896 99.179069
281 72.827717 42.207762
282 66.303704 89.185330
283 97.506034 79.501638
284 39.095144 36.519126
285 63.531720 71.269961
286 82.352260 57.262816
287 43.769599 25.252669
288 9.949696 36.896666
289 14.819592 12.517585
290 65.581983 54.632564
291 76.963350 40.751951
292 56.344018 76.703851
293 55.145566 73.376214
294 87.382927 36.552097
295 71.975993 95.447070
296 21.028953 63.291335
297 33.247694 8.352074
298 76.248044 85.950184
299 67.828391 39.723390
300 79.702668 83.511367
301 75.762551 36.868943
302 14.031947 98.871630
303 50.330867 61.687761
304 51.840911 76.510114
305 92.143525 41.624519
306 30.075980 74.684718
307 55.515486 3.099722
308 43.318881 16.628893
309 91.428921 63.851152
310 7.809466 32.248648
311 3.725634 13.103104
312 50.637418 47.220183
313 73.176064 70.996003
314 9.955162 5.593252
315 51.248738 97.759473
316 81.373279 45.643140
317 93.591042 94.012901
318 43.217901 95.277568
319 70.403308 95.275362
320 6.807646 2.089574
321 76.065507 61.391496
322 64.978411 44.408334
323 91.338608 35.710516
324 0.167954 82.392575
325 35.517099 87.696750
326 41.198329 73.310419
327 98.052424 22.013496
328 39.870787 28.061991
329 9.910629 50.314598
330 54.662911 39.461070
331 32.572787 15.835421
332 5.451824 31.857827
333 30.337378 51.170911
334 11.458768 29.570043
335 45.409441 89.792094
336 53.619732 25.545784
337 4.886268 44.785759
338 16.090481 3.062368
339 56.550826 75.766110
340 80.228654 40.195902
341 67.288754 27.649556
342 8.028331 79.581554
343 89.952771 46.214331
344 20.301326 60.310617
345 24.515220 33.959536
346 94.621477 11.687123
347 75.403059 0.301746
348 46.930707 99.427812
349 28.219953 20.845654
350 84.851905 6.762235
351 32.709151 22.709534
352 26.107988 16.157127
353 33.597126 69.789874
354 85.760153 2.348303
355 56.383094 87.348515
356 67.966604 76.114709
357 55.661839 17.706781
358 30.686098 83.369085
359 41.798644 87.886182
360 57.498882 45.158437
361 22.587689 0.716736
362 88.761105 83.002112
363 61.791650 22.235447
364 56.883447 72.623339
365 89.825861 42.144834
366 65.652695 25.018237
367 85.346452 57.711441
368 44.646613 66.074974
369 47.986238 56.429387
370 16.643505 34.001618
371 49.387335 86.938008
372 76.343745 97.831246
373 97.558806 41.122811
374 9.648720 63.490370
375 84.642864 87.244904
376 19.482717 19.987174
377 78.346932 57.422759
378 10.429225 64.610550
379 41.174543 33.208031
380 62.248772 48.230495
381 84.729125 43.945869
382 77.897528 64.048062
383 38.339750 0.259877
384 38.879601 8.017733
385 66.254540 77.746117
386 26.471159 30.959954
387 71.104866 88.652906
388 84.824251 74.736156
389 93.722884 37.122290
390 88.089866 92.257314
391 84.220437 34.156302
392 62.604373 87.984768
393 80.739543 37.946568
394 98.008610 2.816559
395 36.629145 58.253637
396 95.826851 14.708743
397 80.328185 22.098607
398 75.540250 82.321782
399 31.283704 39.286051
400 37.520575 18.082253
401 1.004216 82.277400
402 45.456291 21.826669
403 43.911785 48.473307
404 73.019493 16.497789
405 41.527036 2.008106
406 14.562408 2.227152
407 79.073943 48.056580
408 47.441257 42.865656
409 12.964527 59.896839
410 79.448522 14.626451
411 44.640839 50.643761
412 98.392539 31.577554
413 99.814421 48.653990
414 15.379855 78.155568
415 18.703775 52.426399
416 51.035389 95.100491
417 1.039121 65.851345
418 7.188990 53.331469
419 10.518087 36.994372
420 96.180825 32.335591
421 71.445446 25.884797
422 8.630326 25.367072
423 68.646890 71.949056
424 44.203609 52.080356
425 7.078702 89.219918
426 78.768957 76.565621
427 78.210898 85.828772
428 37.575812 99.653819
429 84.634293 48.299920
430 92.041410 26.648843
431 50.168002 74.170056
432 24.982931 48.138545
433 54.323307 18.102174
434 43.265210 63.040682
435 15.332705 76.695471
436 69.032996 3.540657
437 47.529671 8.452387
438 37.395114 97.821158
439 88.947108 32.722485
440 23.879560 90.776198
441 19.009696 14.578146
442 73.938663 6.557037
443 38.247484 4.691850
444 31.005156 99.638699
445 56.764650 30.792533
446 28.880949 11.497292
447 73.762468 54.191951
448 38.575565 54.277328
449 21.081181 2.509929
450 71.125462 57.436916
451 6.659403 8.129990
452 69.064271 30.043068
453 11.346242 4.278933
454 12.876643 65.764681
455 77.129928 83.025577
456 85.714004 30.500382
457 56.890589 56.909709
458 74.656826 48.247556
459 58.382639 50.807111
460 64.238953 74.606418
461 51.913456 10.433149
462 43.559827 80.932128
463 63.256868 60.765060
464 67.880937 83.581763
465 2.179425 73.426352
466 77.522702 48.235382
467 44.151658 64.227580
468 75.186459 82.835538
469 40.476348 55.095887
470 1.103968 54.130914
471 25.252301 98.309982
472 73.919170 39.663868
473 85.522440 51.798429
474 46.830038 18.723458
475 43.336351 94.314215
476 69.072304 11.266998
477 35.339734 2.621287
478 5.710635 32.920528
479 31.579669 48.567775
480 77.153616 68.899601
481 4.480442 8.463571
482 79.899971 11.466016
483 70.613348 96.224675
484 6.913606 98.795805
485 12.782347 44.559684
486 24.065212 15.094281
487 77.571398 39.965144
488 32.718195 29.809729
489 3.132330 15.064406
490 78.497778 98.244652
491 69.463798 72.774315
492 53.567212 14.304530
493 15.070614 97.894245
494 37.987644 23.267091
495 94.928378 92.595118
496 96.005955 40.570594
497 48.496345 26.110645
498 87.662192 55.559715
499 72.202230 10.063599
500 67.579866 23.867361
LOCATIONS
1 69.521082 97.160544
2 75.052428 14.211023
3 18.328413 21.294650
4 99.035175 76.417594
5 35.945183 66.655255
6 46.709024 22.673776
7 29.475685 97.523445
8 25.094490 83.041211
9 30.800451 75.943002
10 3.704707 54.876891
11 34.438711 16.181069
12 79.594349 58.832668
13 35.832908 54.985178
14 8.614874 53.707837
15 61.381547 13.478844
16 43.516373 0.520959
17 50.194880 56.094385
18 95.808022 71.418352
19 41.817178 64.489706
20 96.608544 21.024314
21 34.045632 84.227215
22 92.559653 36.205051
23 67.370366 94.531451
24 32.091645 38.139586
25 8.258988 18.308774
26 4.621974 27.779997
27 64.740175 35.119480
28 74.302026 9.977333
29 58.613752 16.787235
30 26.086120 13.709112
31 38.278546 82.210218
32 20.425259 31.747631
33 99.501221 63.571096
34 57.819860 24.559654
35 13.375251 74.304885
36 74.558381 42.917276
37 58.187629 7.488520
38 17.019103 33.905026
39 9.714715 84.803217
40 43.451636 44.656245
41 88.153988 90.558692
42 51.749241 46.046512
43 5.644875 2.347240
44 26.593819 84.032469
45 77.727805 95.468429
46 13.988518 47.353922
47 17.127570 49.188894
48 11.895719 67.476752
49 39.632297 30.092367
50 14.510336 13.693496
51 8.316360 87.877811
52 1.123662 11.498983
53 6.788061 20.560072
54 42.882175 42.359108
55 84.980759 2.745279
56 11.284192 82.133920
57 6.113802 90.775855
58 74.757244 88.103881
59 55.533121 19.089107
60 45.558681 60.134912
61 12.321869 14.425653
62 64.997917 40.799227
63 80.315615 94.615823
64 24.181565 70.826682
65 66.762568 85.803739
66 33.071198 88.394930
67 97.459098 80.684965
68 94.103955 82.138607
69 45.151265 11.530109
70 97.812065 11.242817
71 20.541446 26.208315
72 32.029966 8.744179
73 41.135363 81.531148
74 56.101563 86.221457
75 64.351038 46.465166
76 77.790748 94.179381
77 13.556298 9.233950
78 1.611035 90.515577
79 3.356431 53.547676
80 73.657767 69.538285
81 31.372366 25.980854
82 52.101110 75.081722
83 16.929571 98.247223
84 34.663699 48.006935
85 86.346206 83.215580
86 62.759237 41.113695
87 10.575202 44.450263
88 86.975088 31.047496
89 14.300113 9.233100
90 85.217759 43.007306
91 69.302251 10.935262
92 64.346832 65.853452
93 97.518942 69.379434
94 90.036468 5.765747
95 34.511111 33.561766
96 59.953179 36.400671
97 60.057472 22.821251
98 70.055963 21.154643
99 31.279563 97.058458
100 34.946204 5.058392
101 23.394736 40.086544
102 34.568655 50.709236
103 24.405424 0.804959
104 21.368589 93.932784
105 31.354280 58.092190
106 27.079317 15.337581
107 15.679297 12.352233
108 33.388383 62.282989
109 56.530157 19.732927
110 37.778856 67.082546
111 93.821628 1.731233
112 17.369738 6.251389
113 86.874629 51.812417
114 46.320770 26.842268
115 4.680078 64.474130
116 75.851550 63.245109
117 20.093883 32.011624
118 17.439591 37.643268
119 61.836608 55.297892
120 17.117090 93.090302
121 93.407047 2.189506
122 53.727224 83.111511
123 10.471712 14.945317
124 3.971383 87.433337
125 48.329293 21.315927
126 31.686846 7.382151
127 48.957086 93.809176
128 58.437473 3.444316
129 0.472482 29.197620
130 27.954100 60.724663
131 86.486635 29.975260
132 8.774607 86.782330
133 87.638938 55.408091
134 74.063152 59.073880
135 62.128356 48.967790
136 7.061281 83.406862
137 75.429972 60.264295
138 28.729679 87.275417
139 51.507316 84.541392
140 53.336314 70.534521
141 84.255671 79.683545
142 74.162094 36.750534
143 28.474123 48.169669
144 36.383435 42.208533
145 2.039913 65.346832
146 76.908125 73.850116
147 33.958445 22.748414
148 72.358578 14.990032
149 37.171159 35.223280
150 64.665008 71.517366
151 38.201724 14.024463
152 66.768978 28.479607
153 16.498311 68.692924
154 12.785884 0.773911
155 44.060118 47.703831
156 34.045176 33.346808
157 54.276299 79.337512
158 99.815042 3.579811
159 66.970073 8.786244
160 50.969247 46.295393
161 93.869546 54.083883
162 61.080842 89.968276
163 1.042543 74.945911
164 44.664482 61.079835
165 54.734930 39.902629
166 32.058100 25.898504
167 96.392416 2.205205
168 56.901839 79.894371
169 51.941717 33.526154
170 99.596628 30.842873
171 46.961824 41.182434
172 56.122233 43.951813
173 51.832499 15.079943
174 43.481820 51.149088
175 88.815070 76.533934
176 64.194256 44.905936
177 27.013821 81.144396
178 54.703223 40.261892
179 64.647535 83.129947
180 21.173589 36.636289
181 57.991078 78.584899
182 32.532768 98.319441
183 23.933605 41.226765
184 34.337939 46.050372
185 34.657601 46.512536
186 88.901486 85.260348
187 34.542997 9.766436
188 36.592980 85.014802
189 79.019092 78.658331
190 22.496882 93.439355
191 36.423656 11.301496
192 97.973671 84.940721
193 93.988109 27.016947
194 52.334035 53.167469
195 53.446799 30.140493
196 45.337827 53.663240
197 73.542652 89.178524
198 41.184101 51.437387
199 96.228896 68.297865
200 69.294595 32.502058
201 42.919525 7.478552
202 11.691858 40.216940
203 7.102034 7.197464
204 66.376238 6.400419
205 28.968683 26.817079
206 25.795318 20.985672
207 84.361413 34.942155
208 94.351836 16.782769
209 3.147739 3.903204
210 36.428568 86.255059
211 83.952243 8.898655
212 50.275828 14.147626
213 64.619731 88.273150
214 69.374708 38.202270
215 62.053882 77.774460
216 17.328802 46.229346
217 70.273820 62.037720
218 27.467729 55.222486
219 25.840241 45.853414
220 85.958941 29.673529
221 35.200193 26.116532
222 4.900776 2.800390
223 28.035141 67.912350
224 79.086774 15.745591
225 1.199979 61.541377
226 86.856851 20.022832
227 36.907044 20.937224
228 65.766493 99.641381
229 97.428964 52.946616
230 80.898388 64.487162
231 99.289183 61.217534
232 23.937894 85.583075
233 96.648020 89.762621
234 44.422041 88.369681
235 31.195864 74.006217
236 92.421556 62.452823
237 72.480621 34.275410
238 97.449912 87.845437
239 10.960377 83.462208
240 28.766174 81.789132
241 76.741763 59.251848
242 12.847864 7.755874
243 77.196166 37.642418
244 71.529452 34.581941
245 90.375803 20.412599
246 20.998147 69.740016
247 6.702161 18.080081
248 83.144322 32.296855
249 96.247477 99.289099
250 9.831529 1.230138
251 61.729113 78.315090
252 39.125724 27.505407
253 58.548627 20.411415
254 80.374255 78.802013
255 83.448192 32.634092
256 63.360848 75.812849
257 67.276104 89.927034
258 21.473231 34.959796
259 91.391626 35.664488
260 60.889298 91.664955
261 77.068271 23.311858
262 50.914061 76.993204
263 41.770477 88.415463
264 17.399059 36.816176
265 44.108002 82.441003
266 5.698066 38.575281
267 31.184195 23.009017
268 53.978669 11.029457
269 26.972425 92.056992
270 41.446307 29.533433
271 78.046812 0.001219
272 26.330594 43.651173
273 80.145283 80.709652
274 55.496503 42.254601
275 83.164266 58.084796
276 81.344282 80.452525
277 6.881836 75.075737
278 44.073105 85.906649
279 18.528782 13.269224
280 78.686776 92.985587
281 73.284874 84.298320
282 56.028056 69.034199
283 55.936483 73.021455
284 25.565293 97.590613
285 64.283763 58.400591
286 77.955307 15.548250
287 72.108572 72.726588
288 45.003940 18.330211
289 32.474218 69.562075
290 80.770628 35.824250
291 88.459964 94.517939
292 53.940155 69.523093
293 73.994416 96.820763
294 72.953554 42.915630
295 93.151159 86.078144
296 52.033794 64.214426
297 84.451027 83.817756
298 83.090910 29.334165
299 59.400939 27.433161
300 35.695045 34.262011
301 67.311875 5.340341
302 41.161515 65.297361
303 25.514491 64.955953
304 70.003652 9.012818
305 86.856466 0.188466
306 57.649338 83.854811
307 73.690789 45.362172
308 29.992879 60.751880
309 43.570928 20.319820
310 79.019305 21.103765
311 89.948276 71.541404
312 88.958299 97.783804
313 48.800746 23.629032
314 24.839423 36.135554
315 79.943743 22.292353
316 97.270898 40.387615
317 24.268668 26.534487
318 17.832233 29.559944
319 79.020108 71.792918
320 98.461342 9.395431
321 97.154707 75.071133
322 10.775771 59.476823
323 74.093056 44.672273
324 50.685000 25.350340
325 65.044764 4.445838
326 87.119756 60.536053
327 34.996198 41.334485
328 55.654712 20.419213
329 83.244891 69.428802
330 51.424513 39.495505
331 13.027248 58.654294
332 50.958426 73.091147
333 71.702678 6.460687
334 27.066985 59.433113
335 20.368507 42.600479
336 52.828499 27.445429
337 70.500382 19.686811
338 78.727473 25.539281
339 31.379854 16.960974
340 15.136791 89.219339
341 18.098561 44.406320
342 17.743825 23.142112
343 42.945702 7.262450
344 91.506617 34.696001
345 89.380838 68.793054
346 19.707270 32.457208
347 10.571158 0.310943
348 80.120312 18.014043
349 58.025820 83.231519
350 34.919026 21.937062
351 60.563978 31.582971
352 72.135961 43.997703
353 58.005116 54.267239
354 28.668090 0.865211
355 84.341119 57.137606
356 37.316965 64.256587
357 63.054125 98.718148
358 46.631118 76.726562
359 45.878365 29.247554
360 55.477393 79.898772
361 34.969538 32.052024
362 48.547019 46.146877
363 17.234990 71.986173
364 73.512122 10.859441
365 10.020757 99.179900
366 46.724694 92.807846
367 88.641320 94.807106
368 57.133426 53.202713
369 60.166271 90.806698
370 47.888398 30.837493
371 26.078633 33.546769
372 25.253418 43.045067
373 61.610502 5.614268
374 12.939667 49.251848
375 34.419249 99.267058
376 82.341706 87.963059
377 85.402246 41.116404
378 16.116167 39.393846
379 43.969109 49.042758
380 56.314856 51.122533
381 91.086260 89.319225
382 4.536839 98.998676
383 52.375895 55.067718
384 71.830405 9.740392
385 79.431871 64.664581
386 99.878064 17.173649
387 87.642217 70.617442
388 91.186916 30.179137
389 18.225341 37.965788
390 65.112328 3.274509
391 20.973707 81.400583
392 81.790525 82.801434
393 23.008681 72.408837
394 61.970413 8.185028
395 40.118799 65.676146
396 23.182411 67.557734
397 65.331021 39.649359
398 87.589246 52.815838
399 42.240763 65.935488
400 5.118375 4.253864
401 11.683488 31.486302
402 27.609527 97.474685
403 67.924128 93.647510
404 81.296283 43.107979
405 36.314873 90.822067
406 12.420506 3.062536
407 91.606795 38.946210
408 6.414813 90.499562
409 75.662898 85.819074
410 24.708580 19.747756
411 46.787257 67.923705
412 82.037466 88.962357
413 81.133214 31.062133
414 47.171794 71.990271
415 70.113761 43.069221
416 2.183647 46.668458
417 60.189548 22.134951
418 68.593577 78.071535
419 51.690928 92.532832
420 41.642013 67.578290
421 73.926431 28.787631
422 70.282498 34.147791
423 81.187219 22.850664
424 20.965800 76.957842
425 91.147219 47.398614
426 0.783744 25.221739
427 4.838805 13.544600
428 60.426236 57.373937
429 36.515835 31.561686
430 48.157890 10.011103
431 32.000350 29.619127
432 1.619394 33.563167
433 14.603713 87.426481
434 17.398630 74.106835
435 55.088675 29.384859
436 81.426179 49.398980
437 54.101555 62.649122
438 43.406249 43.479395
439 11.614908 52.584283
440 1.139640 37.106567
441 42.520987 64.564340
442 77.690018 67.873730
443 93.562921 7.347872
444 57.555198 6.898145
445 43.441851 1.716954
446 1.225816 46.256452
447 2.712862 87.253633
448 78.324838 65.451743
449 81.077083 22.916556
450 62.507450 31.815218
451 94.009853 90.831413
452 31.828052 75.874854
453 18.527780 64.350697
454 2.687161 12.286227
455 1.396848 70.262340
456 40.931432 9.693649
457 54.429423 77.923159
458 39.493684 19.807234
459 89.035738 15.443742
460 77.311644 46.414945
461 16.347339 21.073511
462 86.727388 34.446724
463 86.851554 43.053390
464 47.514670 31.566047
465 44.841027 15.711937
466 84.997919 2.259950
467 66.388093 85.118474
468 19.719756 18.357268
469 34.519824 55.166250
470 16.770675 87.033632
471 89.120794 23.919131
472 19.072992 0.706128
473 28.855048 95.385831
474 45.674732 63.714782
475 0.423704 68.104132
476 67.724106 42.218168
477 66.340100 24.359737
478 2.566884 96.457653
479 51.549669 38.603953
480 89.407224 11.558857
481 71.666559 18.327166
482 97.940707 89.076834
483 88.319936 79.371811
484 68.670304 58.506236
485 57.860522 64.488056
486 42.558044 32.514747
487 35.480957 89.971684
488 59.883831 90.046567
489 75.698930 84.451235
490 55.619044 12.255256
491 86.791898 21.214180
492 50.234898 54.228495
493 81.721127 63.431494
494 75.255273 90.996673
495 48.243439 33.163317
496 86.472204 83.375950
497 26.451299 18.422681
498 15.231678 49.990101
499 16.788613 95.266164
500 38.006931 12.770425
