400 400 5 COORD_PMED seed=20260723 source=pmed16
CUSTOMERS
1 62.134972 35.648113
2 64.430807 54.257519
3 5.493158 6.858611
4 37.665517 51.123731
5 1.539062 96.588103
6 70.442676 81.913008
7 27.855172 64.760226
8 35.655715 96.128812
9 17.326009 25.015890
10 24.301469 56.279757
11 98.858669 52.083929
12 35.534184 7.839086
13 32.225915 33.290955
14 30.299325 3.649438
15 14.723314 27.726089
16 92.159422 97.282776
17 65.595812 16.354217
18 93.755101 53.226924
19 7.164728 7.440596
20 48.294738 30.376576
21 5.101256 37.397730
22 12.497760 93.091917
23 32.871702 56.758458
24 38.593996 42.218443
25 75.125510 67.384820
26 96.988543 70.886567
27 29.324021 99.159192
28 67.954934 16.586552
29 12.499825 61.189365
30 83.207149 47.463082
31 28.247265 71.819145
32 93.215942 50.484163
33 4.008265 30.583310
34 45.583005 13.333132
35 62.757495 64.453089
36 3.853528 59.607106
37 35.798998 39.551300
38 78.037131 69.463321
39 99.397564 90.264263
40 33.378870 44.029314
41 98.923235 6.483201
42 22.384826 38.527890
43 9.041122 56.987386
44 8.787944 45.145205
45 28.496845 73.905091
46 18.743142 11.696808
47 77.578957 49.330540
48 1.847573 19.012404
49 93.615299 97.604350
50 28.573757 99.573953
51 98.673081 2.849845
52 54.875328 28.396916
53 79.727022 51.780041
54 16.076912 91.399531
55 95.979199 52.237152
56 15.742933 13.784474
57 43.415669 82.724547
58 29.558453 49.871272
59 56.949097 70.587349
60 90.555366 78.435042
61 60.981022 43.775133
62 42.341804 0.178655
63 39.431170 51.652104
64 54.734416 68.586605
65 88.095762 65.789317
66 54.202763 38.110733
67 84.365250 30.261365
68 83.258182 95.535970
69 73.830337 25.440021
70 33.192784 81.138998
71 30.051457 18.202867
72 29.503898 40.850772
73 37.726701 82.430312
74 4.439117 88.811794
75 9.374672 84.099106
76 12.380946 0.016830
77 93.136104 58.932661
78 42.921085 27.502659
79 93.578447 7.766586
80 43.052482 60.055286
81 53.467530 84.720159
82 50.512738 69.831575
83 88.778241 9.625617
84 18.868154 70.812606
85 73.514612 19.546524
86 21.567660 68.342338
87 19.427392 28.061116
88 51.768953 94.973652
89 60.767928 82.725730
90 62.774922 63.095520
91 24.254749 52.080786
92 19.104828 95.380440
93 72.229983 98.466287
94 68.364589 86.376732
95 8.519027 56.922518
96 77.090836 62.301178
97 86.651354 83.022021
98 8.478425 3.548404
99 3.984400 60.611189
100 10.594524 83.277894
101 27.252648 65.912512
102 71.427661 99.369856
103 3.322622 60.769424
104 3.987980 95.932338
105 57.357033 97.217319
106 77.795263 77.445633
107 66.535064 61.624216
108 93.430891 5.325647
109 39.651804 47.855788
110 51.162015 28.696267
111 19.372843 36.333578
112 42.577704 78.832859
113 0.054843 7.945620
114 51.370264 64.481810
115 27.762284 42.771641
116 46.395588 44.545670
117 86.770879 58.572015
118 31.097863 52.177890
119 87.905403 54.710230
120 26.706632 17.900115
121 17.691547 1.640660
122 35.457170 67.141802
123 80.355520 23.566532
124 45.125008 56.849780
125 74.379917 33.223069
126 33.901018 53.538464
127 95.371110 32.075058
128 56.206854 40.535342
129 81.939112 37.491655
130 58.727436 39.231257
131 30.078274 66.569240
132 66.613621 71.490391
133 91.078675 30.996364
134 35.168670 55.288115
135 79.699266 42.468748
136 44.294558 70.533472
137 57.712368 19.216556
138 1.881519 72.108634
139 22.439653 46.869969
140 29.997000 7.850019
141 55.131658 77.206856
142 65.409629 77.994086
143 61.323109 90.325924
144 3.198908 66.032522
145 82.195564 67.767570
146 23.062646 15.071278
147 53.607110 64.113134
148 23.159333 36.392664
149 52.316522 61.937606
150 48.521420 16.187171
151 2.369605 4.972912
152 17.225078 56.508419
153 8.861532 0.436058
154 81.148569 55.141229
155 21.183595 41.735459
156 31.569039 43.531394
157 15.715349 71.233434
158 49.085851 64.566431
159 11.171113 34.199529
160 44.698892 40.021002
161 86.096962 36.435635
162 55.779280 21.536614
163 41.109064 12.175601
164 69.547599 21.321724
165 64.597826 62.908070
166 48.576034 75.551224
167 72.243102 0.279444
168 67.322135 46.501974
169 6.591308 16.706534
170 33.268264 89.807082
171 35.589699 15.571920
172 23.501561 14.533127
173 22.142315 58.111745
174 66.381249 85.824731
175 9.132864 6.262252
176 9.709696 18.906119
177 74.743233 39.629956
178 17.337447 82.533890
179 26.360654 81.600117
180 66.405760 68.624786
181 3.843917 5.181625
182 12.594257 89.603984
183 11.565667 78.908277
184 55.149309 76.482876
185 5.447301 46.825250
186 6.301892 75.007361
187 28.265733 18.238168
188 88.051752 15.061129
189 66.257504 20.884026
190 9.323533 7.938785
191 29.316577 60.387836
192 93.435216 23.790918
193 22.524077 1.786948
194 58.407938 50.918216
195 63.630464 78.961392
196 89.866345 94.006103
197 46.428813 7.753374
198 66.564740 93.605560
199 27.784765 19.007885
200 59.459485 95.366827
201 86.753732 0.924218
202 44.959977 40.372936
203 11.176430 28.904924
204 39.624928 81.599855
205 77.674884 61.006010
206 2.047065 15.138819
207 7.422375 27.321389
208 12.197748 91.590922
209 72.643703 95.122315
210 56.431520 5.369207
211 85.498703 57.189533
212 41.090873 95.945340
213 47.062279 87.870597
214 55.169507 13.743358
215 99.050728 22.972692
216 76.415805 75.481784
217 68.678497 55.675823
218 44.914998 2.491532
219 20.612803 60.004327
220 22.027081 96.176121
221 84.070068 58.401764
222 20.094302 10.970773
223 82.260001 14.693019
224 34.534202 62.136438
225 65.919889 51.288350
226 33.396857 6.588672
227 21.934701 79.229754
228 42.830770 46.522269
229 2.683307 93.879506
230 69.888813 60.997873
231 47.938902 20.706072
232 83.609999 13.834851
233 84.841317 32.162496
234 18.920280 9.148993
235 58.653466 91.731382
236 44.413748 53.195001
237 73.188597 74.933758
238 24.416930 19.319892
239 65.142815 90.698451
240 93.430974 84.800474
241 98.355966 99.220467
242 22.866963 60.305806
243 45.447513 57.169450
244 60.739005 13.154582
245 24.105990 9.435964
246 18.427076 20.811877
247 50.494658 75.594104
248 39.024356 55.457219
249 90.561989 34.048358
250 14.716835 12.215322
251 98.148771 14.199834
252 36.453050 26.187885
253 3.348792 44.179927
254 83.793562 50.878096
255 27.107418 68.958977
256 0.944874 41.162471
257 45.321999 97.871096
258 55.974751 11.561253
259 37.440715 62.366862
260 26.031646 99.703386
261 30.915740 92.130653
262 10.625639 60.935395
263 45.018197 81.476111
264 97.117596 22.443559
265 48.707003 23.687384
266 48.344733 34.075608
267 45.060326 35.505238
268 34.902382 20.550415
269 88.768589 2.233976
270 49.570565 16.512361
271 36.055991 31.142818
272 97.549047 97.314023
273 98.334690 36.613883
274 88.381017 21.521925
275 53.985855 10.439048
276 60.833754 52.150029
277 41.487934 6.694982
278 63.440116 68.170029
279 60.730904 58.830934
280 71.687266 51.260688
281 33.501890 22.603641
282 59.919209 56.370330
283 63.227490 89.865435
284 96.668874 0.666975
285 71.974614 65.853207
286 11.175155 41.507331
287 65.339200 63.112933
288 55.214784 11.580189
289 51.667257 52.855679
290 59.173521 12.338196
291 32.386989 70.423490
292 35.567706 47.375978
293 88.403243 80.771337
294 4.193587 26.626649
295 59.949565 26.060270
296 77.667246 53.531906
297 90.843565 41.588049
298 70.717368 50.066306
299 98.213336 50.323648
300 83.817429 71.261077
301 4.329235 30.560175
302 47.310570 99.402112
303 37.313837 1.651293
304 84.342681 86.328669
305 47.090120 57.145783
306 64.694119 38.215962
307 47.958610 92.838324
308 78.311728 86.671944
309 89.608400 62.928282
310 23.492223 41.906926
311 51.424627 72.507479
312 47.920050 65.490137
313 79.468051 73.839994
314 57.233996 12.599889
315 46.943754 92.477517
316 48.066746 77.463982
317 76.507930 18.001353
318 48.775226 25.868554
319 9.057296 96.415700
320 29.561422 95.779171
321 66.263801 21.322199
322 21.971909 93.559717
323 7.492192 70.049081
324 76.913065 84.357999
325 45.677559 22.211433
326 42.196927 3.637235
327 27.196526 59.877180
328 33.670920 43.937280
329 26.709426 10.979311
330 40.278519 81.613883
331 69.523838 88.734140
332 69.499328 20.852331
333 69.894097 92.940508
334 41.747276 83.186452
335 7.543359 58.175454
336 73.202117 63.699559
337 88.587197 62.153170
338 21.726785 37.119332
339 49.773563 35.105899
340 0.603329 1.980347
341 8.357477 70.162673
342 25.053812 90.682529
343 55.649238 7.762914
344 31.211832 72.456171
345 5.943131 52.376479
346 40.369828 13.908835
347 88.633096 37.487463
348 4.379573 96.536631
349 64.482886 63.764688
350 41.779838 45.401786
351 79.754213 99.224196
352 31.751561 61.531681
353 48.681494 39.119391
354 90.456355 19.326214
355 66.708487 57.161306
356 6.092265 34.915321
357 49.013772 44.848890
358 4.521979 40.896265
359 13.835447 59.277024
360 72.317140 33.289619
361 35.029349 40.150910
362 28.614686 9.615433
363 24.792271 23.627249
364 15.316299 71.946617
365 25.242514 3.625247
366 48.117837 17.334368
367 81.073691 58.977888
368 54.089808 14.100152
369 46.206726 38.477564
370 77.639724 2.443994
371 67.667517 99.697963
372 7.130862 2.804195
373 42.960134 76.443419
374 39.703361 10.593142
375 75.940504 45.566129
376 64.976837 98.383052
377 74.297030 13.488475
378 6.379034 51.768280
379 2.668918 95.897397
380 57.823045 47.202213
381 50.562465 40.959250
382 14.692949 94.420017
383 39.701971 71.566935
384 82.581835 77.708259
385 78.211752 52.933851
386 7.076200 35.630487
387 68.505788 77.686783
388 41.846591 48.003373
389 51.717986 32.273974
390 62.248699 57.602030
391 90.197844 7.021456
392 14.380614 66.941912
393 50.273787 69.891987
394 68.536140 44.655899
395 0.931587 30.647313
396 78.760814 22.390415
397 18.214979 47.295661
398 85.244555 30.688988
399 26.778689 29.915922
400 40.109308 40.332247
LOCATIONS
1 25.193161 15.680990
2 72.585073 86.056218
3 70.281017 66.354836
4 98.739519 7.897621
5 68.124464 0.012787
6 49.332409 94.629607
7 66.895138 49.644633
8 42.178208 15.345447
9 16.710309 63.962692
10 77.817792 69.185090
11 50.645996 98.526835
12 10.973082 86.818745
13 56.409165 1.661872
14 19.948690 6.176907
15 97.734646 90.387708
16 44.423410 95.242214
17 12.796682 23.089010
18 97.122901 75.457425
19 99.698707 95.174216
20 79.888711 44.445004
21 41.099716 66.393485
22 30.230584 26.163297
23 99.870312 66.059547
24 60.846485 11.011364
25 37.845876 84.975557
26 7.168751 0.495589
27 10.204800 73.697559
28 74.611461 45.745126
29 91.691077 75.513768
30 56.948878 99.398118
31 72.209996 36.421638
32 91.341893 78.863052
33 93.578695 42.335298
34 62.047759 86.399871
35 58.158781 47.278257
36 52.187017 78.274295
37 81.330586 49.298986
38 59.828030 67.551230
39 83.167613 92.003887
40 78.597362 37.584519
41 0.732053 47.432658
42 34.041741 90.797746
43 65.891465 45.723731
44 61.866871 92.956911
45 48.238552 4.731942
46 15.550806 40.588492
47 57.380279 83.983892
48 62.649145 98.273438
49 64.586905 1.356651
50 30.563456 16.072680
51 42.828600 88.117233
52 54.459774 27.865314
53 73.957811 35.960411
54 9.629875 46.644290
55 95.619153 88.394759
56 55.493760 89.813058
57 39.459665 28.953920
58 46.416610 95.075898
59 67.217541 53.547006
60 63.704177 84.088660
61 28.498261 78.003660
62 47.818422 65.692442
63 76.547351 97.121932
64 61.430955 24.526672
65 21.331588 18.359119
66 62.633865 81.376083
67 23.742209 28.968467
68 82.280709 65.202515
69 67.470740 19.235723
70 66.482021 49.256710
71 23.795192 74.674240
72 51.931611 45.181824
73 45.067438 42.010286
74 85.767883 42.513774
75 70.852623 20.755451
76 27.379793 83.442080
77 84.433626 4.866807
78 25.390372 64.558842
79 94.660400 53.454525
80 6.839297 23.258924
81 78.696598 14.609176
82 77.148797 52.592743
83 25.089153 56.105824
84 97.621281 57.605108
85 39.454138 55.342108
86 81.593991 1.094584
87 29.754786 6.134653
88 50.319224 96.767327
89 42.845170 11.899627
90 86.604088 64.063612
91 8.802101 54.811570
92 36.783018 14.386081
93 38.226790 69.902105
94 43.213668 13.568613
95 54.765661 80.723096
96 82.942446 21.459826
97 65.346622 7.348251
98 46.681910 62.746538
99 85.165095 22.695247
100 13.162402 18.074633
101 85.753229 64.884775
102 76.737026 74.559534
103 90.406072 53.421622
104 52.641282 46.328572
105 42.302470 97.027265
106 71.447355 80.416111
107 15.242570 71.335051
108 72.299091 19.608535
109 36.318305 90.764694
110 62.636757 72.528715
111 77.768411 88.147362
112 63.126871 81.855614
113 24.847176 22.773233
114 81.832882 16.358478
115 54.311776 55.386559
116 82.305573 6.501362
117 31.554876 60.213907
118 76.478118 50.626403
119 39.553308 92.837040
120 51.494581 0.845613
121 37.013299 21.502108
122 98.580560 33.824165
123 13.415977 14.120191
124 66.873935 52.331099
125 67.237009 3.788220
126 77.800946 18.026119
127 37.355863 51.940726
128 4.292996 31.835730
129 4.961988 99.410881
130 69.030156 2.921454
131 95.074300 36.852925
132 86.348194 13.891109
133 34.133095 36.420706
134 20.901270 65.850189
135 99.716393 58.539354
136 42.985671 7.576690
137 51.381794 82.208858
138 94.198426 80.519608
139 56.723849 69.146822
140 7.018568 21.204659
141 60.963125 82.088102
142 26.605530 88.124796
143 78.790020 91.002272
144 53.959091 91.601373
145 48.140123 73.700146
146 90.891648 73.393952
147 14.371658 51.994289
148 44.262762 9.578905
149 87.808699 1.467238
150 3.687934 50.348152
151 69.616663 54.674621
152 89.250115 2.680039
153 19.091923 3.061659
154 70.057472 46.638279
155 31.963906 77.393090
156 57.117629 75.750723
157 38.189197 42.763733
158 78.529584 33.512138
159 94.775829 1.167237
160 60.830894 20.847214
161 71.930491 83.631916
162 13.548291 63.048974
163 2.404921 12.042508
164 30.928727 4.954618
165 91.247388 81.589385
166 53.472758 79.389074
167 19.306831 35.224168
168 40.877533 74.616584
169 99.437023 23.388594
170 93.822605 19.634277
171 64.123362 21.996042
172 0.922376 83.746020
173 98.549976 12.221495
174 76.768096 62.626264
175 92.011607 19.105395
176 24.151862 74.315964
177 13.107852 21.735179
178 25.322579 98.476052
179 71.963890 6.639746
180 17.368175 8.614618
181 10.610233 5.617514
182 15.560209 65.301000
183 25.030345 40.743192
184 20.840492 13.974068
185 80.585543 40.499154
186 32.507561 23.933363
187 16.869882 88.639562
188 12.193399 68.707789
189 38.477274 39.418885
190 78.309062 87.883443
191 68.647997 50.399133
192 31.469573 50.465948
193 7.844019 35.672532
194 59.961636 27.418287
195 60.558318 65.024234
196 32.787431 2.989578
197 30.901353 56.682944
198 12.237477 39.577615
199 82.334057 39.119607
200 18.292668 93.565160
201 18.947094 92.677821
202 5.281281 15.622433
203 43.676631 73.039185
204 42.871551 57.024515
205 14.866451 45.113786
206 89.499865 26.904243
207 31.531908 52.044567
208 11.931099 83.716860
209 26.921951 93.258184
210 33.600077 77.324325
211 75.943432 19.933718
212 24.228450 34.426369
213 68.586097 16.743199
214 29.589415 49.037109
215 36.592969 38.472740
216 82.054909 3.455910
217 98.558349 34.974514
218 94.506199 85.581923
219 96.697984 96.248905
220 63.882065 39.208440
221 44.092103 74.826960
222 41.842117 98.468784
223 12.132390 79.861935
224 5.605926 12.838212
225 64.832913 9.437327
226 65.025235 94.723084
227 79.484212 12.764094
228 24.774720 39.391523
229 22.746364 3.540703
230 0.501974 34.750596
231 19.502373 81.650907
232 11.762005 48.886622
233 4.330266 28.309223
234 33.629476 9.721814
235 14.394412 87.100817
236 41.266944 98.126160
237 69.133280 52.634163
238 20.201003 21.266474
239 39.796673 53.637743
240 41.285528 7.691334
241 90.477865 84.824215
242 24.824293 64.691951
243 50.184044 0.115780
244 30.712326 61.691734
245 18.658389 9.954203
246 18.759112 98.123904
247 77.798666 48.262294
248 10.131011 8.703933
249 2.274488 99.893683
250 17.856250 38.796029
251 85.856203 77.504697
252 61.333786 81.164950
253 49.175739 85.215527
254 38.026208 52.246561
255 40.153144 22.088634
256 81.853919 97.539358
257 74.795907 75.255244
258 40.834906 77.245407
259 20.399371 35.356021
260 81.458873 10.811960
261 9.517176 83.399307
262 12.394513 64.219202
263 34.110073 88.588958
264 67.234799 45.559889
265 32.948878 79.913665
266 63.818652 36.392306
267 38.366962 31.730673
268 0.551238 89.608806
269 47.577931 77.092181
270 5.571295 60.568723
271 67.968223 85.868851
272 79.927248 43.146963
273 16.338343 21.583383
274 32.696957 63.496972
275 33.113816 59.130553
276 66.803672 1.913312
277 76.182514 23.823664
278 47.743384 28.262798
279 25.416934 82.852395
280 15.680147 98.694252
281 93.450697 53.668713
282 37.889003 38.389633
283 44.710427 8.314875
284 13.692722 27.761497
285 57.501292 60.975153
286 50.118677 28.225337
287 14.184495 22.913911
288 48.679849 83.310906
289 15.522064 22.598037
290 6.700451 72.497481
291 62.976036 68.571827
292 95.061173 87.655577
293 42.365160 37.175730
294 38.658841 94.980612
295 33.702347 55.538561
296 61.618458 69.620381
297 54.451227 91.701411
298 53.262482 65.152200
299 21.552599 23.971600
300 43.450102 23.979155
301 8.645214 0.805027
302 14.158987 95.780631
303 77.902226 65.516891
304 97.053177 72.838583
305 50.133141 88.360557
306 72.114457 73.356176
307 9.989948 57.420416
308 28.462591 11.066553
309 37.510445 70.610614
310 78.037437 5.553802
311 40.357408 2.280037
312 3.691498 41.202537
313 52.572987 62.354105
314 94.658902 54.742055
315 86.466377 7.911858
316 19.671510 63.933987
317 44.501214 41.883230
318 91.743933 56.665065
319 71.916412 57.297653
320 98.435572 13.588092
321 67.415663 69.186252
322 36.714254 8.416375
323 18.067032 85.428338
324 55.090658 80.297899
325 65.662277 25.443459
326 66.817645 19.822540
327 43.620036 29.308693
328 64.943995 86.256713
329 47.258046 3.909927
330 65.100135 27.750621
331 47.850249 19.104068
332 49.429774 66.715911
333 92.441364 23.619851
334 95.931360 49.516139
335 5.883869 60.048329
336 33.644341 79.273310
337 59.337879 62.667579
338 12.743837 70.242459
339 22.845853 34.339317
340 12.553264 12.788132
341 66.393845 27.536881
342 6.742199 95.110845
343 75.737097 76.024467
344 29.528959 79.262999
345 35.011635 47.305130
346 45.194782 58.657706
347 47.630209 23.750996
348 97.622483 98.845849
349 89.290277 86.092230
350 85.710045 36.140327
351 1.379543 77.438708
352 68.861514 20.423982
353 13.963510 43.287730
354 60.445716 76.519708
355 68.918235 76.933588
356 45.221710 7.572312
357 31.984930 47.365161
358 71.505050 39.444425
359 34.236865 50.485154
360 41.471179 15.976297
361 90.071121 97.671512
362 34.532151 28.301688
363 25.194225 76.046540
364 33.915966 76.128123
365 26.131921 76.560170
366 97.549377 51.877766
367 99.989876 48.439149
368 30.050342 62.589124
369 61.343965 7.496027
370 14.060522 21.023429
371 52.800255 39.518526
372 60.907069 37.589271
373 10.410884 53.369844
374 0.999773 99.986067
375 30.684755 85.383523
376 57.789365 95.034336
377 16.463415 92.290918
378 79.378040 12.612562
379 1.427294 93.206285
380 28.076238 61.714814
381 46.590069 93.073358
382 49.129276 66.112614
383 91.791542 72.277366
384 2.317729 34.588683
385 17.259342 24.113228
386 42.691352 93.823608
387 89.869111 62.681342
388 49.748098 24.928940
389 46.512359 46.527098
390 41.570640 7.945539
391 61.898436 32.776058
392 42.494474 29.799406
393 32.037497 76.261961
394 33.235421 69.838751
395 40.180360 78.161778
396 18.209203 69.935854
397 72.118824 54.485008
398 74.523045 78.027073
399 42.762049 95.178257
400 66.631984 67.792296
