500 500 10 COORD_PMED seed=20260729 source=pmed22
CUSTOMERS
1 84.338792 67.214049
2 38.081537 82.651989
3 28.714356 23.958888
4 18.601790 28.119638
5 51.646895 82.560965
6 45.728574 57.265261
7 71.935180 34.403561
8 69.122694 67.855170
9 76.170500 9.610004
10 62.200260 94.889788
11 47.844414 79.624852
12 52.426113 80.681308
13 84.490226 43.037873
14 24.816288 57.090390
15 88.353043 98.331205
16 88.668599 54.870998
17 48.981898 85.462831
18 86.142529 11.620006
19 47.614212 3.597298
20 88.236700 87.405236
21 16.676325 46.409973
22 27.138886 16.729034
23 65.025393 54.336662
24 36.212405 79.747041
25 39.268889 60.455072
26 92.949605 68.559131
27 69.256327 59.095206
28 52.939487 55.008046
29 84.959509 78.105791
30 88.406030 31.067664
31 40.666539 74.366541
32 53.141968 16.278817
33 16.933339 97.337541
34 11.250865 50.436581
35 8.092195 55.042554
36 58.787954 47.791476
37 61.706335 26.246465
38 30.761176 65.082118
39 65.692660 52.114058
40 24.976015 5.768858
41 17.706547 51.873073
42 46.976583 26.778201
43 84.483225 35.943237
44 41.188754 40.901071
45 3.959980 4.442832
46 47.437082 42.192974
47 53.688081 24.467598
48 32.773155 75.754819
49 25.489452 52.755431
50 44.396626 97.371680
51 72.693803 77.104186
52 52.035922 88.598319
53 13.429968 11.458662
54 19.684730 13.738470
55 64.001695 72.630158
56 55.012981 24.388067
57 11.380489 87.197366
58 96.452186 93.632497
59 24.672801 21.531352
60 30.055788 65.376621
61 38.457246 54.976321
62 47.224108 44.046039
63 95.367723 41.757488
64 33.806152 40.010671
65 8.954067 35.005859
66 76.152561 47.053327
67 63.017799 82.478760
68 61.750756 68.498062
69 32.399301 63.285653
70 17.323562 38.598373
71 55.479723 4.096219
72 94.498353 79.692211
73 64.882053 84.690872
74 28.583928 43.645849
75 59.042915 93.254114
76 56.210772 85.318318
77 7.175359 77.160284
78 92.913010 92.310528
79 86.727231 85.292863
80 65.150844 29.404892
81 14.370845 44.603929
82 97.457192 84.097795
83 5.156893 1.307320
84 72.707344 10.454003
85 93.242605 76.637733
86 66.465120 15.323208
87 40.216380 30.314582
88 63.140543 9.039172
89 57.113339 73.240420
90 54.415862 63.845705
91 29.500026 47.495974
92 7.484453 16.486207
93 89.131581 57.792970
94 98.043941 92.219949
95 12.523711 52.258153
96 6.338438 40.495082
97 28.144648 67.752982
98 66.012752 73.036813
99 68.774100 10.090903
100 24.767246 26.419162
101 34.284224 93.575797
102 2.062158 58.578218
103 21.810667 59.019533
104 13.956195 97.741056
105 24.135625 23.238719
106 10.537798 93.353422
107 4.480181 32.823163
108 9.818341 3.213211
109 82.175967 47.622175
110 39.812211 25.634843
111 57.062164 12.314505
112 59.972821 73.822080
113 25.174622 56.752104
114 24.916823 93.871632
115 11.204225 88.761823
116 26.873400 86.619104
117 98.278416 11.580765
118 86.938294 89.951937
119 94.384239 98.043933
120 1.110372 57.627504
121 85.461656 33.069345
122 60.141166 41.488341
123 24.590936 4.593235
124 91.878672 45.532925
125 79.078944 15.299167
126 55.982781 76.384718
127 47.982308 57.047991
128 44.937556 15.023798
129 40.516812 33.297896
130 82.692727 34.921909
131 17.512702 89.497947
132 66.448720 37.898625
133 65.437780 68.522286
134 5.792367 25.656499
135 7.502626 26.301791
136 72.690848 85.554623
137 94.058955 18.577388
138 92.086819 7.599671
139 63.745802 13.011562
140 15.094924 42.108077
141 98.015192 23.058252
142 3.814666 19.066022
143 3.944240 49.177428
144 20.954256 10.773279
145 39.132000 80.853949
146 40.026354 25.033102
147 37.195888 82.877610
148 53.779303 22.785978
149 20.628880 77.555137
150 98.685760 59.544976
151 45.562254 69.360545
152 44.832358 77.008824
153 21.464613 70.892675
154 25.948683 74.931244
155 12.351202 41.262912
156 12.761687 4.317572
157 86.686306 41.157233
158 29.491308 35.561327
159 74.681958 56.938246
160 60.002476 30.204747
161 92.222971 58.560116
162 40.814981 30.085016
163 81.735495 66.304214
164 79.519509 92.230554
165 89.520986 12.476185
166 34.800420 74.311316
167 85.012326 46.471190
168 42.680255 67.164063
169 67.603304 93.933536
170 46.140795 96.392296
171 8.914411 37.547245
172 20.223459 5.010689
173 4.454034 91.282156
174 60.207384 92.549692
175 15.998737 52.049793
176 80.111855 77.890265
177 65.471737 10.272301
178 35.241237 22.482975
179 18.894521 92.051591
180 6.892944 74.561526
181 81.439555 47.246879
182 77.275491 80.562648
183 87.571937 53.949176
184 61.455636 44.315166
185 54.393874 57.729061
186 21.001916 85.024033
187 95.879912 7.394245
188 98.182445 45.719104
189 12.878457 46.003935
190 3.736844 31.749009
191 31.275447 96.276582
192 97.584248 59.050674
193 39.432224 19.803807
194 43.347693 67.722726
195 7.806077 61.436128
196 7.447869 13.118820
197 51.532614 68.630078
198 62.036685 39.570007
199 64.180025 48.383334
200 9.728363 2.172639
201 89.609150 98.829093
202 30.102898 54.263880
203 57.116179 40.235789
204 51.183083 77.077546
205 80.748661 24.992590
206 92.199030 2.616052
207 79.835818 61.017459
208 54.401774 89.811012
209 3.581445 95.680245
210 75.431911 33.233404
211 41.707882 93.064351
212 60.671427 54.641465
213 29.065845 79.779923
214 31.198995 87.352110
215 48.744176 2.483106
216 86.261234 39.442848
217 70.667678 85.742280
218 17.281880 31.494558
219 91.546006 22.785670
220 48.004054 12.249294
221 27.184902 49.476558
222 23.985942 32.096155
223 78.901278 45.644594
224 49.919085 39.404952
225 60.255766 46.364679
226 33.384599 38.851131
227 45.183783 42.536340
228 47.802802 97.684757
229 0.071595 10.352123
230 65.246510 19.862044
231 3.927216 3.254458
232 45.200070 2.837877
233 74.700540 5.589546
234 99.018782 15.958489
235 47.737153 12.232551
236 42.549110 83.925726
237 58.700706 90.053148
238 24.051432 82.668855
239 96.746012 76.463167
240 9.237838 38.463274
241 94.856538 42.435276
242 84.756241 0.892820
243 89.117028 50.183721
244 77.668013 30.368507
245 21.529069 17.722211
246 79.063363 36.336751
247 46.259531 26.836182
248 85.668114 1.478560
249 94.873259 8.408139
250 85.232409 13.054783
251 25.834621 89.893221
252 2.744684 9.873520
253 97.748987 25.408562
254 29.775626 77.195415
255 15.854034 4.301512
256 85.454188 55.217476
257 11.992095 15.860114
258 46.316944 79.502560
259 99.011694 53.978865
260 77.563006 94.224335
261 58.857413 29.548724
262 27.940021 65.280887
263 97.242982 42.920005
264 61.745411 57.690692
265 33.110142 97.403824
266 24.513361 57.017413
267 66.385367 4.434719
268 19.986585 99.938174
269 84.152843 46.814784
270 69.076294 63.433726
271 70.947856 65.731867
272 44.655498 73.801722
273 22.615854 19.232947
274 41.602746 61.001928
275 9.182077 34.656901
276 26.756654 30.948834
277 51.604156 17.521700
278 15.046113 72.071026
279 41.295202 0.206827
280 50.164898 39.806519
281 20.773059 65.771664
282 83.407350 85.047583
283 94.234219 91.876815
284 42.964049 79.965221
285 60.895078 19.088719
286 51.090962 31.670505
287 53.199559 7.908545
288 82.324577 34.245863
289 94.411292 16.224887
290 63.461533 38.179158
291 86.901483 13.666677
292 72.881106 5.447817
293 73.763064 18.018738
294 8.920215 16.408047
295 6.961961 78.335760
296 92.144517 58.124174
297 72.889830 52.352286
298 49.960541 26.689112
299 40.107654 67.174864
300 45.248202 26.485366
301 55.709546 12.535307
302 20.533492 50.046552
303 0.748442 79.936477
304 2.583835 86.947577
305 29.184388 63.955830
306 32.259458 24.852247
307 98.662895 40.674146
308 44.191024 57.764727
309 25.906601 49.023075
310 76.465132 95.283095
311 5.400021 16.185629
312 78.342937 10.669673
313 50.827291 16.051244
314 41.209684 5.305469
315 72.452593 6.775459
316 3.017503 6.425907
317 49.488641 99.512853
318 44.769643 3.242244
319 47.216100 64.899456
320 25.050384 37.316698
321 84.941034 24.140793
322 45.352341 10.154610
323 91.952705 93.279956
324 61.782728 13.767797
325 1.684681 44.757384
326 58.873232 3.838134
327 13.229283 56.521648
328 14.072651 34.852707
329 53.633520 30.644307
330 31.717086 47.073944
331 43.412031 63.212386
332 65.490046 72.412739
333 96.432352 1.455826
334 34.221271 57.535332
335 77.959192 27.954358
336 51.671143 16.799574
337 66.321516 9.088442
338 84.473253 7.228727
339 82.207664 75.954519
340 99.192468 44.455299
341 58.521995 10.966374
342 99.254643 4.898027
343 22.927699 71.583113
344 96.604797 56.321474
345 70.346712 11.888563
346 64.567875 7.097362
347 18.333104 31.448060
348 83.104421 57.678990
349 83.254526 46.120459
350 42.767293 34.365657
351 85.204515 4.395787
352 34.759605 50.084254
353 81.584966 49.046681
354 97.764957 78.337955
355 66.185668 57.648123
356 8.153841 79.192944
357 75.473579 58.465674
358 19.565072 58.081281
359 53.826644 49.759015
360 89.973789 39.653172
361 89.104585 51.919951
362 43.944292 11.672423
363 58.171187 51.771767
364 54.857780 75.955757
365 79.274375 99.090655
366 0.300618 67.538127
367 31.205284 32.230059
368 27.344984 56.706894
369 67.924170 81.049265
370 20.250103 94.946546
371 87.833416 73.929072
372 38.783956 80.443991
373 19.459102 22.417407
374 49.651277 20.194582
375 65.190769 71.010827
376 35.144544 15.717789
377 88.084354 36.808429
378 96.207574 44.949908
379 49.017650 58.032763
380 50.008781 2.596954
381 67.445389 30.425176
382 34.428681 48.093089
383 19.033149 61.564377
384 39.512764 11.681095
385 34.838055 13.232179
386 59.452498 91.703229
387 24.652256 14.151124
388 26.493580 71.155093
389 15.803316 56.503312
390 59.175753 42.881852
391 32.830377 28.831162
392 10.847726 54.611310
393 29.446374 47.614296
394 3.606421 74.549892
395 2.529703 57.225134
396 60.974690 5.494247
397 18.757691 16.077814
398 96.981125 67.039698
399 21.976113 62.676791
400 57.061496 91.343170
401 86.018593 78.740061
402 18.886070 56.618839
403 41.824355 36.627283
404 53.166851 33.294594
405 24.621601 56.201937
406 73.849446 51.889681
407 1.068848 5.960648
408 51.584578 3.371633
409 4.908142 3.000083
410 56.816215 92.205318
411 57.054660 62.480276
412 6.324293 74.216400
413 83.376110 35.059912
414 52.595019 65.516514
415 53.294063 20.857747
416 64.613551 20.738023
417 69.435656 1.060560
418 91.268009 19.831944
419 64.256482 77.332796
420 97.701133 2.644588
421 4.531121 57.446641
422 27.168798 92.649548
423 47.406859 98.583785
424 83.038226 39.371306
425 4.552834 55.077079
426 27.196144 62.684371
427 48.999004 99.460086
428 29.868818 90.832378
429 89.592479 59.446522
430 60.737335 35.059434
431 94.971014 89.346620
432 71.428761 44.535949
433 83.421480 46.698431
434 32.568608 9.169678
435 72.922687 48.185164
436 46.607865 43.224744
437 74.646961 76.836803
438 61.718963 96.161409
439 88.421070 93.155109
440 30.275334 40.495265
441 69.040078 20.421236
442 86.012604 20.952912
443 34.575001 20.663026
444 85.571377 20.173731
445 7.379249 39.225332
446 98.797474 18.133077
447 45.354497 70.577757
448 45.321902 36.456576
449 85.087904 19.608713
450 42.843944 97.011069
451 19.263053 83.256166
452 1.196448 59.497975
453 30.412596 88.118662
454 52.623510 18.560616
455 95.923850 5.965614
456 94.315508 39.001557
457 35.922032 81.773117
458 95.422243 49.220649
459 78.727860 24.404842
460 71.185497 33.697284
461 80.754158 91.684575
462 42.710061 52.138267
463 65.901879 77.430433
464 70.926111 74.178272
465 8.992045 33.301008
466 8.106222 12.687904
467 56.988194 26.671995
468 55.443462 7.898959
469 31.907792 64.840720
470 76.278953 96.151208
471 47.997559 6.276615
472 81.872317 56.150452
473 46.417230 61.958079
474 21.729525 99.817034
475 58.884869 68.943079
476 47.784745 28.723807
477 32.377283 92.992225
478 12.156030 85.883271
479 86.904266 60.521857
480 50.950556 13.388070
481 75.435545 75.825614
482 26.951587 53.716462
483 22.705668 66.881322
484 58.091479 97.772553
485 23.522923 83.271704
486 75.936683 64.950787
487 82.945734 5.464104
488 92.742958 36.197482
489 41.100880 93.246641
490 51.365616 74.350863
491 92.541157 11.017569
492 78.648092 38.201748
493 31.886678 87.335702
494 21.009491 99.356638
495 10.990518 61.049134
496 76.360589 31.631310
497 98.917114 76.364928
498 36.240098 78.513568
499 14.102819 47.470211
500 56.556180 75.284417
LOCATIONS
1 55.461409 1.065023
2 84.139140 27.107848
3 54.555503 88.484277
4 74.436767 19.579507
5 86.851176 49.207959
6 31.461441 90.967373
7 45.641659 69.933249
8 1.311286 17.158548
9 92.658352 81.846731
10 44.273937 93.985246
11 81.989681 9.224036
12 48.139779 45.872205
13 87.755426 3.765358
14 2.266025 54.296174
15 5.087042 77.714702
16 80.577250 23.677941
17 89.855814 8.688714
18 3.678399 80.380091
19 91.268576 36.985997
20 80.517360 3.782523
21 7.681801 74.833128
22 87.360219 74.173828
23 76.018029 74.819835
24 77.635215 53.786385
25 6.601840 90.602457
26 87.510934 8.420183
27 56.727158 0.787057
28 4.721854 70.329872
29 5.943803 79.737168
30 43.933637 71.284480
31 54.285821 69.100966
32 17.314415 50.271247
33 8.421053 22.075802
34 74.841283 16.587368
35 20.479950 99.180309
36 25.646412 10.147661
37 25.383014 66.563111
38 24.675640 95.189571
39 7.470463 8.408918
40 20.139856 70.843436
41 64.116156 95.591493
42 75.351904 97.032103
43 54.501686 65.745668
44 70.555890 47.667950
45 59.012581 43.912650
46 8.832100 6.959433
47 22.602677 54.073634
48 30.859521 45.992165
49 99.466091 80.007554
50 65.981068 27.078405
51 78.384008 31.521615
52 14.631161 92.333459
53 91.115181 91.171156
54 86.215769 65.657659
55 68.821946 73.223188
56 87.337597 6.357998
57 51.065606 53.512057
58 68.434214 24.465886
59 67.229471 86.488336
60 85.326307 98.088400
61 71.352470 82.232496
62 49.044800 94.387228
63 94.047449 46.935274
64 89.572577 27.898521
65 48.275099 98.653587
66 88.891123 74.669302
67 29.745986 48.937934
68 40.618792 50.222318
69 5.837647 47.742369
70 36.398693 59.522473
71 35.024733 57.333400
72 58.468477 35.371047
73 74.892217 3.069269
74 29.012863 49.381605
75 1.880044 27.166661
76 9.789644 58.452055
77 35.425348 36.407187
78 77.193452 64.875315
79 44.446909 61.008243
80 29.876601 18.904391
81 23.396641 47.975804
82 25.838238 19.858599
83 9.240329 67.351066
84 14.089488 66.652617
85 74.994628 18.258456
86 80.315485 38.502154
87 87.500336 47.836289
88 58.190848 44.860293
89 89.220987 15.565917
90 7.968333 94.481948
91 70.005928 61.507677
92 1.153530 24.633047
93 15.590564 80.116761
94 98.432229 50.257002
95 53.986874 69.484551
96 25.424163 36.970826
97 19.410828 50.772696
98 65.625075 48.367091
99 83.075485 11.028507
100 11.893619 49.397207
101 79.954682 15.246103
102 83.315416 89.410545
103 2.865674 99.985861
104 21.698983 37.962928
105 71.330855 73.562848
106 64.728651 41.650302
107 35.830238 63.554020
108 71.693178 57.765996
109 58.231378 89.615540
110 29.304650 1.843720
111 66.928688 69.113593
112 74.212989 81.392961
113 98.925714 68.137810
114 57.252506 69.552129
115 50.026733 20.076889
116 50.248330 0.437194
117 90.832152 58.738482
118 72.592735 85.450273
119 17.676395 1.149071
120 1.455166 73.976183
121 33.884783 72.515342
122 98.289980 10.390513
123 18.620184 36.825845
124 6.020384 99.842939
125 36.017391 83.918565
126 34.615679 79.887034
127 67.493078 42.040183
128 14.214957 15.994592
129 7.632845 31.270910
130 48.755849 26.058833
131 68.308471 20.262787
132 53.479830 84.355435
133 88.353328 88.181411
134 20.063850 28.135418
135 4.890039 67.776928
136 36.311086 91.604505
137 7.885063 2.425998
138 55.689119 73.454409
139 99.714252 61.479994
140 52.545852 85.949238
141 52.068929 63.193117
142 31.345808 3.107831
143 85.965926 39.650283
144 69.789335 75.373818
145 87.598217 70.128297
146 15.726756 7.729779
147 32.418536 7.779443
148 19.362675 98.980070
149 81.066902 97.996925
150 33.157424 57.256348
151 8.338682 66.626709
152 44.077360 9.817697
153 30.604165 60.169638
154 91.467458 53.012969
155 33.992888 12.787730
156 88.414166 96.406765
157 77.766062 34.551981
158 68.130987 17.815211
159 79.830318 74.631567
160 93.933465 79.185759
161 19.555546 83.021607
162 42.933042 73.492014
163 33.838715 72.287764
164 3.821714 43.515213
165 53.807322 36.266307
166 85.084601 47.350457
167 80.039905 80.361750
168 2.109881 45.285172
169 2.070434 38.853419
170 18.694402 28.818215
171 2.048290 70.104002
172 38.832056 75.372310
173 93.225096 12.347835
174 74.022042 39.941679
175 9.909855 66.130523
176 57.229409 62.989406
177 96.340117 21.683028
178 99.471382 62.142656
179 84.388507 71.731271
180 36.825841 7.690014
181 36.401257 75.068434
182 26.087375 36.873517
183 46.419751 25.700970
184 66.370919 98.482932
185 39.044880 3.567511
186 41.786865 70.255353
187 45.530057 51.002339
188 78.736409 15.300719
189 24.684649 25.167870
190 71.575372 95.113202
191 53.087443 24.290896
192 20.014905 94.819740
193 49.965274 64.714950
194 79.351110 11.516330
195 28.100241 71.224051
196 45.643754 65.139804
197 25.457685 34.307518
198 40.438408 5.965530
199 38.892156 20.560549
200 69.164100 40.180165
201 84.743215 73.261913
202 7.537397 11.816051
203 50.967499 88.879476
204 95.298983 78.860770
205 22.723244 63.516112
206 46.448298 13.330587
207 68.151122 98.433826
208 93.730252 88.562900
209 40.976610 79.528310
210 52.549169 4.048984
211 10.201621 78.821032
212 51.102224 73.387638
213 88.477888 79.256318
214 15.548777 36.665544
215 27.837226 62.608121
216 33.408888 0.446058
217 19.835930 67.193884
218 57.537165 1.065999
219 46.949130 70.933163
220 67.561635 7.142647
221 45.585496 29.907837
222 22.364484 23.391335
223 70.173501 15.283169
224 51.096616 36.757763
225 74.843419 40.104875
226 71.160662 1.084006
227 45.706934 78.954836
228 16.622845 45.674117
229 84.294328 90.611185
230 65.239329 69.644294
231 63.524600 8.979740
232 1.602951 36.092902
233 14.142228 83.591235
234 83.222526 77.738144
235 61.852804 93.001826
236 23.343332 58.628289
237 85.270749 10.276178
238 92.939304 10.121008
239 91.161114 38.087257
240 78.303510 28.844340
241 70.089968 96.436970
242 27.697051 11.298833
243 75.091963 27.287776
244 32.584328 46.965144
245 69.105641 85.665175
246 69.628508 32.461423
247 47.779984 9.300525
248 72.248162 33.564099
249 30.525668 49.897943
250 85.635200 46.892165
251 30.205906 52.344394
252 98.572153 71.690230
253 1.779808 84.552251
254 69.045680 70.330808
255 11.329491 22.709322
256 20.136894 47.926866
257 0.908346 30.040999
258 8.665828 40.560920
259 48.456992 41.891096
260 2.309920 16.603953
261 61.837058 52.057158
262 10.786034 71.485940
263 59.755616 19.984923
264 17.340968 72.859917
265 75.420676 1.490459
266 23.966625 73.836884
267 39.632606 67.522027
268 86.410565 6.257058
269 91.476599 31.456065
270 52.570153 19.368601
271 51.881356 93.536075
272 72.357829 67.573291
273 31.038621 47.799744
274 82.634562 59.444216
275 63.249422 66.786832
276 96.441486 27.754350
277 66.901051 60.841686
278 37.147822 48.134186
279 97.685567 52.541060
280 32.975270 77.685008
281 53.144734 11.413546
282 10.469311 64.969173
283 92.103636 53.442925
284 38.860245 25.654425
285 73.883348 34.834772
286 49.199812 44.674241
287 86.091402 97.421401
288 8.460167 12.445433
289 20.531332 5.985450
290 46.919021 65.540802
291 26.382203 77.627436
292 65.508293 82.906516
293 85.974930 59.171605
294 98.875752 91.386127
295 51.302102 77.793211
296 62.433743 14.906787
297 54.870569 76.500256
298 77.959249 0.083467
299 6.674009 28.872579
300 88.714285 82.259557
301 58.857644 99.636906
302 86.477878 87.879739
303 62.892138 64.742348
304 89.656907 16.649286
305 82.597652 22.734253
306 48.776847 8.232940
307 6.642812 12.735492
308 9.283690 32.754919
309 38.804889 38.019996
310 95.025915 0.626260
311 51.821769 86.456240
312 26.556940 92.980407
313 81.789442 35.678867
314 93.519391 41.882574
315 48.325397 79.265433
316 8.867459 51.559738
317 11.888596 51.605356
318 75.949473 0.408711
319 85.101969 14.229732
320 70.976171 53.969800
321 96.435734 34.964681
322 43.391783 94.608503
323 78.752824 30.732789
324 21.322511 97.181507
325 29.462746 66.082570
326 25.687524 89.131855
327 41.016484 31.003692
328 68.276494 31.919883
329 39.374036 26.537601
330 37.107034 59.258205
331 64.733434 38.252820
332 25.576287 23.427371
333 1.483165 64.378601
334 80.865214 32.606733
335 66.847174 87.637939
336 42.104191 53.853756
337 39.114679 10.516066
338 64.763139 46.062403
339 23.077820 69.506343
340 71.655728 51.585147
341 41.974667 94.589237
342 56.686384 90.491946
343 53.848591 72.658452
344 46.357781 32.549213
345 31.266943 5.151636
346 78.263544 66.600419
347 0.050010 50.592127
348 55.270246 64.565726
349 27.529824 11.109687
350 95.477651 61.059081
351 4.053030 65.500270
352 23.366179 78.230337
353 72.971016 8.985416
354 96.818791 8.309358
355 74.134359 27.878122
356 40.963989 74.677405
357 0.591857 81.956482
358 11.515274 79.888052
359 21.811425 18.180553
360 23.339427 74.381455
361 35.390516 53.917348
362 57.278417 48.656430
363 60.739830 39.825291
364 54.663381 21.850781
365 10.011130 43.113033
366 30.810728 45.067572
367 2.228057 30.318934
368 88.582744 66.477712
369 76.355453 49.815631
370 38.173638 95.235093
371 14.158712 40.992236
372 27.058829 30.160354
373 34.561968 26.654189
374 61.227040 30.408284
375 83.544653 79.934321
376 80.102866 20.751155
377 54.983225 98.268258
378 83.755442 14.875415
379 27.788427 49.827498
380 41.263010 64.052306
381 39.932399 81.049034
382 57.187082 8.683958
383 1.974550 99.759385
384 15.074560 68.847874
385 46.008957 79.775319
386 12.063278 81.317902
387 54.185991 47.600022
388 3.530315 26.128917
389 64.524534 56.134199
390 26.508151 62.513168
391 11.976807 74.304901
392 84.168256 7.115636
393 70.354529 75.019994
394 44.835503 28.975916
395 92.679736 79.980402
396 9.091995 82.828946
397 17.991692 61.035870
398 58.099695 86.908331
399 40.654364 51.383015
400 71.797924 79.423838
401 59.758052 25.652237
402 0.428921 5.968353
403 14.616204 0.636613
404 63.503260 59.532430
405 61.635075 48.853812
406 22.133946 73.188330
407 3.218519 83.599268
408 15.147292 65.432371
409 18.200606 40.607320
410 31.274738 51.675241
411 39.924504 38.708939
412 52.514116 60.897935
413 68.291735 81.622662
414 77.752039 87.795542
415 94.270176 61.652925
416 17.071904 50.181453
417 19.932760 98.699479
418 6.067562 11.341316
419 54.759268 90.070651
420 58.725429 15.767702
421 65.992967 69.829260
422 77.565581 60.097236
423 51.226408 83.033656
424 24.084225 7.907867
425 5.768936 83.237733
426 57.133513 7.733956
427 71.021749 15.460270
428 79.037375 75.723275
429 79.255370 64.565461
430 38.622654 73.954614
431 67.643078 17.314091
432 94.042548 88.772702
433 82.156797 81.800768
434 19.281993 51.981185
435 48.741352 49.587376
436 85.328116 54.577633
437 48.216877 67.255326
438 60.450697 2.401640
439 16.295457 49.718018
440 50.172268 47.091855
441 68.210405 32.873450
442 34.886853 52.000288
443 85.596257 38.988521
444 41.999832 65.480381
445 47.560881 12.956812
446 62.393620 18.290241
447 84.260829 96.655935
448 65.403185 96.032411
449 1.116021 72.924045
450 23.410992 84.544250
451 49.615735 27.940423
452 28.843379 60.872447
453 74.121779 94.565178
454 73.913021 81.454107
455 3.867531 95.418534
456 88.584765 3.110896
457 67.809111 10.125544
458 20.448826 72.747945
459 77.707701 72.852980
460 61.639021 33.276099
461 16.862392 60.095127
462 49.307388 10.702301
463 62.790649 1.708885
464 39.841965 79.703118
465 86.127694 34.674511
466 71.679513 21.992674
467 94.774477 79.284480
468 15.074932 27.958539
469 72.178645 37.926062
470 92.772415 32.965507
471 63.474919 94.236047
472 98.703229 27.595059
473 89.634555 46.803474
474 67.427083 78.302834
475 94.391877 57.394846
476 1.177472 65.206497
477 93.278952 28.265915
478 50.010273 4.509845
479 31.942707 32.518331
480 93.051176 10.063607
481 26.546782 62.374775
482 22.802995 67.406245
483 53.247511 83.157672
484 72.301844 10.880533
485 5.011323 8.769275
486 15.465521 35.982763
487 81.084720 45.137515
488 82.011059 3.084153
489 34.297398 47.432181
490 99.855262 68.466178
491 56.676436 86.278877
492 31.831721 92.520483
493 91.805586 30.242220
494 76.407245 33.020220
495 5.122302 20.604215
496 93.551053 82.645642
497 18.072825 48.730105
498 72.667068 47.811289
499 18.690910 73.209003
500 17.583438 90.736135
