300 300 30 COORD_PMED seed=20260720 source=pmed13
CUSTOMERS
1 14.437867 97.718176
2 30.481027 29.564021
3 72.145207 59.339982
4 8.432572 47.386701
5 21.021373 9.452250
6 15.210474 33.234454
7 0.434405 67.003368
8 25.467424 27.255071
9 38.293913 96.940803
10 97.499086 4.782214
11 52.294643 43.046533
12 96.411294 75.287130
13 48.858355 22.238709
14 49.880622 89.353712
15 36.550898 91.681408
16 66.602739 36.739915
17 14.638376 15.893445
18 10.567510 61.479459
19 76.398172 73.918210
20 36.310858 52.276930
21 30.211672 67.923335
22 98.003035 60.662715
23 86.950973 91.726699
24 17.113444 13.920211
25 61.737855 38.754149
26 6.835487 12.350622
27 85.577258 57.230342
28 98.806169 67.612271
29 32.171064 38.897322
30 80.954615 37.537770
31 11.418691 6.241340
32 53.424891 47.853477
33 73.616746 30.783947
34 71.458377 46.200653
35 64.268913 74.360791
36 71.964942 78.436544
37 21.699252 59.159932
38 76.032833 70.786459
39 19.925230 95.987102
40 13.210370 55.010986
41 16.398233 62.227831
42 30.117841 26.126224
43 45.194437 86.770382
44 38.766134 59.439255
45 23.365895 18.030708
46 10.711728 96.027957
47 56.129280 37.719331
48 90.948372 99.069804
49 46.927193 56.821319
50 64.205462 59.476564
51 88.197725 28.380262
52 32.394034 66.298331
53 47.562331 84.169198
54 36.181798 65.935542
55 3.514895 20.501818
56 76.788199 95.215580
57 49.562996 2.987916
58 18.017955 13.784498
59 7.412329 37.249414
60 51.213434 60.107898
61 97.077842 96.285919
62 65.203578 28.401950
63 58.545956 28.214393
64 28.387509 96.140891
65 72.460905 45.364825
66 31.657131 43.820540
67 70.934467 1.026132
68 94.683064 52.663254
69 1.628322 96.202798
70 13.883879 7.335195
71 99.823350 81.141179
72 81.530880 59.357012
73 22.318316 99.405384
74 71.998859 37.302277
75 87.203789 16.975550
76 35.238352 23.591231
77 96.885378 7.602670
78 74.645055 5.486312
79 3.564398 64.303991
80 81.916666 91.361721
81 68.084494 6.202762
82 14.283672 71.521070
83 5.036326 13.028307
84 75.027013 96.315079
85 72.332350 91.563241
86 93.653396 23.895879
87 19.549059 98.006043
88 80.496454 23.904202
89 77.780407 67.112123
90 91.957243 95.909464
91 6.094514 49.059862
92 53.626624 7.891584
93 52.558571 12.630857
94 13.357310 10.958839
95 60.922825 59.667621
96 83.767637 20.306144
97 93.387247 19.937925
98 49.375104 23.618634
99 96.341290 3.908658
100 39.144891 97.866986
101 85.994194 15.533271
102 54.037266 42.832007
103 81.778168 55.258792
104 45.008018 50.978704
105 34.511410 45.814894
106 4.572709 22.820435
107 78.895951 19.018104
108 75.312347 35.024146
109 76.487652 24.595807
110 65.091003 91.433654
111 91.599449 78.588345
112 91.824472 57.017415
113 93.641548 26.202241
114 88.782884 14.453604
115 82.434724 38.993428
116 26.472415 69.595655
117 66.688322 73.166654
118 99.415385 47.504841
119 30.055276 29.862389
120 28.860185 60.253219
121 73.206742 95.086777
122 68.426531 8.343508
123 7.922610 17.193949
124 36.774700 91.150860
125 3.985861 35.778899
126 25.195421 71.366996
127 2.445991 9.800049
128 67.776634 56.968647
129 45.521657 29.114441
130 40.292266 89.590577
131 20.145756 28.321814
132 44.545035 76.677335
133 27.903012 46.832102
134 13.994883 29.462528
135 98.401159 49.324887
136 61.341443 73.630240
137 91.234423 29.615800
138 91.804645 36.656357
139 20.588755 18.124987
140 11.412567 52.343023
141 33.771619 31.567336
142 93.906389 65.270958
143 82.457495 88.037026
144 66.849078 36.091961
145 0.725364 8.967655
146 31.075380 24.271388
147 94.512749 63.965521
148 22.661831 45.472773
149 53.538907 52.925363
150 69.175677 3.130526
151 43.938218 62.657924
152 26.107007 95.188456
153 53.447546 81.471722
154 74.193252 54.668111
155 28.312092 62.385345
156 27.790614 71.521904
157 58.849422 21.550354
158 3.163932 23.178623
159 50.298936 56.234987
160 86.996121 65.366930
161 65.356676 52.218377
162 1.336886 9.488053
163 17.218654 54.460529
164 3.745914 41.286722
165 40.985666 35.063452
166 95.606372 3.864377
167 50.522110 92.795844
168 2.551447 20.540766
169 6.392817 76.161797
170 21.175593 45.527331
171 74.446844 16.396284
172 45.779023 71.940572
173 1.910243 50.541402
174 32.855998 99.851117
175 94.878787 75.748974
176 91.614747 55.123110
177 18.296223 58.972950
178 32.284844 34.219453
179 99.961550 17.289413
180 57.914720 50.383221
181 62.838380 82.589887
182 5.154516 43.103533
183 26.938564 90.411097
184 39.179141 5.576057
185 17.525361 63.165060
186 46.963902 26.643936
187 62.180565 66.390461
188 75.281033 77.512170
189 78.776146 56.823246
190 86.741784 96.665741
191 96.644471 15.403249
192 12.384445 30.037260
193 5.581290 57.694483
194 87.897136 33.175261
195 6.896159 6.504774
196 30.529622 91.683969
197 2.282756 36.461036
198 55.849238 62.502256
199 89.409666 78.034286
200 59.347687 75.765407
201 97.878069 74.776553
202 31.122212 11.788433
203 96.635702 39.961607
204 42.116311 6.369723
205 23.709083 74.326204
206 97.461982 11.059503
207 13.634239 26.951928
208 7.819870 26.084114
209 20.283793 66.682763
210 90.031957 29.074761
211 99.256325 25.128256
212 66.307992 51.636155
213 19.820139 96.864252
214 18.404707 11.091183
215 21.967707 14.731374
216 92.101680 70.841653
217 94.649129 83.453475
218 35.892870 47.245598
219 46.632999 88.694443
220 11.713050 69.692912
221 89.375780 48.618657
222 37.021830 66.885984
223 78.555582 84.688626
224 35.921749 28.430047
225 15.780498 4.045497
226 81.634196 39.749216
227 67.439384 26.885558
228 88.456552 75.757333
229 71.086106 15.168166
230 33.908656 82.169800
231 16.376909 99.350774
232 49.601317 33.613902
233 5.411482 8.630222
234 92.634413 61.113662
235 11.249767 0.749896
236 53.918592 94.307587
237 98.243409 24.988798
238 98.905724 66.497049
239 96.597844 50.482835
240 32.453416 25.793345
241 2.799894 89.662906
242 91.107255 17.923875
243 35.045141 9.705829
244 50.695142 37.303017
245 98.963727 57.279212
246 29.685446 97.109023
247 28.208144 90.717732
248 28.902108 57.327164
249 69.970215 58.662944
250 77.096915 55.789715
251 76.847183 78.181706
252 24.905824 8.670783
253 54.648965 27.093232
254 49.601205 28.411739
255 79.226838 52.569688
256 77.505048 37.514948
257 61.285102 70.690142
258 57.877629 15.716679
259 58.629483 67.898485
260 96.910996 38.608954
261 41.488024 37.325048
262 25.933746 33.783732
263 29.599375 41.925122
264 41.348785 48.333717
265 32.759521 26.422517
266 50.695569 11.992728
267 62.649072 62.924240
268 22.673310 74.637989
269 22.600387 62.797071
270 43.514786 99.146493
271 4.849626 77.049683
272 58.374573 42.588377
273 91.307138 36.276139
274 79.391774 8.297125
275 96.047230 25.902623
276 7.206452 0.050580
277 85.007464 89.122909
278 10.319799 7.846226
279 88.914044 22.424984
280 17.186375 6.259201
281 26.674900 52.064230
282 0.387435 19.718496
283 0.747494 93.795518
284 12.626224 26.441164
285 48.849671 10.122784
286 81.341811 34.567191
287 37.107543 90.479069
288 5.777354 13.139395
289 7.532693 89.199729
290 63.355622 63.565966
291 93.737125 24.016583
292 5.231040 47.232176
293 80.035255 52.263327
294 46.378435 58.764105
295 35.976333 12.890193
296 98.248590 56.078266
297 27.884963 64.706169
298 98.986265 60.631857
299 23.236064 8.945826
300 15.114043 63.539342
LOCATIONS
1 65.884515 58.195241
2 92.923521 92.935530
3 11.466362 39.882332
4 40.943202 71.181104
5 43.155035 28.791757
6 43.543544 57.819696
7 54.274974 49.870393
8 12.065880 51.500355
9 44.727317 15.382764
10 38.283788 21.871993
11 29.313800 76.447638
12 73.814514 48.538865
13 20.990156 76.577107
14 55.339061 69.725816
15 32.515933 38.032575
16 76.428004 8.240044
17 30.221225 12.734774
18 76.027529 39.220112
19 82.835719 53.101683
20 80.681529 40.835754
21 98.966405 26.541521
22 7.247494 25.845115
23 98.594740 41.697951
24 28.616967 97.773654
25 3.895356 56.729328
26 60.252959 13.808376
27 30.708851 72.132401
28 4.639817 21.857459
29 83.845930 68.791085
30 67.536309 84.747063
31 42.053557 3.059360
32 58.258551 48.185363
33 82.611538 36.914963
34 57.143952 44.252271
35 5.957393 79.336678
36 42.592184 53.250517
37 8.513745 48.321562
38 17.484231 76.444170
39 95.070524 54.001961
40 18.525868 1.166613
41 31.706254 72.030524
42 23.954528 76.852361
43 5.127057 66.112802
44 0.295582 11.263300
45 96.597549 10.027327
46 45.506992 27.080411
47 22.591728 70.270630
48 83.799595 70.177394
49 70.410541 0.043563
50 93.528378 46.113790
51 42.050527 85.224068
52 54.334873 48.590641
53 47.809088 47.378841
54 42.713456 82.843641
55 26.586909 57.985941
56 5.588983 91.029144
57 21.772966 64.697349
58 10.654971 8.712396
59 78.325525 7.711820
60 17.640139 13.066840
61 82.052758 98.209151
62 93.810069 52.251294
63 80.405974 51.215041
64 42.455621 33.901547
65 41.849548 91.225738
66 19.148669 60.709405
67 46.498116 73.671156
68 63.807763 42.697197
69 88.111957 26.654600
70 55.975813 89.094072
71 96.366205 38.246316
72 69.108559 21.951562
73 60.711421 18.124116
74 88.267948 77.457597
75 23.750504 35.145114
76 79.962604 4.867629
77 67.140452 49.069950
78 70.929405 76.717466
79 75.360416 86.585043
80 50.702109 62.501863
81 11.557209 63.147549
82 75.203499 48.102474
83 85.526700 95.652655
84 76.869170 7.471300
85 80.706147 43.531701
86 78.969655 29.527808
87 38.404326 15.186929
88 45.626654 18.167563
89 88.095081 1.135298
90 91.578651 0.300868
91 60.840340 94.426550
92 58.645020 99.301170
93 21.865334 78.012186
94 9.539573 54.246371
95 42.451772 9.727492
96 53.313533 58.864948
97 78.219796 11.651237
98 45.216194 45.384502
99 84.557619 78.065849
100 57.309326 72.297594
101 5.575215 75.498617
102 39.532254 52.693581
103 23.031614 76.062916
104 37.590889 64.414132
105 94.128505 8.957099
106 52.292778 48.732541
107 22.310662 93.458272
108 36.769367 11.476884
109 36.317513 8.856010
110 98.093052 8.721907
111 9.699728 56.237065
112 26.606118 36.762557
113 42.099143 39.144141
114 9.397595 68.326276
115 35.753463 35.874872
116 14.103478 53.077976
117 85.383545 41.881513
118 42.180605 51.273593
119 52.180026 14.014821
120 12.914387 67.565632
121 8.407012 99.982162
122 24.453128 55.629971
123 0.155325 70.594047
124 30.671675 52.847781
125 71.137713 54.556185
126 89.064059 95.436849
127 72.318909 51.353397
128 84.741709 93.903587
129 5.210904 11.195067
130 32.916768 59.566832
131 25.569912 24.413503
132 4.048053 39.402657
133 78.041663 21.066712
134 71.331332 93.335133
135 85.574940 2.070647
136 83.104782 88.410645
137 82.232069 30.094446
138 58.698194 91.304772
139 16.858104 95.945638
140 61.003818 61.917437
141 49.725507 7.178474
142 52.891021 86.289143
143 51.840729 56.742579
144 93.699703 28.633903
145 86.650065 90.564201
146 11.993660 93.644396
147 32.629617 8.216115
148 72.725024 25.267232
149 73.820135 2.445056
150 16.977289 88.698473
151 48.356678 80.490950
152 2.811272 83.320769
153 69.593124 98.809760
154 90.451558 82.533469
155 97.837969 73.148259
156 44.073292 43.361844
157 11.422823 96.163505
158 87.172610 98.837329
159 76.224845 59.510717
160 55.654578 51.579374
161 78.514590 85.521106
162 5.644860 25.273325
163 93.004171 48.346243
164 56.735888 16.136882
165 8.038355 70.261376
166 65.133653 86.724440
167 86.867009 13.156954
168 65.798269 55.655958
169 93.347118 39.932491
170 40.136947 70.788187
171 6.185826 90.218813
172 95.729997 24.747165
173 85.862828 67.455000
174 89.494483 77.830539
175 32.838685 18.919465
176 42.991506 5.088325
177 24.024887 45.960249
178 30.751458 49.089209
179 91.387942 2.265670
180 71.826762 49.794675
181 41.687399 93.340890
182 28.903477 51.378772
183 42.232982 32.471885
184 43.956260 71.372446
185 97.407304 49.704241
186 95.386610 91.303973
187 50.024937 45.512426
188 15.544765 33.793696
189 75.500741 52.694727
190 97.603053 18.696787
191 61.880415 74.756537
192 35.004796 18.429480
193 69.133127 43.001664
194 14.783978 45.528738
195 3.769539 91.561912
196 77.669184 51.513389
197 44.930566 65.828222
198 36.549750 65.338484
199 74.526189 41.418739
200 69.293431 19.088789
201 31.094798 10.333120
202 71.017916 60.716406
203 91.468905 59.346260
204 59.413654 28.326130
205 35.560487 16.703709
206 38.770814 59.062994
207 77.233845 55.814367
208 46.176617 70.782967
209 84.387849 23.755874
210 51.775359 12.587635
211 95.327497 41.837981
212 81.952879 58.725266
213 44.300435 60.898964
214 14.184064 36.373902
215 88.945876 91.104371
216 31.941063 52.574434
217 47.796102 70.515141
218 59.405990 18.295259
219 85.036693 28.783209
220 26.120780 64.054096
221 69.261243 32.039856
222 28.125195 31.205667
223 31.896321 60.861912
224 69.329192 29.743616
225 7.111005 18.813159
226 5.208286 43.773100
227 18.202386 38.011364
228 15.430595 31.516893
229 3.444892 5.326763
230 28.631544 22.679242
231 29.363264 49.245346
232 12.417412 78.250864
233 11.150618 48.485550
234 5.094818 27.798225
235 64.864169 85.538559
236 6.786980 92.433955
237 46.659789 12.459948
238 33.334624 78.886454
239 39.441637 90.328080
240 18.879723 71.259723
241 0.738392 79.778730
242 98.031397 26.938126
243 51.537804 72.607601
244 61.167018 15.695929
245 53.079419 53.132594
246 65.630056 60.741869
247 30.698893 68.284117
248 49.184009 37.314536
249 91.856146 65.303016
250 93.162524 90.933631
251 6.821412 86.912694
252 20.476846 51.014273
253 13.401978 71.145851
254 77.983588 55.385185
255 84.899826 53.408873
256 93.923610 68.693076
257 32.621177 18.011990
258 66.297122 36.163884
259 32.327551 34.957335
260 30.650438 52.237996
261 75.015118 44.751622
262 5.791046 47.504512
263 21.789132 36.288323
264 36.040540 5.865478
265 15.723985 73.366776
266 55.467853 70.512452
267 3.211316 63.342506
268 26.366301 72.503506
269 74.343397 84.773726
270 8.950834 79.243374
271 94.998171 72.162758
272 87.990074 84.117558
273 47.927493 15.443569
274 70.418075 26.768056
275 96.952092 89.966984
276 91.773456 33.073120
277 39.589209 79.897336
278 66.279119 52.162726
279 27.114162 0.348312
280 15.945741 84.230675
281 75.583342 30.474136
282 14.644921 16.983573
283 73.797761 48.532473
284 42.708478 10.764515
285 30.957938 50.917148
286 32.882938 4.621563
287 77.141811 71.182832
288 49.531510 80.150642
289 97.229080 86.184066
290 0.036850 22.899357
291 8.824722 28.055320
292 98.101373 58.803403
293 69.736150 29.329555
294 59.271913 43.292809
295 7.356952 5.131951
296 71.954872 5.625274
297 23.719951 79.770763
298 37.546522 91.433707
299 15.622179 90.574803
300 36.390809 5.867448
