600 600 200 COORD_PMED seed=20260737 source=pmed30
CUSTOMERS
1 81.675676 78.116069
2 89.461924 53.084413
3 59.723362 51.246148
4 38.526173 13.236233
5 99.440185 98.925299
6 35.970028 20.035349
7 70.705789 35.079965
8 81.116945 2.439713
9 17.596186 25.321814
10 23.957706 91.936049
11 80.673519 16.230283
12 79.659117 80.817972
13 93.982851 77.834913
14 39.204067 10.505518
15 71.965325 31.342170
16 87.769582 54.647941
17 17.032812 7.855998
18 44.680765 65.949062
19 63.530270 91.294026
20 28.003473 67.286349
21 25.423329 85.350521
22 41.659954 60.923349
23 46.389522 98.930334
24 59.351315 19.834316
25 84.279540 64.515798
26 7.809994 23.950553
27 75.334553 23.752244
28 62.873151 87.243850
29 59.024112 37.323163
30 79.444106 25.644383
31 47.903048 49.961809
32 6.756424 69.409181
33 19.128433 46.118384
34 70.876162 34.306595
35 77.267908 42.470528
36 6.929614 37.547839
37 73.916232 9.492108
38 79.334024 64.141752
39 78.544433 67.792549
40 15.094131 17.136980
41 94.268417 80.761098
42 73.547327 20.909677
43 21.749569 36.281670
44 87.576304 65.045239
45 68.609836 51.047755
46 92.486289 70.842036
47 75.502268 31.523380
48 35.781823 80.325376
49 37.337437 74.635757
50 28.595412 23.251611
51 39.620626 16.589521
52 75.699900 79.879555
53 50.488208 11.051781
54 20.330447 42.119686
55 80.643107 75.137018
56 34.107676 42.773885
57 98.416063 47.121277
58 67.622976 9.366439
59 1.463491 39.322968
60 53.998139 22.850471
61 47.751666 6.848386
62 4.048956 41.352379
63 95.097805 36.886929
64 34.904789 56.943458
65 44.354651 70.138874
66 3.316471 54.523502
67 9.533780 35.608570
68 57.283120 92.188449
69 70.310298 23.100296
70 2.385664 72.967185
71 20.286271 72.729564
72 84.320510 44.930594
73 67.878453 86.882284
74 41.358758 79.719344
75 73.577713 12.002452
76 99.633311 95.617975
77 67.314182 35.381449
78 21.849386 86.573303
79 59.879832 3.861248
80 74.483223 30.863180
81 65.069415 17.209559
82 73.881116 5.946442
83 53.749655 68.884209
84 34.959727 32.107573
85 42.417123 71.563366
86 90.583891 12.925847
87 93.643949 82.980078
88 77.814929 48.311437
89 38.930765 41.965088
90 95.589574 9.523766
91 5.678479 25.180072
92 34.025570 10.393005
93 35.948947 4.370172
94 26.425384 84.064016
95 89.004765 54.164735
96 27.094456 18.736793
97 78.259789 29.101387
98 30.150097 34.415316
99 86.968252 61.581886
100 59.338680 12.780850
101 20.317890 70.211310
102 88.547575 79.271173
103 8.209417 21.787015
104 72.403505 69.823429
105 20.605605 34.801310
106 15.046270 61.294958
107 44.313333 57.625021
108 32.292242 84.432702
109 90.932935 6.398487
110 47.550138 56.730234
111 99.905017 74.505454
112 28.179048 32.398737
113 66.996789 9.494367
114 66.861296 31.255426
115 49.404117 7.412908
116 44.833154 45.712750
117 78.744952 62.282996
118 22.164250 37.982811
119 9.326725 82.700605
120 37.838152 35.648691
121 28.341511 35.647763
122 43.879094 67.728619
123 55.756488 71.911384
124 16.984210 72.136036
125 43.940390 17.385293
126 43.431269 93.917351
127 85.240867 51.025698
128 66.932920 59.065221
129 29.973034 49.306879
130 69.054414 29.481624
131 91.963007 68.868937
132 59.321904 98.247491
133 62.223933 2.004715
134 67.155947 66.800904
135 96.506433 68.010275
136 49.793862 21.467344
137 87.745362 36.072103
138 84.892134 68.740097
139 59.862543 23.463927
140 26.665573 46.764660
141 95.359366 6.325781
142 33.398086 64.138349
143 50.614447 32.946451
144 30.364640 31.863569
145 86.322594 67.229081
146 71.506752 4.562498
147 92.607394 29.225601
148 54.448295 66.642219
149 24.314176 9.319388
150 56.381479 71.091167
151 63.732318 51.679768
152 99.034631 66.319854
153 91.951289 12.821818
154 98.316636 98.724540
155 14.212120 97.472226
156 65.576250 56.847367
157 49.257009 55.543882
158 62.677612 45.621612
159 77.349266 1.322310
160 58.074276 15.245801
161 72.450696 53.701755
162 77.948821 6.749605
163 26.798441 35.473420
164 82.408759 30.117683
165 51.034623 14.789371
166 89.042869 89.012127
167 38.146826 33.556300
168 81.089378 35.023798
169 84.099856 44.919448
170 79.784660 88.746418
171 0.924982 95.041598
172 85.467787 60.688334
173 33.197018 35.083299
174 50.710063 35.975738
175 97.219982 67.512510
176 3.689761 53.543091
177 62.585522 92.408839
178 56.956049 39.978079
179 27.485838 24.959859
180 51.992843 36.207796
181 51.856300 50.441138
182 54.851888 17.950458
183 37.937324 64.082677
184 24.414919 50.509135
185 88.408962 14.972439
186 47.329350 86.594773
187 42.425619 84.231391
188 40.367062 25.495377
189 95.907353 15.236128
190 94.068015 85.555930
191 56.131030 99.767279
192 44.931769 44.652506
193 46.188116 68.914757
194 9.394792 38.395682
195 51.173863 35.286104
196 51.723012 5.152680
197 52.668397 55.560009
198 75.879181 56.832921
199 24.595906 3.971959
200 89.272043 48.266248
201 64.730459 40.985522
202 10.847143 41.277340
203 61.669485 33.501590
204 35.940144 85.749474
205 91.959646 97.569652
206 60.256430 49.103172
207 42.227623 9.978553
208 96.248319 99.194881
209 2.555599 1.401744
210 9.422668 22.852845
211 9.099688 87.977678
212 41.723322 35.151805
213 77.062314 34.974690
214 43.661410 92.936541
215 33.614234 50.010464
216 22.470641 66.197925
217 90.511204 34.737728
218 11.199741 35.451872
219 64.844693 98.674394
220 94.983611 53.536781
221 18.257954 30.556496
222 49.855798 75.756453
223 83.026309 9.873346
224 28.341158 41.256815
225 2.541480 71.989438
226 72.822123 32.065738
227 92.989191 77.586516
228 78.393243 13.627223
229 47.646403 23.241009
230 19.332620 50.983728
231 90.634968 30.001003
232 0.752906 39.883363
233 38.734140 67.219509
234 12.523146 95.444450
235 20.567463 17.636747
236 14.773019 27.205709
237 70.519382 82.221615
238 24.814314 76.339365
239 69.906881 66.202928
240 44.981783 40.715103
241 65.730684 48.365158
242 72.362116 43.891340
243 46.880610 75.817332
244 39.387128 27.080283
245 32.858971 65.789868
246 36.173434 75.888682
247 13.712034 99.678910
248 57.981466 10.653945
249 61.757996 7.099877
250 39.358119 80.850945
251 78.825817 81.978216
252 78.627801 33.281141
253 68.932530 73.488714
254 94.032228 96.443633
255 48.579829 60.488867
256 53.096029 53.200492
257 5.947213 34.257369
258 87.654530 1.108117
259 40.658180 83.946432
260 92.382620 28.926991
261 72.825231 14.907385
262 71.775231 11.585053
263 68.714573 52.520348
264 34.188586 83.585616
265 45.863646 51.290020
266 18.902018 64.120524
267 19.684961 73.375229
268 31.001032 85.667086
269 30.918888 50.386199
270 13.701515 43.062487
271 26.515709 38.846981
272 46.041199 63.084420
273 56.466116 47.771901
274 45.656027 31.548407
275 68.158428 60.905531
276 22.989175 10.859886
277 78.848144 73.572899
278 20.136704 81.464750
279 43.447791 13.884219
280 61.961133 37.713230
281 32.243154 50.296167
282 44.972929 69.648733
283 8.038699 79.910329
284 20.326026 82.804560
285 19.832055 13.993530
286 43.978512 82.822177
287 48.657467 49.679231
288 63.147044 67.891684
289 44.532792 21.639751
290 74.329476 24.648069
291 6.996601 75.732732
292 1.249427 15.548208
293 38.570563 31.313663
294 99.971562 65.081404
295 46.497541 85.820450
296 42.189596 77.679121
297 93.323708 59.245823
298 89.934866 54.363244
299 10.708057 99.522872
300 42.880288 9.500990
301 5.658664 48.822254
302 96.372699 71.172710
303 8.404540 91.743809
304 59.373489 39.989221
305 63.383320 67.253505
306 53.373888 44.435525
307 26.262354 71.383606
308 61.852461 60.016692
309 95.792498 33.577469
310 9.699889 79.987766
311 11.671887 10.835863
312 33.288620 16.692437
313 89.400367 88.413966
314 92.785254 67.991280
315 72.765803 99.595343
316 5.102686 24.718248
317 97.286700 41.017143
318 58.461886 79.228359
319 58.542192 72.768583
320 19.486224 84.582940
321 78.734343 96.170708
322 9.837541 22.005245
323 6.905085 26.668800
324 51.600413 58.007432
325 60.547164 79.766936
326 93.015817 68.986650
327 55.277866 6.554509
328 55.493041 44.180437
329 23.428801 66.437621
330 69.313750 60.578039
331 58.848584 90.781002
332 9.949994 9.746833
333 47.207604 31.007394
334 69.377450 9.772319
335 35.456060 9.591151
336 19.669256 82.181702
337 96.778456 90.601825
338 52.270730 39.278514
339 30.944920 1.180493
340 26.022492 15.309582
341 36.781562 4.548943
342 96.539102 53.197961
343 85.062603 18.087595
344 61.140676 85.528602
345 13.772925 47.676422
346 78.711424 1.128485
347 71.022781 40.865256
348 92.567274 49.381537
349 13.862414 66.858398
350 66.418253 25.701563
351 78.692891 78.166016
352 17.000995 67.804054
353 15.402400 57.701884
354 76.266708 76.242048
355 45.478747 12.315907
356 4.050257 0.049962
357 33.587575 86.608885
358 22.150556 51.804917
359 19.854954 59.505917
360 92.868687 87.531218
361 20.313579 37.447843
362 25.541618 42.648172
363 9.585829 74.801464
364 34.514909 77.874754
365 4.510416 17.623978
366 25.458920 43.369485
367 31.633764 23.446117
368 72.332881 79.317611
369 66.912072 16.126188
370 55.312288 85.718049
371 81.233976 41.150641
372 97.411871 32.367717
373 97.389541 98.583577
374 2.797639 74.592487
375 24.054928 83.831927
376 80.373012 14.817294
377 5.407037 98.769701
378 50.378542 28.260328
379 58.367814 24.657631
380 6.539665 71.891352
381 43.708919 95.073627
382 56.702377 92.668233
383 90.580031 44.224151
384 90.623841 2.927289
385 71.364821 48.805082
386 22.122983 46.664032
387 57.453984 73.009772
388 27.277891 86.059284
389 49.078373 24.778181
390 9.487564 85.392489
391 78.949745 24.326338
392 13.060083 76.366659
393 5.909603 68.023152
394 58.943296 14.502778
395 72.913934 11.663742
396 99.454863 82.534793
397 31.213820 87.776420
398 82.675319 87.672908
399 20.260544 36.043141
400 65.989082 82.796679
401 77.355904 10.748407
402 19.360793 94.503391
403 59.796505 8.437351
404 6.097580 66.679011
405 40.346211 66.280944
406 58.361972 94.505269
407 75.782142 30.915476
408 45.913047 65.944673
409 13.109766 48.648468
410 70.784934 10.996173
411 53.940238 43.426610
412 84.942163 42.411530
413 82.623161 35.871423
414 51.479970 76.285711
415 98.735875 19.843648
416 85.104676 47.026412
417 70.086583 32.299089
418 26.255905 71.277810
419 43.275437 58.294720
420 60.446961 3.085628
421 26.544334 78.123804
422 32.745170 37.296854
423 71.456254 58.753290
424 25.177476 96.312678
425 84.716035 71.296120
426 20.901830 72.065930
427 17.596508 22.988825
428 56.985554 70.060804
429 29.765397 12.268771
430 89.111950 30.826533
431 34.641425 59.739500
432 57.834609 29.365009
433 41.218440 30.296795
434 78.266805 8.522883
435 43.631640 48.816395
436 19.075798 66.319681
437 49.437074 75.100749
438 15.481224 60.993519
439 72.750111 4.649182
440 77.616738 8.526743
441 39.058579 92.024005
442 77.421882 66.809962
443 35.224180 80.811595
444 88.227050 85.104549
445 9.684660 47.520485
446 7.647398 66.478402
447 82.639659 69.441280
448 70.908980 43.304551
449 84.684823 84.315087
450 61.433348 48.859383
451 48.911574 79.208028
452 59.483402 61.183732
453 58.956369 5.279014
454 52.990007 65.726362
455 52.030161 63.633325
456 45.097255 62.623466
457 20.278785 13.638296
458 51.567200 85.127713
459 25.475968 41.566831
460 44.565144 7.185320
461 86.654176 31.933976
462 18.354348 1.581076
463 90.373218 69.700711
464 51.118847 46.273585
465 79.643789 50.347932
466 73.408961 79.755278
467 24.802307 27.120212
468 44.207063 75.912593
469 66.563279 40.826287
470 52.182994 2.530327
471 49.391393 47.979705
472 10.328973 66.493628
473 55.806986 60.629328
474 20.652929 33.661807
475 29.714047 50.310174
476 19.232256 4.395214
477 19.075473 85.216606
478 45.724455 51.433466
479 89.018157 3.215321
480 71.125466 12.922118
481 76.865454 62.456384
482 21.549403 40.973051
483 80.792668 52.065115
484 97.390834 33.315238
485 41.107477 5.606784
486 90.372767 87.159289
487 42.007303 62.428412
488 54.973227 57.122583
489 56.131437 6.768150
490 27.823153 6.039182
491 8.772616 30.827217
492 47.004576 81.710902
493 8.655399 27.577043
494 29.826090 96.111462
495 37.180370 97.664282
496 73.916071 86.882615
497 33.155337 14.035700
498 85.549789 70.282717
499 45.803942 90.753579
500 73.193569 13.383663
501 8.264705 24.154764
502 88.909462 56.738207
503 71.447552 70.469992
504 42.347579 0.484468
505 42.770650 77.120380
506 67.174559 27.281467
507 23.787810 87.008440
508 36.942995 76.701525
509 10.140345 94.501828
510 50.109529 9.693542
511 68.561481 67.303950
512 0.394543 15.250176
513 26.377347 48.978540
514 25.208622 29.968110
515 46.513279 25.779983
516 55.549277 37.926019
517 1.087754 53.168295
518 77.827583 15.982822
519 39.292761 14.982450
520 36.497986 0.755101
521 13.961232 74.545249
522 74.954087 86.745953
523 46.354035 66.001711
524 91.462864 36.753646
525 3.066410 65.359580
526 56.120725 28.554182
527 57.783121 15.112318
528 18.186471 45.367683
529 8.418666 88.539954
530 35.655378 82.206512
531 82.998223 8.010865
532 6.930096 1.823142
533 22.581163 89.788459
534 13.971855 36.387800
535 32.944768 80.833435
536 11.672752 28.267330
537 45.874937 96.208741
538 75.842053 18.777288
539 65.336192 24.976766
540 38.844238 77.309146
541 17.292319 58.835413
542 98.261852 40.621815
543 96.029758 6.905825
544 77.013742 86.174529
545 45.417670 32.794636
546 45.776342 63.489214
547 84.905843 6.540282
548 51.356281 48.168219
549 47.343657 90.384139
550 59.261918 72.790767
551 44.465370 2.047472
552 32.637163 81.470887
553 1.525891 40.098685
554 24.936221 49.050311
555 98.622712 55.497132
556 73.640631 67.991971
557 82.720081 79.509532
558 92.265113 72.537763
559 54.393886 40.571904
560 98.538344 74.409672
561 69.494962 11.252131
562 0.899127 68.720309
563 40.032746 95.098897
564 54.957590 37.326890
565 76.764176 35.149571
566 19.699709 0.376897
567 44.508450 27.269356
568 40.180384 51.750719
569 62.757495 77.306034
570 39.877458 54.790439
571 44.838981 9.122109
572 93.224929 75.555035
573 66.591457 34.512390
574 99.310432 15.313266
575 42.429336 43.898946
576 23.228484 94.099025
577 47.006438 41.054345
578 48.870505 70.189915
579 29.552693 8.340879
580 93.840495 40.593268
581 91.927944 49.526325
582 70.900387 16.069163
583 99.249461 58.860946
584 66.498871 22.739912
585 76.254223 18.176198
586 57.770823 87.931666
587 82.086604 36.570044
588 66.393940 98.317200
589 60.372040 94.490179
590 91.574404 23.729658
591 49.594060 71.906558
592 22.630536 1.142846
593 61.222855 84.003116
594 1.516068 13.186942
595 67.099301 44.070367
596 48.601102 75.031019
597 77.684967 12.874751
598 85.635458 68.578724
599 14.208319 77.106711
600 6.420191 21.649501
LOCATIONS
1 81.764973 81.170648
2 37.610470 35.194303
3 15.568275 57.404520
4 71.629828 15.701049
5 15.510598 45.650860
6 85.222483 58.132550
7 41.426374 49.926512
8 70.071366 68.812341
9 43.018536 72.414920
10 52.531682 26.808684
11 21.716642 14.368543
12 79.765413 25.752259
13 55.037404 64.315042
14 68.073779 13.886111
15 89.089570 74.910569
16 89.034123 33.295463
17 16.363189 89.489429
18 0.058105 80.893009
19 18.990484 72.696120
20 76.350243 84.422789
21 57.485714 9.653194
22 69.167204 45.858076
23 71.535365 14.706650
24 88.361456 91.686843
25 15.544517 7.846026
26 15.616504 14.104522
27 58.643874 61.503277
28 80.926574 37.051869
29 38.825773 92.215947
30 29.931880 31.838750
31 3.524192 81.448381
32 38.325976 54.112278
33 6.595831 20.695621
34 52.909067 11.246007
35 78.042280 43.658764
36 43.002419 40.305729
37 90.049282 7.681687
38 93.041087 10.513259
39 6.396218 42.057434
40 97.090368 50.973809
41 76.323758 81.896002
42 27.539406 1.130823
43 61.400736 48.443130
44 31.967174 26.189788
45 56.907944 34.901700
46 42.219200 9.472751
47 25.858088 55.474305
48 12.266806 95.870206
49 98.964985 72.173923
50 79.064239 15.413689
51 46.827022 83.519014
52 37.287384 30.311667
53 26.762092 19.289540
54 97.783102 64.234365
55 20.469150 92.209862
56 11.196458 34.091417
57 13.767348 99.454433
58 85.105422 86.085302
59 85.644069 13.179793
60 71.806661 96.678709
61 4.336019 21.631429
62 68.565033 86.950704
63 54.727354 55.009209
64 89.633539 95.851403
65 82.222858 7.295681
66 45.250407 93.846608
67 80.369136 0.309680
68 34.145672 19.603261
69 58.988081 0.982067
70 81.435468 87.626955
71 9.008840 58.047941
72 37.833276 17.552955
73 88.161723 31.486928
74 23.992690 80.413711
75 64.618964 1.526133
76 74.275881 54.940573
77 59.901513 18.541835
78 45.222709 30.269446
79 41.572392 51.756082
80 61.005804 53.454893
81 7.762034 62.469767
82 81.107493 66.193497
83 69.865964 77.067301
84 14.938170 47.807625
85 87.701537 57.955112
86 7.841698 26.551682
87 4.829175 22.552454
88 90.342578 17.176221
89 45.484378 42.865781
90 60.105261 18.683349
91 16.029125 59.949679
92 65.460387 55.211731
93 6.184426 8.431971
94 30.179431 78.431030
95 74.601546 46.334409
96 63.946042 42.541338
97 31.332193 28.339627
98 26.012733 26.167360
99 32.819491 44.054408
100 51.119016 22.825512
101 87.583325 85.974966
102 86.264506 84.637085
103 35.419871 43.748149
104 19.347189 11.017702
105 82.898342 76.069807
106 31.829461 99.628329
107 64.311441 9.355052
108 34.553488 76.344975
109 99.117699 86.380090
110 73.804271 64.947443
111 19.709097 94.523547
112 23.405966 21.469421
113 20.370923 19.089923
114 71.889851 61.092663
115 93.128225 57.185841
116 72.515093 35.430680
117 33.614295 44.030724
118 20.017571 57.456983
119 41.961750 0.879135
120 70.335941 64.182541
121 54.861295 15.841219
122 73.128538 11.383357
123 26.772300 31.832044
124 4.351777 54.460486
125 5.501171 41.481167
126 10.193943 24.977599
127 19.326848 32.788373
128 76.507726 28.464709
129 73.354107 37.552295
130 23.414806 84.231731
131 77.488011 97.265259
132 38.831281 28.194535
133 65.098810 53.725465
134 81.461544 6.021526
135 97.208790 32.804520
136 24.563997 30.600945
137 79.407417 77.154171
138 27.636069 74.093843
139 70.905949 21.979414
140 45.371267 74.842525
141 81.247488 75.943785
142 29.436888 40.381172
143 42.033280 92.745347
144 33.156088 73.283512
145 44.105410 48.991684
146 53.068029 0.513292
147 98.328217 64.898828
148 93.043620 72.473230
149 23.101362 60.693546
150 10.735654 84.731453
151 39.074298 86.192386
152 56.819720 73.382795
153 50.354473 83.933911
154 45.180776 37.088180
155 96.062074 59.217947
156 96.115826 19.664397
157 79.929446 21.415575
158 81.116170 96.292290
159 20.736922 13.714126
160 27.258461 95.898259
161 7.364564 87.877886
162 11.487619 26.592906
163 57.516598 53.526807
164 82.756376 66.285409
165 24.636971 88.886545
166 80.331281 96.401869
167 27.682836 82.253417
168 96.687870 50.567843
169 37.427716 90.990112
170 84.546662 88.277472
171 20.305399 58.395604
172 1.794897 16.206975
173 92.445754 59.745587
174 8.346167 55.530755
175 19.947572 54.934380
176 31.479333 1.475749
177 72.833810 15.551122
178 59.902467 72.600579
179 68.595308 98.415816
180 98.153073 15.016402
181 39.725646 63.936470
182 13.143143 42.482434
183 7.116695 30.715438
184 13.645678 55.476500
185 28.244265 14.018628
186 42.063520 88.850362
187 27.235811 26.275675
188 98.774584 23.655405
189 70.230090 91.592969
190 32.166162 76.853044
191 22.842170 87.312524
192 81.325724 5.330813
193 16.410675 39.229741
194 97.857181 76.347137
195 81.537970 54.781823
196 42.137033 91.694822
197 18.819348 59.401222
198 64.255866 80.568274
199 71.518942 87.179216
200 96.714732 72.896154
201 29.919140 78.365638
202 77.804327 31.298332
203 72.599416 53.678404
204 89.213771 36.352205
205 69.932855 90.558986
206 60.212650 35.724215
207 73.034790 19.682821
208 83.586600 70.137279
209 42.606726 87.328437
210 77.100144 93.814741
211 52.492576 36.270001
212 94.837164 80.556740
213 52.681465 31.369854
214 25.865667 48.959357
215 47.727091 48.654687
216 16.653485 87.707430
217 72.838344 7.951732
218 58.259104 22.406436
219 20.104766 98.492929
220 63.460126 6.946464
221 52.314373 9.908743
222 29.560820 49.121327
223 10.867284 25.983920
224 61.346791 63.616989
225 23.281823 86.788211
226 60.315702 59.355319
227 45.504088 68.422427
228 40.110188 53.026517
229 93.899311 71.023372
230 23.882630 15.740664
231 12.943051 23.101300
232 18.174131 67.564130
233 56.911436 24.483991
234 89.667295 85.601086
235 41.593727 57.561991
236 41.312593 92.759170
237 65.662439 31.963631
238 92.838633 15.287117
239 40.832528 90.172829
240 5.378382 28.572500
241 96.646762 20.211278
242 19.403905 45.589509
243 85.924145 82.527755
244 38.578580 92.514668
245 47.435815 79.125188
246 9.016841 44.211459
247 12.110471 14.037946
248 73.540797 12.925736
249 52.315138 59.473971
250 19.528996 90.577102
251 35.696808 54.189814
252 75.078936 8.579857
253 80.093508 28.285875
254 54.904925 0.221860
255 30.367064 65.258030
256 75.596730 82.659385
257 74.080428 6.204309
258 15.131247 41.548995
259 74.418383 79.070352
260 18.188585 52.082807
261 81.827629 28.700307
262 33.123348 98.464087
263 8.524819 13.387265
264 2.467071 79.386564
265 23.335251 14.228282
266 39.825672 56.539575
267 36.004156 23.199302
268 41.852354 72.604185
269 63.280139 27.124306
270 25.738607 91.143280
271 32.587715 12.234700
272 50.478506 61.551737
273 40.938080 12.796077
274 9.511934 46.392154
275 44.003687 0.174769
276 11.284366 99.222267
277 62.063045 7.482174
278 89.281193 31.681507
279 3.854856 85.878085
280 94.050083 48.665240
281 54.211110 12.027646
282 98.253948 18.872078
283 47.953703 48.655419
284 88.913589 82.478212
285 4.693401 72.216674
286 17.641485 74.316002
287 55.965308 54.533904
288 28.707867 10.387855
289 41.448938 5.355760
290 22.763929 44.189601
291 55.209997 4.252369
292 2.227239 25.531428
293 72.631650 97.499587
294 96.784987 60.488821
295 55.802367 52.126951
296 27.991076 27.280430
297 49.546575 25.058716
298 61.508786 90.259227
299 30.219011 63.284529
300 79.956774 45.838987
301 17.403945 46.217061
302 28.412763 4.941923
303 10.701373 65.484300
304 24.089684 67.847777
305 30.248733 56.926481
306 27.314415 96.956383
307 37.783742 0.305187
308 28.967196 14.830990
309 15.263021 68.201497
310 43.127120 53.763865
311 23.518325 79.804761
312 26.082748 94.819187
313 53.625066 12.613793
314 82.389464 90.021998
315 55.643110 56.818573
316 64.131013 24.529232
317 89.764505 49.888286
318 71.316305 48.299974
319 11.743528 61.646013
320 57.662524 87.123821
321 44.325220 62.875007
322 29.038416 29.514267
323 2.304975 72.501437
324 76.339645 58.806654
325 15.017810 30.764232
326 5.440227 62.753258
327 88.279193 87.995498
328 80.220597 39.664619
329 8.123621 93.218155
330 75.266197 83.480330
331 23.220636 2.709806
332 66.579787 83.488969
333 34.395161 13.626282
334 38.182527 15.612134
335 84.447725 29.961886
336 93.685493 73.975465
337 46.584637 51.954956
338 42.317723 40.453833
339 67.159477 93.322965
340 22.577947 12.908803
341 73.419060 7.825591
342 33.544381 21.360475
343 59.981536 55.359398
344 57.994835 99.844082
345 42.377429 18.468115
346 17.082975 83.836900
347 33.555398 80.142695
348 87.143198 72.126564
349 24.813324 33.024322
350 92.021189 59.763696
351 5.749211 44.003763
352 10.090801 93.332685
353 29.884477 57.606871
354 28.956363 17.021143
355 76.808164 36.405564
356 67.689208 72.310915
357 69.639154 60.791126
358 0.605960 57.106375
359 96.947223 29.897850
360 15.936924 39.211076
361 92.256418 63.015876
362 59.240435 97.773797
363 82.016528 5.237573
364 16.453457 9.834925
365 13.565224 0.783310
366 79.765302 9.813373
367 54.191558 72.419838
368 4.704201 71.981565
369 47.175458 29.129589
370 46.877997 29.354908
371 48.135212 77.298445
372 59.723161 33.728836
373 44.242462 47.717919
374 67.293754 22.964757
375 57.540638 75.127587
376 81.070240 11.840270
377 76.817873 96.488085
378 31.013017 26.378253
379 96.008252 12.022809
380 35.302298 90.467260
381 82.945916 99.388689
382 96.851971 95.198110
383 59.669202 23.842019
384 79.606258 61.771291
385 89.769460 45.276712
386 79.671474 22.632993
387 84.850309 26.116556
388 41.356942 98.726948
389 93.916378 8.857457
390 41.364641 7.373729
391 64.323183 32.198887
392 39.191201 99.492336
393 39.073920 8.503285
394 29.063358 96.242311
395 23.260891 91.391043
396 77.841454 54.729523
397 97.272017 63.798752
398 4.683256 81.023919
399 67.503419 58.935598
400 20.896040 38.401724
401 94.226653 85.058528
402 92.001694 38.989784
403 89.276346 18.642165
404 17.661661 21.549731
405 40.072868 7.026981
406 93.480313 78.550884
407 60.955356 44.670570
408 61.036400 41.842651
409 71.580606 72.064112
410 73.884521 25.889030
411 8.490644 33.947862
412 3.349410 35.649301
413 45.711763 24.001858
414 65.509943 15.843395
415 29.616464 92.501708
416 94.082999 52.228891
417 95.951157 76.061455
418 7.595067 81.003401
419 69.702897 72.208410
420 62.044178 71.585720
421 36.163087 78.787243
422 38.246954 24.550893
423 88.121667 32.090946
424 66.285937 25.912435
425 33.800202 12.838621
426 61.435062 13.337928
427 39.182327 16.414629
428 15.166588 29.634408
429 20.230951 77.621895
430 66.964725 54.510632
431 47.730275 9.500087
432 56.808208 4.428960
433 93.722762 5.953191
434 54.888862 57.803847
435 70.203430 77.215361
436 89.008724 44.550801
437 85.864056 36.175441
438 23.441577 56.705318
439 53.376175 66.663307
440 98.324715 58.464305
441 87.695214 88.844409
442 45.121539 41.641706
443 82.327050 73.205178
444 54.990835 10.320571
445 18.301120 41.601083
446 26.217096 89.558014
447 37.234845 26.285629
448 85.556031 44.912021
449 95.770270 7.141753
450 19.741764 8.234093
451 24.421882 62.024853
452 17.636055 90.636285
453 63.755221 52.730765
454 79.689416 54.024275
455 71.179329 99.524381
456 21.282733 45.334210
457 38.855211 47.870094
458 4.325677 73.704690
459 58.838854 76.951614
460 5.170656 8.926734
461 87.730804 3.898229
462 57.948219 8.763188
463 91.548800 95.368209
464 75.231417 72.704662
465 73.820912 58.929848
466 22.854895 22.929794
467 8.332552 69.936583
468 61.977103 77.502242
469 92.789097 63.361838
470 5.973086 40.725807
471 49.899728 70.951720
472 99.693698 86.438120
473 78.447771 43.311499
474 97.059306 10.270853
475 60.904882 8.996172
476 67.566210 15.004665
477 49.395851 54.776271
478 90.701507 49.319944
479 94.694684 93.715097
480 84.297903 98.777796
481 77.610080 26.736590
482 20.950824 5.609327
483 13.447304 76.252431
484 63.050448 78.104579
485 53.687256 58.785664
486 54.248467 92.645609
487 43.177199 84.373386
488 32.063891 27.874590
489 46.438362 82.224030
490 52.799492 76.502588
491 92.681656 30.948331
492 63.368215 55.587875
493 32.666439 14.449891
494 21.587613 87.791927
495 25.569343 28.368616
496 78.484789 20.009099
497 5.545506 88.254135
498 36.946838 72.889775
499 43.994295 24.663813
500 2.518824 5.324787
501 75.644741 94.893718
502 74.977770 96.629207
503 12.200690 4.597131
504 1.859782 95.107244
505 25.907349 10.776720
506 97.455149 73.525828
507 38.924937 73.969608
508 21.805565 38.251284
509 38.678198 38.568383
510 14.310388 29.536417
511 4.790747 97.513408
512 53.944411 39.542856
513 76.291505 69.220256
514 79.957871 64.956052
515 39.313829 76.872600
516 67.879892 99.874039
517 5.240628 92.224441
518 69.391886 25.560705
519 46.548703 91.557779
520 81.289480 78.751130
521 65.519363 42.832459
522 31.626427 47.756679
523 83.507979 78.445642
524 72.939122 99.042926
525 62.901351 10.592830
526 31.939997 57.303703
527 39.779712 37.043256
528 52.110258 77.564750
529 38.756223 91.183137
530 37.754936 43.222075
531 15.108245 36.071139
532 15.156179 39.109766
533 68.858627 55.054822
534 80.823421 35.436610
535 18.856127 7.959801
536 86.622408 2.444278
537 45.606949 84.095664
538 52.228588 95.443500
539 58.991389 18.753994
540 46.914270 74.877355
541 54.131175 82.686318
542 78.293225 23.740905
543 98.142203 15.956145
544 76.871003 25.401317
545 58.141138 78.928051
546 43.449652 67.614861
547 51.724479 42.132071
548 59.805146 37.251424
549 42.071578 5.943376
550 50.683016 14.212024
551 21.677124 33.494256
552 24.050993 24.790050
553 45.676333 48.790762
554 75.532610 95.928828
555 6.913658 80.422270
556 14.926591 73.258132
557 17.596866 37.643376
558 49.705409 23.870817
559 20.849312 63.088596
560 74.138865 4.527544
561 20.664534 62.795256
562 39.516366 45.517324
563 22.937808 0.245296
564 47.804501 44.165976
565 1.654262 28.375943
566 15.171191 6.969351
567 79.432693 74.317558
568 71.568143 65.913087
569 34.730127 96.829986
570 43.224794 34.909511
571 89.534709 41.750193
572 86.338001 77.551024
573 52.531962 25.800054
574 7.339756 31.523595
575 35.901228 43.425584
576 29.278521 24.475836
577 92.682211 72.597440
578 68.688301 72.544090
579 36.649757 55.949428
580 4.998723 26.626653
581 78.463673 20.702612
582 8.536682 21.985264
583 32.690791 1.210628
584 87.017969 60.941161
585 70.588166 39.124473
586 55.402212 59.912979
587 89.591768 53.637815
588 60.972572 24.181867
589 76.438034 59.929273
590 28.309019 54.881552
591 8.519407 22.658918
592 10.002250 2.589469
593 3.469879 56.120067
594 56.870006 86.195273
595 23.806650 98.358455
596 62.563573 47.735429
597 80.116544 94.335729
598 76.290344 90.810228
599 47.170537 19.279889
600 7.164354 57.393294
