200 200 10 COORD_PMED seed=20260714 source=pmed7
CUSTOMERS
1 6.986274 8.591108
2 70.941320 87.733176
3 18.686714 5.264465
4 81.251278 15.172051
5 84.409234 9.803839
6 33.692591 60.130529
7 85.524572 2.264744
8 57.359842 6.280646
9 19.493781 18.643264
10 98.606459 85.085652
11 91.552997 14.347029
12 54.706711 81.259216
13 49.521967 60.541047
14 24.442434 41.465073
15 56.943725 33.636512
16 49.527371 28.398378
17 30.494551 47.815481
18 83.341932 38.681850
19 7.111230 10.340715
20 13.502417 6.608506
21 88.559108 15.369681
22 81.974915 86.496667
23 9.882135 27.797822
24 97.743883 52.726126
25 15.865650 14.652647
26 8.891086 26.765217
27 99.207780 75.749192
28 28.494561 45.916282
29 0.964188 34.047261
30 92.394109 70.717370
31 20.211081 82.107685
32 2.531314 1.442843
33 35.321751 18.054037
34 61.577352 93.147423
35 24.503061 92.663590
36 73.987809 31.660326
37 61.707755 38.346754
38 62.893428 70.660412
39 46.950260 36.868358
40 68.861618 99.649508
41 5.723704 57.225308
42 94.484812 7.810324
43 24.034189 24.305204
44 44.434806 6.775074
45 51.262605 78.696079
46 75.263733 65.919641
47 36.973075 54.165225
48 27.977501 25.224123
49 40.878743 97.708922
50 9.538213 66.790388
51 72.819229 74.327371
52 68.187964 36.848503
53 51.226509 63.199459
54 86.862609 44.954995
55 82.671780 87.358642
56 71.102024 24.741680
57 89.080176 59.807227
58 76.340431 28.849156
59 35.349425 69.497687
60 56.915817 59.012977
61 73.564256 18.453600
62 3.577830 76.727733
63 87.766885 68.707242
64 60.038762 65.081223
65 92.986471 10.299451
66 80.011339 30.658815
67 18.715370 3.540348
68 35.600869 69.572556
69 17.382756 44.109281
70 92.615479 11.821286
71 7.744761 49.491033
72 28.043496 55.339507
73 98.292637 31.327394
74 0.683942 79.837019
75 90.599130 44.255750
76 22.371742 48.989080
77 95.685813 41.110844
78 83.459972 4.663739
79 63.224722 78.492492
80 20.436802 33.060278
81 63.908256 51.545882
82 52.268220 26.657935
83 11.420643 53.562867
84 44.472779 12.417622
85 88.683976 39.839924
86 36.235885 10.236025
87 63.138221 63.519493
88 91.453516 62.748342
89 32.803999 54.923550
90 48.980952 19.677369
91 23.619915 4.081090
92 56.617987 31.982277
93 25.650358 32.839701
94 73.953604 43.928424
95 2.575954 51.310098
96 43.778268 78.742769
97 41.625575 51.233085
98 67.213936 11.480264
99 85.222531 36.814916
100 46.967895 38.952065
101 60.724784 10.437726
102 45.529419 71.037997
103 90.960304 33.490958
104 93.830249 86.930601
105 34.582450 97.130610
106 95.391128 23.543667
107 27.112217 87.447697
108 94.337805 69.202942
109 93.694853 24.708658
110 86.500808 90.320408
111 42.892141 33.187659
112 98.604804 13.247637
113 32.310215 53.276550
114 47.135094 59.206265
115 16.940884 27.257765
116 83.618778 2.793118
117 38.284461 18.176533
118 62.300814 75.876295
119 3.613467 82.197768
120 90.407363 81.603664
121 92.549112 81.289456
122 82.534509 90.238169
123 50.723441 95.606049
124 87.104579 5.841247
125 27.279561 32.776287
126 29.341988 96.426305
127 24.777409 18.965352
128 41.294028 34.320926
129 81.030373 43.844571
130 68.758207 95.917696
131 73.336367 45.318932
132 58.288043 39.368526
133 65.133401 27.753901
134 30.047937 78.956368
135 65.535496 77.416655
136 34.352945 79.886023
137 48.970177 96.969487
138 79.540564 82.012825
139 91.856134 33.065335
140 66.745347 41.105582
141 22.390225 85.708286
142 88.123700 70.684954
143 93.258338 69.093364
144 22.353111 98.248002
145 15.300238 55.145100
146 19.125675 47.119077
147 0.453076 26.859475
148 95.154207 10.865532
149 27.160360 94.504375
150 84.063721 79.065289
151 13.470922 69.909330
152 72.325005 2.844495
153 83.633446 59.964491
154 0.816249 14.197426
155 19.389746 63.870929
156 77.611435 5.285552
157 28.297123 28.768278
158 34.190044 36.242543
159 23.696902 78.408171
160 73.796243 33.383757
161 46.505424 48.873616
162 49.905560 10.526759
163 45.303873 14.982159
164 36.342845 99.349195
165 59.174336 65.244127
166 43.470990 13.888318
167 91.995042 68.333441
168 36.039813 46.690506
169 59.070813 89.182162
170 20.774900 79.297826
171 44.012065 86.555512
172 13.663617 51.136406
173 65.098422 62.853617
174 16.920749 86.162924
175 59.819542 94.779359
176 74.468912 68.984235
177 3.166610 14.302602
178 98.578757 97.683583
179 80.358500 66.251812
180 83.256167 6.484220
181 56.545907 34.289045
182 74.124256 89.182178
183 2.880168 88.133656
184 74.707778 0.668399
185 35.430227 87.059149
186 93.000127 65.935729
187 99.751518 8.082687
188 52.283430 43.499079
189 33.334963 84.194450
190 91.866970 92.148886
191 65.799401 54.934243
192 85.152920 93.860349
193 6.263577 80.988785
194 44.233693 39.830159
195 3.337761 29.174476
196 51.434783 92.594339
197 30.200472 31.849993
198 90.649562 14.944046
199 47.849436 37.986866
200 2.032275 52.550783
LOCATIONS
1 91.304846 91.777543
2 61.041332 98.668898
3 15.701438 73.078301
4 21.915710 69.159051
5 40.813390 29.910510
6 55.325006 99.701453
7 59.946178 54.817569
8 64.147720 3.085852
9 73.670203 83.535687
10 32.571320 15.940154
11 40.583737 4.963008
12 45.922166 11.607174
13 20.897959 34.680650
14 54.480347 20.582467
15 8.675062 94.195030
16 73.848612 73.358922
17 59.950004 71.699508
18 1.418331 82.298058
19 89.111043 48.570671
20 48.953309 88.712500
21 59.030029 18.621367
22 76.514116 54.251575
23 92.063366 31.646883
24 39.059619 57.776429
25 62.960858 82.324235
26 93.233050 0.752388
27 39.937222 89.064815
28 45.788936 87.136826
29 53.092064 37.412085
30 57.062488 55.140124
31 39.129572 69.699711
32 1.088255 95.191525
33 17.165332 33.254743
34 58.780447 37.246486
35 94.452507 90.824613
36 52.665363 17.561184
37 68.691243 80.233804
38 26.995588 8.272606
39 21.997550 4.249523
40 22.609189 0.864966
41 22.629770 77.294960
42 89.662577 49.209330
43 98.252551 75.463810
44 66.134832 9.463626
45 97.574860 11.558072
46 18.034317 56.138494
47 45.300859 74.885462
48 76.289001 49.316448
49 26.316601 27.213390
50 51.597012 99.845807
51 58.653090 58.383276
52 29.525577 80.085316
53 83.463287 2.879478
54 51.343542 43.739243
55 48.927986 81.231227
56 41.347634 7.754550
57 83.671102 8.048817
58 16.831588 79.739919
59 76.276498 75.207912
60 10.655898 73.871135
61 98.541221 39.684130
62 0.867449 21.923708
63 59.383312 18.611368
64 48.728874 42.608395
65 85.377429 79.393149
66 7.798719 73.688580
67 44.014150 79.425908
68 56.427517 90.527122
69 79.925457 55.687439
70 61.580671 61.092389
71 92.328214 57.185254
72 37.278816 24.742810
73 36.099263 17.463346
74 1.691311 93.991353
75 23.967944 20.967461
76 5.053111 22.962951
77 36.943848 50.875481
78 75.470493 81.399867
79 71.074224 42.352129
80 57.458742 19.006833
81 17.174946 37.635294
82 35.860528 60.103196
83 57.368444 10.064831
84 52.803965 0.267184
85 49.214791 91.304457
86 31.671732 22.350841
87 85.182005 67.860179
88 52.423810 7.460946
89 74.966521 10.220618
90 39.340458 36.805260
91 55.229438 16.421029
92 12.593471 39.333562
93 59.032842 10.130031
94 61.733868 88.561074
95 20.378734 0.977126
96 30.843618 35.804144
97 9.898959 90.990157
98 87.127775 34.135450
99 56.317645 25.093749
100 3.774370 33.776878
101 1.524628 82.770018
102 26.867836 52.433085
103 89.613974 80.339837
104 86.148876 75.083615
105 85.998567 63.768639
106 78.739053 29.503234
107 3.630763 47.720532
108 69.955465 41.172864
109 65.643699 37.823797
110 17.812067 38.400430
111 44.356358 10.142059
112 20.690363 3.592162
113 60.064616 11.714575
114 65.365330 44.474154
115 75.251143 51.003112
116 31.540347 59.055985
117 29.294954 12.796444
118 27.595454 80.200673
119 94.094883 96.802250
120 19.637259 81.637217
121 87.577045 88.244468
122 53.048488 51.657672
123 12.244602 88.109469
124 72.381037 1.342833
125 59.618620 99.132264
126 67.389535 39.727184
127 92.924426 94.515171
128 50.486503 26.296826
129 3.955909 13.015251
130 52.837291 3.707118
131 11.413782 15.474317
132 81.703476 70.713824
133 12.880602 39.127419
134 87.076312 7.155340
135 2.292393 58.634627
136 63.319993 47.405450
137 78.470360 62.833921
138 94.745917 4.065873
139 53.496045 76.451388
140 81.586572 71.520256
141 32.241388 13.152945
142 51.600599 53.720572
143 59.912653 71.561859
144 69.364203 4.879592
145 73.258253 79.637577
146 23.277041 76.596071
147 18.789692 41.981567
148 56.264260 34.996318
149 91.984144 88.001519
150 41.767030 62.367064
151 79.262306 25.406732
152 35.518383 83.700874
153 71.930083 65.152661
154 53.325046 95.659657
155 57.560231 35.842574
156 14.134339 58.329566
157 90.907637 70.142303
158 51.547219 23.050626
159 62.345445 7.462567
160 36.754101 7.098415
161 5.713239 56.841159
162 70.372035 34.187185
163 59.669036 56.797358
164 53.254681 31.699988
165 22.021410 16.200130
166 90.340507 36.705744
167 63.598860 20.186225
168 44.902205 59.988362
169 96.098325 20.087473
170 64.835002 65.119692
171 6.042649 85.239907
172 4.503711 94.904776
173 0.280535 69.958477
174 40.999773 90.136895
175 73.367674 97.715439
176 10.564805 98.338341
177 66.847537 4.578250
178 48.231093 29.446906
179 45.121737 39.136772
180 97.094910 50.812636
181 64.647326 4.343728
182 61.639902 72.751289
183 41.892166 27.179087
184 19.578459 17.061367
185 65.255382 45.844049
186 21.059040 97.348641
187 58.378459 45.566721
188 54.178867 22.435095
189 61.150428 74.480258
190 17.789404 96.946875
191 82.512998 57.719083
192 75.755591 33.703604
193 39.585733 45.738882
194 53.170535 96.290223
195 46.863638 8.664316
196 29.135274 65.657123
197 81.509266 39.457365
198 91.631928 96.885723
199 42.348323 66.335999
200 3.007709 98.033494
