700 700 70 COORD_PMED seed=20260740 source=pmed33
CUSTOMERS
1 21.158995 63.914632
2 14.059093 92.207038
3 18.924757 37.181674
4 15.207126 53.510919
5 45.274401 32.288893
6 33.637751 25.541416
7 58.799053 39.382180
8 15.577805 80.882179
9 82.741376 54.984571
10 27.090785 14.177052
11 74.704383 55.278440
12 76.198580 27.324135
13 32.041407 48.631109
14 72.380198 89.540981
15 66.196685 23.408067
16 63.647751 63.440371
17 97.948130 53.753406
18 7.048286 91.495064
19 46.337853 18.247891
20 1.631451 34.509978
21 46.267827 24.660382
22 2.658692 91.375868
23 87.636008 13.153841
24 41.795580 91.200094
25 88.416316 83.380718
26 77.044627 19.135713
27 77.801931 89.705526
28 30.616764 71.147630
29 89.693930 63.223316
30 81.150264 54.350513
31 82.245127 60.867647
32 47.299677 90.243833
33 28.135237 29.554703
34 57.291452 92.726623
35 62.446892 80.816436
36 66.729536 45.435500
37 15.558699 45.110375
38 44.553946 55.845307
39 95.909768 16.117618
40 64.686202 39.932885
41 3.718808 97.346592
42 44.858332 70.669657
43 53.753726 5.704161
44 89.352309 0.576238
45 92.759010 98.184129
46 70.024161 73.849986
47 38.489985 21.601349
48 42.513558 53.960059
49 31.451464 25.423184
50 30.663010 1.619331
51 0.463546 21.383012
52 54.032857 79.630712
53 56.364789 29.611921
54 50.871836 60.887421
55 74.026165 37.617262
56 8.843183 37.817455
57 4.560813 87.439992
58 5.581167 34.458563
59 56.324514 70.491944
60 44.413601 54.713583
61 12.849978 27.158885
62 23.743300 60.459384
63 63.253468 43.318811
64 11.226516 12.731565
65 76.271040 58.744630
66 34.234994 63.049658
67 32.553006 85.444192
68 83.845981 38.615889
69 11.971726 46.100143
70 61.612424 96.012495
71 64.294768 42.516597
72 75.372421 46.902933
73 51.159169 33.544295
74 66.534490 28.641246
75 83.674452 69.049475
76 17.079697 8.881975
77 3.558621 1.320875
78 52.578284 43.550747
79 30.425247 73.432050
80 73.396153 12.159890
81 40.916633 57.944811
82 68.882571 62.711171
83 19.837062 24.109459
84 24.745445 96.408345
85 50.569177 15.129293
86 16.337488 34.382112
87 32.078045 7.288662
88 74.015298 40.039456
89 75.213490 13.416948
90 22.689530 93.244506
91 71.637537 37.751632
92 12.996073 73.342381
93 8.607482 0.246284
94 67.553841 83.639805
95 35.718569 3.958442
96 23.431168 78.831090
97 22.843767 56.993898
98 26.783805 9.246053
99 17.772155 62.981242
100 47.163996 40.219432
101 38.014305 47.354344
102 20.014614 74.181239
103 51.453390 15.036967
104 74.884201 65.305408
105 20.486952 65.492925
106 77.015303 81.857947
107 1.989466 54.534808
108 7.373451 29.413009
109 70.318203 81.631700
110 67.947182 96.010552
111 38.637671 93.271312
112 32.601601 30.258917
113 28.835849 84.591127
114 92.668661 14.682745
115 13.806293 69.801181
116 0.662216 51.885897
117 15.685264 15.799820
118 39.952507 64.721847
119 35.000721 21.707032
120 81.565020 60.560466
121 75.604014 24.307414
122 17.168565 13.128878
123 31.862786 35.993759
124 61.165094 42.890135
125 70.565705 53.063896
126 25.893088 73.496713
127 16.561513 32.247617
128 18.251316 65.200879
129 10.303423 14.013153
130 70.263300 11.395969
131 37.001915 18.254606
132 97.905453 16.917134
133 95.424043 92.028697
134 48.345587 34.908743
135 89.863321 59.429259
136 42.838668 66.442502
137 65.520592 18.241119
138 50.359425 62.931876
139 33.038909 24.276535
140 53.625839 77.900917
141 44.626171 36.612389
142 54.611400 61.781806
143 75.171175 38.351423
144 13.997511 47.016893
145 88.233981 67.020435
146 49.874526 70.509124
147 51.905201 65.355957
148 62.343877 35.747277
149 45.003154 85.216587
150 28.185311 45.386725
151 7.570047 36.308533
152 43.167756 22.060758
153 85.455672 20.062623
154 72.575364 57.985429
155 91.350133 45.138864
156 90.353414 15.473473
157 67.046489 18.910495
158 66.012774 56.623923
159 30.988949 28.993257
160 0.649461 77.105677
161 11.269493 65.568796
162 25.602533 98.397488
163 26.416266 51.258093
164 60.981936 36.799941
165 27.048496 69.203055
166 31.507222 93.419236
167 81.816914 20.143764
168 12.095276 59.676236
169 89.752492 12.304162
170 43.787063 81.312207
171 26.652526 12.857482
172 56.597037 10.491254
173 71.191230 92.424962
174 78.232450 9.200676
175 54.872434 36.821899
176 99.403907 4.159438
177 89.717699 54.088207
178 2.550941 90.943930
179 43.296996 67.106978
180 16.190513 18.885830
181 77.605471 66.751501
182 22.094410 87.819343
183 87.138338 68.532249
184 48.684860 64.256272
185 53.016982 37.280099
186 75.405073 57.041419
187 61.768579 91.946306
188 56.056074 99.826289
189 21.712973 38.521360
190 83.656269 90.315609
191 58.254193 34.583571
192 17.595728 78.539868
193 51.229280 97.503470
194 48.086110 32.874663
195 44.056563 61.075246
196 39.998266 10.540764
197 87.266315 20.519353
198 40.792851 60.959250
199 26.400061 76.392113
200 95.713177 13.534214
201 28.796274 88.856571
202 67.108360 52.269812
203 46.407993 68.141664
204 55.450542 61.250672
205 61.046744 64.468677
206 54.666435 56.560677
207 52.802845 78.960222
208 50.364952 56.953216
209 99.986760 8.857051
210 56.695441 75.948602
211 42.364010 1.613674
212 26.582871 6.895975
213 69.279748 18.058144
214 6.273655 58.999883
215 68.635892 52.735909
216 48.827002 98.625075
217 69.044159 16.590060
218 0.034225 18.327599
219 65.499060 76.023053
220 61.691842 30.385270
221 23.757193 40.635572
222 98.071493 30.475055
223 57.701833 84.996954
224 40.577753 48.859651
225 32.534399 30.584415
226 55.749250 52.712247
227 60.925162 31.076156
228 21.748501 44.925290
229 52.070514 66.249009
230 62.820454 60.723891
231 95.008149 71.280552
232 24.481746 58.040680
233 85.418465 87.568346
234 96.455849 55.174012
235 49.735225 96.643124
236 62.867663 10.942409
237 68.686421 75.125643
238 20.981071 56.446910
239 18.018816 59.244977
240 29.318151 31.086507
241 51.760705 77.432223
242 60.651329 23.133397
243 98.128064 85.629864
244 22.026473 68.023183
245 81.190409 23.342498
246 82.556965 71.849466
247 45.205815 85.177282
248 58.051796 65.654233
249 3.200865 1.616611
250 7.198440 8.211498
251 88.185265 90.277296
252 23.163238 32.155292
253 1.292991 18.933146
254 9.518840 24.281614
255 76.550790 49.241767
256 6.511932 19.964097
257 28.919809 43.268453
258 32.271731 6.867589
259 64.002934 36.395227
260 30.863315 65.341524
261 80.177714 97.380077
262 85.049315 27.971658
263 83.530768 41.156399
264 80.419118 4.043484
265 45.204873 98.415522
266 44.740468 96.856170
267 20.606009 92.143838
268 54.584547 99.002700
269 66.918681 80.090907
270 17.959036 59.530264
271 46.276314 94.887083
272 3.807190 32.284952
273 14.208533 88.318657
274 73.154590 17.403404
275 17.948232 41.960572
276 25.979506 88.233097
277 16.900504 40.120786
278 25.210966 4.687777
279 82.663372 2.771835
280 4.623245 15.070480
281 87.152448 34.727053
282 83.667554 25.229878
283 13.280096 96.982060
284 38.570098 74.249062
285 29.441974 60.765324
286 58.060066 29.121788
287 6.081019 69.174991
288 16.426257 30.520811
289 90.555419 21.606677
290 90.243332 92.043681
291 69.236902 71.369752
292 72.606479 32.184183
293 23.349056 96.664480
294 10.062239 65.338610
295 70.516597 15.030066
296 43.738469 55.650321
297 68.101663 87.709777
298 5.301079 78.634839
299 17.917553 3.667040
300 92.006132 55.096426
301 62.719331 26.179042
302 74.574311 88.942586
303 88.029136 80.029800
304 66.816966 27.199764
305 23.207681 7.484333
306 20.106863 26.568608
307 28.096186 46.584951
308 33.286522 73.626566
309 86.745202 94.369696
310 95.501607 52.714142
311 63.478410 63.481435
312 42.307389 26.319090
313 21.361066 49.340467
314 73.341167 56.734403
315 41.664079 51.043673
316 55.453081 74.232138
317 64.898123 67.604827
318 95.493407 87.687251
319 17.829869 85.061961
320 19.984217 83.354991
321 18.923226 53.462845
322 8.686779 92.195898
323 0.557824 64.620978
324 57.620578 50.166275
325 83.588186 97.087410
326 67.339813 67.913499
327 86.578404 11.095529
328 75.726605 37.220133
329 69.256050 8.271084
330 64.487284 81.486428
331 98.361427 56.568567
332 84.485799 11.303493
333 83.849317 45.639270
334 97.558166 81.054890
335 74.408235 35.841019
336 61.363917 26.370136
337 24.055293 37.653932
338 10.958993 27.398674
339 16.649648 85.827737
340 16.824034 81.487290
341 90.057731 17.768369
342 45.705632 11.815791
343 6.651707 69.637064
344 16.036960 99.230138
345 53.374105 99.913792
346 81.252760 73.828945
347 2.441858 36.773069
348 11.690557 17.685776
349 70.261291 35.969904
350 54.157622 89.339492
351 56.143480 57.488926
352 15.988407 61.004886
353 55.617706 44.098602
354 99.283934 65.047708
355 0.633716 42.369684
356 55.404577 35.748171
357 98.997192 74.169438
358 16.060325 86.429346
359 84.959241 36.110372
360 72.844753 95.249856
361 50.633748 24.289279
362 79.342532 78.042877
363 96.560988 67.617223
364 54.975357 78.558047
365 47.427410 16.031793
366 47.569778 25.192162
367 60.720179 32.245040
368 72.635728 6.932212
369 25.318399 16.354000
370 79.174636 70.260133
371 66.547748 56.032357
372 14.730680 3.704866
373 55.529280 51.663579
374 29.190728 87.561300
375 70.569388 66.790211
376 90.799344 52.085923
377 13.575688 26.320457
378 89.088836 41.944156
379 80.610604 12.666475
380 28.412296 45.678608
381 2.652475 39.365323
382 25.470332 36.903996
383 47.556270 25.218195
384 24.354845 19.518410
385 16.445466 56.967133
386 15.666387 65.472610
387 81.456005 16.287920
388 34.356313 91.598089
389 62.017161 21.998679
390 49.614746 64.496708
391 21.900202 1.657372
392 97.265772 23.511753
393 69.557241 76.987052
394 94.938156 68.847175
395 67.565980 15.049656
396 15.550135 41.868956
397 22.781426 51.565939
398 34.106107 7.034642
399 74.528263 81.295097
400 86.845308 86.467075
401 7.835401 45.612235
402 82.865234 52.024436
403 59.554906 34.156320
404 24.096987 97.755768
405 75.125031 75.527064
406 44.158882 43.128551
407 51.010656 57.735398
408 40.541556 45.010788
409 11.769706 68.906165
410 13.382390 84.254583
411 65.573707 84.386326
412 13.049120 63.278583
413 59.421220 18.013710
414 72.452095 87.513302
415 95.058791 35.642153
416 82.032139 82.291209
417 27.789240 13.403960
418 7.244817 40.990990
419 14.472369 2.137297
420 8.842172 48.695583
421 91.920900 41.580591
422 93.573276 41.330461
423 79.775765 90.174894
424 80.334675 69.873593
425 30.847761 6.794876
426 19.182542 74.520115
427 69.197505 28.522903
428 52.288883 91.149941
429 83.432186 61.888482
430 67.997510 56.367842
431 3.056996 85.467684
432 52.325124 94.214198
433 74.117959 29.349487
434 58.084221 65.065913
435 29.730446 69.412679
436 53.411574 6.485185
437 71.112357 28.894544
438 54.396837 22.440903
439 89.685476 39.213469
440 64.346466 46.994255
441 13.147556 21.145944
442 53.585421 4.859468
443 36.435412 92.364860
444 68.298113 75.951215
445 79.485630 39.453187
446 87.689698 92.732412
447 7.596300 56.114718
448 73.034325 11.097214
449 98.805836 96.110218
450 61.937895 49.586759
451 66.508469 37.685403
452 15.809911 46.559192
453 28.356119 54.684738
454 98.301437 2.463286
455 12.162141 38.600132
456 78.074772 4.852350
457 96.884091 51.242280
458 35.985876 3.226938
459 32.341069 37.716833
460 56.121957 69.424737
461 97.615076 82.561602
462 49.503274 47.080339
463 93.387672 87.719684
464 99.449351 35.524417
465 73.398558 90.916402
466 56.062566 61.942836
467 38.761454 50.847498
468 7.760844 11.275773
469 51.656807 39.105285
470 10.121830 10.508004
471 93.398545 69.010582
472 84.475688 41.450353
473 35.276468 45.803553
474 2.952944 92.588195
475 16.576535 8.275247
476 42.967006 45.212164
477 16.908430 42.130901
478 10.555097 41.030846
479 40.651739 47.917803
480 4.015628 88.082508
481 82.872032 90.070089
482 72.269194 68.030073
483 50.176446 35.957728
484 92.188725 99.624304
485 2.034380 43.318518
486 27.318795 14.091935
487 38.291925 63.804375
488 92.420583 21.869853
489 0.357589 34.892829
490 59.896989 96.236574
491 43.463304 74.248102
492 54.965809 33.804691
493 68.511030 56.881338
494 12.217633 43.898693
495 84.325106 86.755767
496 47.656754 68.762593
497 39.307428 29.814398
498 57.497469 40.403441
499 2.262734 60.731658
500 8.408803 24.091104
501 32.798607 85.950882
502 14.301396 5.240942
503 83.355006 51.812901
504 28.291420 91.337229
505 50.255855 44.099920
506 59.557204 54.571872
507 27.975164 13.992423
508 40.460462 48.093061
509 86.782712 13.950573
510 84.125162 8.364720
511 28.163909 19.040114
512 3.768542 73.104347
513 99.020942 5.426050
514 18.868436 90.831400
515 82.598239 19.731027
516 49.886327 16.004109
517 75.736781 80.890312
518 1.934652 46.976293
519 96.223680 72.850851
520 2.875306 32.683908
521 48.678899 63.011357
522 13.854929 89.132272
523 86.910522 74.696333
524 80.715598 78.510639
525 24.263986 65.012076
526 13.261227 97.676102
527 34.848347 91.898682
528 95.250813 6.454371
529 16.213982 41.014301
530 81.388609 19.136735
531 81.871822 88.087922
532 65.971298 96.381044
533 78.551724 25.810658
534 31.158421 36.753770
535 3.705431 60.980810
536 13.253311 82.440009
537 97.871750 68.023356
538 59.195005 16.581019
539 53.167566 14.604773
540 90.195122 94.392013
541 45.963124 88.694528
542 69.690460 32.677906
543 23.378855 65.178690
544 72.005587 74.144333
545 61.750348 22.154811
546 99.906586 4.169905
547 60.195705 81.466635
548 57.360591 18.717897
549 87.412318 85.402362
550 62.733884 5.138342
551 5.165707 43.274815
552 30.695323 12.529036
553 33.113245 76.405038
554 16.384545 50.240812
555 51.772076 86.666770
556 33.282192 11.231516
557 44.716928 78.166099
558 58.474549 28.024334
559 47.047650 11.298550
560 67.604909 11.625242
561 72.726481 17.758660
562 62.870939 84.433202
563 34.425570 8.211408
564 49.889308 17.296782
565 20.765310 85.681993
566 19.740079 2.007218
567 18.975245 19.714440
568 46.417567 13.719434
569 49.354836 88.651570
570 67.147569 33.613884
571 92.723502 84.350483
572 13.887104 88.440634
573 43.925273 8.430960
574 72.025682 98.656763
575 85.641137 7.576369
576 21.283969 73.459050
577 4.366517 53.433852
578 77.770415 65.651554
579 6.030016 40.680641
580 95.208870 35.437886
581 26.913960 22.440065
582 31.985929 43.094025
583 74.641277 66.211328
584 54.842345 70.243100
585 79.348645 25.218543
586 70.156863 53.650770
587 59.175729 11.468563
588 72.245434 68.387361
589 60.462202 34.332733
590 49.813654 26.591533
591 3.506582 65.016504
592 6.554878 39.748953
593 67.400309 1.589090
594 26.057474 11.448596
595 42.568505 57.486448
596 87.246046 9.115270
597 64.646788 77.135229
598 36.969199 16.409442
599 78.700066 68.423484
600 94.379722 35.956035
601 30.696356 4.354175
602 79.127752 25.913273
603 7.602689 18.891842
604 47.865536 32.299217
605 76.557510 66.445426
606 90.971033 33.468924
607 49.057684 5.023011
608 85.100077 74.537680
609 49.876596 56.485218
610 51.480553 62.917256
611 57.148458 98.289124
612 76.635475 16.865326
613 94.776020 31.875657
614 52.890752 33.059462
615 27.869380 93.913563
616 2.906111 19.810011
617 91.601081 1.763176
618 12.697482 70.070212
619 7.900125 17.371365
620 92.337606 17.730485
621 68.534026 88.683568
622 27.647979 19.730516
623 74.010906 75.588566
624 92.671982 17.200013
625 2.555850 78.095383
626 66.073960 23.934558
627 53.972033 0.998138
628 8.258948 69.942410
629 3.294956 11.691993
630 57.402274 97.183211
631 80.164375 14.213568
632 20.296195 32.335863
633 55.494779 95.931807
634 37.821973 43.358766
635 62.885748 66.171065
636 38.772404 67.369338
637 92.091215 44.404308
638 90.509067 16.831404
639 38.145097 56.492773
640 83.922805 60.943214
641 3.782924 49.929695
642 97.949205 3.597627
643 56.230518 34.259075
644 74.368887 13.329309
645 60.306966 4.099556
646 67.400837 68.825861
647 25.286344 4.692715
648 92.120192 43.378508
649 48.018554 56.458794
650 84.548711 16.795240
651 66.455227 88.652267
652 70.573439 47.620020
653 98.686580 28.477609
654 81.941669 24.556971
655 40.362909 47.467443
656 15.374053 98.178369
657 75.642339 7.141619
658 16.729299 3.499686
659 82.280562 34.633774
660 14.650155 38.220079
661 91.876900 30.184200
662 90.337212 77.184083
663 58.687858 81.642941
664 88.866881 77.557955
665 91.291625 90.565847
666 6.494389 85.343420
667 45.092002 21.390870
668 97.472752 50.472175
669 60.262407 69.681445
670 21.179187 68.509616
671 8.305495 34.653812
672 53.045370 23.339002
673 38.833367 63.531062
674 91.233147 24.996482
675 13.570707 83.572610
676 65.930364 28.096621
677 46.974969 25.968923
678 84.311847 34.566818
679 53.660722 85.600343
680 21.339009 38.911034
681 43.196361 92.008084
682 71.784943 83.978469
683 16.993127 93.098327
684 44.343898 17.424166
685 33.548393 69.697462
686 48.144607 83.212571
687 74.302376 55.418072
688 75.375574 33.826592
689 85.492741 86.452988
690 95.527887 93.932716
691 31.305707 14.986296
692 60.606023 15.886712
693 17.901597 40.695161
694 41.431812 3.377193
695 51.915146 77.195719
696 80.978918 14.191769
697 32.419267 40.103627
698 74.342015 59.031628
699 1.786364 1.006062
700 56.769886 56.330553
LOCATIONS
1 74.621902 11.973295
2 37.462725 51.172101
3 7.032797 21.353078
4 95.775001 2.378227
5 48.592766 3.240155
6 4.114382 92.818352
7 98.184779 11.374263
8 85.481701 31.393032
9 41.633932 75.247518
10 31.961226 15.203740
11 75.426453 48.975127
12 35.216949 47.340869
13 7.818065 43.116689
14 37.035876 27.892692
15 89.245373 39.300936
16 27.901187 94.221013
17 51.260074 14.371925
18 96.380727 60.855470
19 26.769760 31.886115
20 78.870847 67.703358
21 34.026705 56.873587
22 70.332784 4.627425
23 40.226055 76.492205
24 2.111558 67.480136
25 85.128569 1.697900
26 87.329887 29.112931
27 61.876882 64.808409
28 35.494686 40.839559
29 45.829198 52.668066
30 66.105113 20.937209
31 63.401200 36.660047
32 40.618298 6.955581
33 30.279087 55.464690
34 51.286517 86.842411
35 29.058611 53.746508
36 21.461984 38.879325
37 10.485869 6.973969
38 35.231055 36.398480
39 31.347680 19.171296
40 67.715714 23.498499
41 5.564747 62.015954
42 33.763945 22.235832
43 73.781980 88.962685
44 50.586214 56.674409
45 5.066327 72.810292
46 7.745845 99.501070
47 47.933195 20.745414
48 94.744457 21.588722
49 88.026988 84.900281
50 94.283795 6.046762
51 14.433625 66.724102
52 48.360776 64.741791
53 8.694808 24.183849
54 82.549412 76.842286
55 97.657898 62.465437
56 70.169185 55.111063
57 89.420906 30.400613
58 56.197838 63.022011
59 41.873928 77.301726
60 71.086934 13.674087
61 4.474280 68.761079
62 91.551811 97.456731
63 35.076282 80.577559
64 58.639576 37.022379
65 72.967467 74.186254
66 38.084469 35.710767
67 0.951383 3.199721
68 44.497112 27.396067
69 94.129151 32.793648
70 12.899264 6.051346
71 69.722726 25.797168
72 67.389626 54.549295
73 88.017312 47.869690
74 49.390498 5.665191
75 89.960151 30.275391
76 85.354015 62.142829
77 2.974442 56.832991
78 95.754660 59.541703
79 36.445297 24.894197
80 16.448177 41.629121
81 11.432925 83.864463
82 16.900601 42.415262
83 86.827560 3.973854
84 76.905610 90.593134
85 22.999604 42.622685
86 41.521852 71.417307
87 83.616830 52.638866
88 63.610132 7.869310
89 21.488889 71.227273
90 43.330777 91.989241
91 18.800591 53.177466
92 7.318889 16.551208
93 88.969476 54.553012
94 30.796417 53.032301
95 20.699362 63.469020
96 78.253940 49.175284
97 85.644888 46.200269
98 17.240569 97.220371
99 70.548364 51.967406
100 72.181445 82.091543
101 85.285342 74.047017
102 70.675724 83.327282
103 14.588435 98.863538
104 57.128498 26.855245
105 92.892288 56.066403
106 70.869650 32.925282
107 2.227240 93.033216
108 79.978066 69.627581
109 66.553857 53.121125
110 94.197029 16.282467
111 28.347926 89.705232
112 55.698688 1.397757
113 88.013937 58.409919
114 64.237058 40.734308
115 99.854516 32.270095
116 33.676035 2.686911
117 12.740228 56.353105
118 29.695898 68.124782
119 39.080661 7.684667
120 31.831450 66.978193
121 76.198776 11.368167
122 71.568930 36.616418
123 43.659674 94.626388
124 95.995923 56.509297
125 53.195180 43.000687
126 95.261634 61.508376
127 0.099345 15.770919
128 55.770444 69.854325
129 59.170097 79.685632
130 76.026905 98.093194
131 93.944672 38.167912
132 35.893106 72.282224
133 37.733793 63.694673
134 7.712235 86.036563
135 88.201565 14.605758
136 43.157583 53.707987
137 87.905830 20.838493
138 15.792725 53.860902
139 68.598486 80.428624
140 46.819860 10.035692
141 14.923039 27.557229
142 67.172920 77.955044
143 27.009878 0.438620
144 11.793879 53.035601
145 24.260384 15.271367
146 98.813548 39.673045
147 15.254941 30.772017
148 32.037382 0.551660
149 2.032103 13.416859
150 41.869870 2.209839
151 87.449710 61.084360
152 48.670828 25.038698
153 27.556479 79.647402
154 55.330468 32.510781
155 63.638956 95.830309
156 28.365652 87.071856
157 50.121452 95.003598
158 0.223910 60.194897
159 48.354649 19.513690
160 75.571377 40.949009
161 90.635739 65.604608
162 33.999166 7.694529
163 38.424933 11.722795
164 31.965272 41.667409
165 91.823858 96.448495
166 38.069438 73.657757
167 23.299416 41.518830
168 23.991422 16.014987
169 16.799560 68.099841
170 10.182901 7.795762
171 46.737548 89.102836
172 59.397823 99.730474
173 23.943511 58.615589
174 13.782333 13.428944
175 72.053676 44.955834
176 32.562890 90.500434
177 24.758711 79.633575
178 76.699500 19.599764
179 7.726335 44.445142
180 95.276063 47.875879
181 48.898794 54.997151
182 53.541414 5.795417
183 12.587371 86.875920
184 90.976261 82.331475
185 89.368109 76.709140
186 23.024271 12.879234
187 26.103023 50.513844
188 58.661424 98.779286
189 49.275748 37.270143
190 86.497325 84.223950
191 61.128041 68.890879
192 94.854258 43.526088
193 48.247474 3.038774
194 63.074400 76.488730
195 86.619474 23.878780
196 5.525152 90.774426
197 24.234447 10.364735
198 15.486291 81.212450
199 45.274313 27.553437
200 91.403292 56.036425
201 38.241645 12.482528
202 23.235637 51.475553
203 47.445226 72.915438
204 41.268682 43.036112
205 91.669435 81.107164
206 84.950494 61.382172
207 39.831870 60.045554
208 54.876469 39.998530
209 17.438057 44.694480
210 38.936399 33.922858
211 97.474141 81.049908
212 36.534881 66.652042
213 41.789390 91.087367
214 96.439568 37.954205
215 37.768058 29.739649
216 39.049563 50.767438
217 61.877604 42.365091
218 20.103472 67.761488
219 22.133574 64.558222
220 1.843532 91.206930
221 92.726121 99.656996
222 64.509491 12.121910
223 2.156062 93.004405
224 14.649740 92.113030
225 74.753492 88.380042
226 84.119497 97.619026
227 69.382549 11.381367
228 79.678197 34.763695
229 73.210560 57.767285
230 13.523735 98.498284
231 18.310821 42.715107
232 5.739712 73.198379
233 83.349045 58.103767
234 60.808175 12.044855
235 98.867788 73.672926
236 90.879969 20.605172
237 52.378743 84.136479
238 86.985854 94.367181
239 70.900001 72.126873
240 28.276831 96.156168
241 6.659170 7.400545
242 66.677239 11.680546
243 33.685509 5.915142
244 59.230693 75.271709
245 29.273720 76.481694
246 79.731155 99.488063
247 81.068197 34.951704
248 86.471114 2.235581
249 79.012099 27.093530
250 94.573900 16.072343
251 91.708074 44.479832
252 89.872567 69.840187
253 28.661226 2.254092
254 43.001564 66.082424
255 55.419596 61.682442
256 71.540903 8.306933
257 97.663399 39.922796
258 20.289512 84.234346
259 78.019064 27.582931
260 8.468762 72.957330
261 90.830601 84.406340
262 31.587216 90.950988
263 30.213167 9.956064
264 25.476735 95.260325
265 6.733812 34.407415
266 72.015103 71.283776
267 66.636992 36.170149
268 63.969628 85.524913
269 36.399836 32.806122
270 69.334220 30.555601
271 68.511510 53.801095
272 11.496427 5.159241
273 5.637496 72.201134
274 48.038544 66.603810
275 31.469949 58.540188
276 84.223233 44.153681
277 27.952027 86.534373
278 94.666903 76.847720
279 6.978823 72.745103
280 97.655604 53.522878
281 80.646745 87.851878
282 15.637328 98.402264
283 69.590795 16.501643
284 83.276350 34.982104
285 47.456246 11.116679
286 35.488284 92.709836
287 15.483397 57.507415
288 60.524576 86.920016
289 82.015679 13.657104
290 91.393102 90.127412
291 68.907900 5.299466
292 24.762359 5.570346
293 49.724383 26.302891
294 47.433725 89.961681
295 23.328756 56.109576
296 25.521228 27.778639
297 87.649082 99.833920
298 37.798899 51.832461
299 60.290726 47.308308
300 82.019440 20.881832
301 81.569178 59.107630
302 46.581265 12.316117
303 20.469706 42.648668
304 14.955583 31.824216
305 43.241148 2.100247
306 8.474442 42.585674
307 62.350455 64.934085
308 36.300224 60.875268
309 17.619698 89.992043
310 62.720136 45.289966
311 56.339395 23.719364
312 33.192797 35.946547
313 4.927197 68.103023
314 37.479620 93.746926
315 16.460266 62.927758
316 57.783040 99.967914
317 7.563240 52.287106
318 63.577423 4.719691
319 57.222208 89.121518
320 86.822243 96.106092
321 70.808029 36.744268
322 48.411610 80.149938
323 63.753236 18.155544
324 67.811702 60.653454
325 45.994667 79.788821
326 5.669849 19.853022
327 37.745128 67.315552
328 40.554184 91.498121
329 95.949472 22.501005
330 96.036756 47.952367
331 98.532692 42.553617
332 93.567863 22.766668
333 21.006268 44.790118
334 47.443880 76.231863
335 94.545119 12.094488
336 85.964891 77.751422
337 50.544223 18.745627
338 58.047004 61.030219
339 39.722325 86.352044
340 43.016228 64.210733
341 35.304308 78.957548
342 88.110539 84.902552
343 43.486974 80.982052
344 78.193820 16.617636
345 32.683184 69.597606
346 42.530661 80.626773
347 86.477194 99.744415
348 94.523580 25.603915
349 85.722868 31.380764
350 16.950297 39.090003
351 50.374059 80.062284
352 77.694380 12.057516
353 48.691651 63.265644
354 96.989634 61.046140
355 13.394450 27.058740
356 62.785813 92.842917
357 70.169221 6.938180
358 66.158463 71.224524
359 12.130001 11.530756
360 81.012638 76.613016
361 61.127246 38.802158
362 36.786201 4.920920
363 91.537049 93.642479
364 63.443478 65.696362
365 50.500799 41.463693
366 99.890777 46.363333
367 32.228413 11.333496
368 78.275608 86.979143
369 1.802450 30.653868
370 2.328945 63.202569
371 18.030293 35.917018
372 86.135105 75.475781
373 61.258884 84.375245
374 18.862145 93.265951
375 44.101962 5.819133
376 68.502096 72.865777
377 18.362039 58.312715
378 74.812404 66.136141
379 69.593763 74.960239
380 6.672254 25.664243
381 12.801790 8.245385
382 19.486416 70.268305
383 97.531042 6.593967
384 48.271012 30.493293
385 68.972320 90.707097
386 35.973395 45.622649
387 94.638401 83.404600
388 5.813934 70.148945
389 99.136347 44.387539
390 37.100787 13.335606
391 98.573795 20.080242
392 97.437118 40.923869
393 62.665848 98.836486
394 43.193641 52.952186
395 42.138578 73.395199
396 89.075346 36.250285
397 26.591132 53.723195
398 29.150072 58.418711
399 86.364450 60.862807
400 91.241104 91.117769
401 42.459500 99.964341
402 14.574226 74.554951
403 72.762557 0.707947
404 59.946892 67.194279
405 92.088032 43.668364
406 9.261401 49.885804
407 89.764244 59.726702
408 61.204785 18.486652
409 85.336455 46.690619
410 85.097878 57.938142
411 78.901560 81.119468
412 11.346409 84.644022
413 28.960388 98.678362
414 99.372805 40.237671
415 95.321758 79.174624
416 18.566208 33.339149
417 84.788865 70.196848
418 58.520676 70.655445
419 64.433039 79.997963
420 55.313286 50.723825
421 63.307435 65.244223
422 22.219701 10.930089
423 35.897591 82.413363
424 75.422799 33.853702
425 82.778015 63.045504
426 91.109042 55.081735
427 58.792887 6.794089
428 53.164013 4.912514
429 76.103867 44.977917
430 98.919874 11.264112
431 69.654777 28.594205
432 18.577919 20.202250
433 8.660185 20.948748
434 28.998980 52.765823
435 86.596316 75.501702
436 50.759796 70.837216
437 38.166868 8.865140
438 34.118900 54.996799
439 44.697084 49.726342
440 31.951321 40.914617
441 93.870697 64.478454
442 92.152736 71.287263
443 83.098405 10.172846
444 32.381273 95.007583
445 55.839036 5.966214
446 85.853000 58.153383
447 4.795005 21.818880
448 35.057730 91.716207
449 82.944686 71.715659
450 60.198143 18.465683
451 39.601969 55.692070
452 22.880318 13.636416
453 21.139901 55.470195
454 19.007479 65.372757
455 44.565923 20.923087
456 67.264813 32.545104
457 0.917577 10.047127
458 68.097594 98.539704
459 58.800942 47.224265
460 22.084597 35.262259
461 68.409797 0.756422
462 18.407549 52.356432
463 49.335844 2.199860
464 57.272627 98.887616
465 69.728062 22.743848
466 61.078929 44.287297
467 76.759443 35.762733
468 51.654326 12.564214
469 53.914564 63.272417
470 15.365092 18.019262
471 26.653331 65.396207
472 56.455588 34.903104
473 68.744847 56.208156
474 5.104524 14.012353
475 50.615948 29.883602
476 10.552455 11.377286
477 94.616126 30.423954
478 70.613654 59.016864
479 73.482891 64.397279
480 15.207329 10.365452
481 26.858867 45.741809
482 20.643030 19.009273
483 19.507377 63.600653
484 48.697736 10.531110
485 25.503542 28.300473
486 81.654184 4.510455
487 61.794561 1.048972
488 69.437816 19.559613
489 57.216602 13.381969
490 98.710200 7.164833
491 16.859500 75.554740
492 47.543186 2.536431
493 95.094717 29.850435
494 49.193961 48.597855
495 85.174258 95.897247
496 90.868261 24.596836
497 85.983032 37.915234
498 72.718602 93.462009
499 52.170756 76.482646
500 45.785065 59.482480
501 57.639752 84.734935
502 57.367474 41.086572
503 81.532534 90.132674
504 69.285084 82.349414
505 68.191005 51.650600
506 84.110786 74.896740
507 53.002464 34.149582
508 10.119946 71.175546
509 3.671280 44.556072
510 19.415900 40.853035
511 15.725700 42.305535
512 2.170928 71.373932
513 77.914253 74.768375
514 69.230217 79.805385
515 80.803103 63.860795
516 33.720344 16.010703
517 99.506420 2.931433
518 34.825584 31.342245
519 35.550162 78.014945
520 32.999347 45.543831
521 3.265577 60.620810
522 73.950390 43.177215
523 46.999545 53.454047
524 82.926355 26.999040
525 79.095006 52.834973
526 86.446194 76.563989
527 44.351395 36.564611
528 39.177366 7.671345
529 86.423436 21.163745
530 17.072606 12.658774
531 57.576491 84.820670
532 49.035551 44.212769
533 25.986628 71.288969
534 83.673501 40.264881
535 12.426140 84.239936
536 44.086686 4.000488
537 95.032274 16.805663
538 67.830713 13.998641
539 3.076242 78.841052
540 93.460287 12.772262
541 75.113649 43.991246
542 94.227455 96.200156
543 87.694007 89.867870
544 53.438550 2.821591
545 75.506802 15.465027
546 78.832454 7.007105
547 74.626284 83.684530
548 97.595845 77.031664
549 38.822624 45.157253
550 9.808437 91.194892
551 59.749496 21.379254
552 85.637838 86.316692
553 28.006959 94.382260
554 57.232788 34.051112
555 68.471731 28.813193
556 2.236114 55.980253
557 28.826024 0.940329
558 57.051290 62.941898
559 18.030500 0.427292
560 59.204822 63.082620
561 1.117689 47.582009
562 65.594809 33.612279
563 72.844383 25.379504
564 2.412688 2.216414
565 37.254528 24.971381
566 29.543197 64.741779
567 73.399682 72.565598
568 85.706227 74.793586
569 27.060325 92.439029
570 12.682641 99.380580
571 68.063948 80.498399
572 69.249161 90.691706
573 73.989830 21.465659
574 21.644630 94.676929
575 15.302017 43.093941
576 68.264278 0.973056
577 41.830776 21.583019
578 90.299703 23.928134
579 79.093631 69.921371
580 95.559397 97.351314
581 55.534963 56.835955
582 30.010484 85.428326
583 3.630930 36.573254
584 3.864743 18.311137
585 98.802065 44.965230
586 87.164196 90.088792
587 8.775004 37.335094
588 18.866477 71.821769
589 92.387227 86.504316
590 36.676597 2.908497
591 72.502311 2.569338
592 17.397879 76.913870
593 50.151251 91.362291
594 37.617736 76.017789
595 99.259258 70.697484
596 82.132920 36.607727
597 94.414193 41.079570
598 56.579379 91.178367
599 96.630862 32.574272
600 19.910955 85.092949
601 49.470378 54.298458
602 9.661348 2.890076
603 70.414977 60.021889
604 39.840567 66.886067
605 93.808723 80.913201
606 82.050972 93.734243
607 11.865612 41.560590
608 28.239920 59.516782
609 37.960829 21.217975
610 58.512211 66.356002
611 74.545099 84.623725
612 51.133824 12.745816
613 7.574370 1.081790
614 6.298613 93.707369
615 1.238423 98.575616
616 74.086130 36.269709
617 41.757410 17.601680
618 85.917184 11.812117
619 29.197038 8.299653
620 12.803120 67.594866
621 88.378842 4.138045
622 57.437973 60.469537
623 88.345852 72.914590
624 51.476934 55.287232
625 33.170140 59.346364
626 12.100029 64.217732
627 20.169849 8.728344
628 29.137158 5.025667
629 56.737813 5.399288
630 41.682091 54.975670
631 9.880550 60.503933
632 77.699786 25.804934
633 68.654183 39.215369
634 32.416537 94.170467
635 6.834794 34.207936
636 44.624209 18.132471
637 81.315523 98.812031
638 31.415547 18.175093
639 17.941477 73.809950
640 12.022025 46.229171
641 2.082673 49.563438
642 99.126476 72.031602
643 93.164474 37.529142
644 49.476382 93.430142
645 25.264131 98.665053
646 17.269624 36.882527
647 21.616784 3.484036
648 70.945523 33.965172
649 38.260778 15.735277
650 41.153996 58.728466
651 18.674391 31.046676
652 97.096434 54.967775
653 2.406116 82.929463
654 12.269294 74.285238
655 46.179211 88.809831
656 14.890886 28.881607
657 45.441739 34.551582
658 79.749186 2.642320
659 83.757576 66.834712
660 14.452865 36.201682
661 81.572863 64.480325
662 31.354226 33.407778
663 49.614641 12.664641
664 97.359682 23.741086
665 29.879991 40.925917
666 95.383607 58.809821
667 17.597961 63.860073
668 82.849792 27.881323
669 87.122607 70.757943
670 0.313487 15.037243
671 53.503098 39.177395
672 44.393912 3.816915
673 51.368292 11.145461
674 12.255942 79.578668
675 4.569622 35.158667
676 13.068540 41.385543
677 78.747493 25.810116
678 41.671337 2.011788
679 19.802575 97.527271
680 23.730674 18.555190
681 49.774744 68.615674
682 87.230547 35.024060
683 24.728474 19.519181
684 58.443312 74.049163
685 7.150764 15.454608
686 11.652713 22.502406
687 53.294185 78.818314
688 41.397253 41.082631
689 97.589533 75.659179
690 26.572932 40.326330
691 88.599702 70.521842
692 95.637358 55.437289
693 53.958319 18.792880
694 94.273580 42.714582
695 15.865262 87.121811
696 43.815540 29.770947
697 32.425065 23.539340
698 27.303519 7.237040
699 99.659011 97.089693
700 87.740186 37.192531
