200 200 40 COORD_PMED seed=20260716 source=pmed9
CUSTOMERS
1 28.961183 11.392038
2 26.910633 42.074956
3 12.607361 91.879509
4 32.251831 81.248330
5 27.113304 99.819218
6 7.882585 75.699056
7 40.270807 25.404104
8 63.811620 38.010004
9 84.324216 27.432888
10 49.814460 22.801851
11 60.929359 46.022252
12 64.579284 15.497545
13 20.083993 6.507854
14 50.858818 87.595351
15 66.629391 50.086960
16 6.159827 55.277860
17 21.608023 96.831632
18 80.761451 15.717710
19 92.782819 73.397535
20 6.609052 55.525711
21 91.519088 55.857528
22 97.850441 20.876180
23 62.746523 89.828090
24 62.682851 90.623053
25 2.157191 94.401361
26 46.683972 70.510626
27 46.168471 75.221805
28 0.100857 50.941075
29 56.981964 48.126535
30 52.562866 12.351950
31 45.772943 77.870947
32 9.777144 15.308755
33 0.598472 37.114336
34 96.798843 50.686910
35 96.118690 39.572260
36 47.502887 8.851975
37 58.381692 27.540190
38 25.560848 27.789891
39 16.604484 28.547908
40 86.426099 11.765223
41 96.612423 86.904190
42 10.530093 47.112856
43 35.910262 93.616348
44 78.716609 99.653592
45 98.824168 55.822271
46 33.725894 73.891928
47 92.361249 10.654412
48 22.985981 90.104791
49 77.006496 16.653987
50 64.347826 39.822791
51 1.731609 27.088517
52 32.729749 64.333021
53 86.599752 79.716318
54 92.654387 59.703312
55 24.183978 25.448804
56 45.972376 88.165375
57 64.915869 29.108092
58 33.201929 0.369434
59 6.971951 73.307580
60 4.676310 64.817787
61 72.424763 73.111681
62 11.268263 43.135363
63 73.203531 26.606565
64 7.966535 39.781645
65 32.365849 84.762919
66 92.901405 18.347528
67 2.010779 83.948754
68 97.292909 84.445730
69 31.079347 89.664373
70 32.480441 19.115242
71 31.373268 14.621867
72 24.762608 55.144047
73 59.865798 53.163176
74 12.599291 0.980256
75 0.563645 60.364928
76 92.216294 73.724131
77 91.854922 70.378441
78 7.426098 5.675910
79 16.329188 4.620342
80 18.946385 28.259635
81 99.257868 68.281903
82 84.797470 20.638854
83 1.979162 48.119269
84 27.187155 67.682217
85 35.272430 77.308969
86 14.280582 67.384437
87 96.019477 63.357862
88 68.258065 39.458076
89 7.490503 99.424385
90 62.742008 60.998563
91 50.318508 83.928129
92 21.967906 67.252240
93 73.025271 64.260720
94 43.792629 46.250368
95 10.119337 92.054570
96 33.570054 14.990897
97 13.026631 60.825008
98 93.381584 23.110322
99 26.554914 60.501983
100 58.533414 13.137101
101 39.315662 82.652980
102 88.301499 80.048803
103 79.336509 2.031237
104 38.265165 49.287591
105 53.495945 44.196135
106 18.353540 37.405612
107 66.190691 75.393229
108 45.281137 33.520564
109 68.880782 36.094272
110 13.729652 21.681072
111 40.212714 73.510324
112 92.532802 93.100149
113 48.816147 45.860413
114 68.803916 59.095962
115 0.029011 36.817622
116 98.916517 12.215981
117 43.016031 64.294893
118 45.641004 48.045648
119 90.575414 2.892158
120 24.667417 94.280938
121 4.352945 43.322325
122 9.750256 82.125490
123 77.086243 26.772008
124 42.877466 89.636225
125 23.043086 88.626117
126 44.252681 38.616051
127 77.960418 24.665383
128 33.649974 44.933677
129 56.234580 71.577431
130 97.919340 61.118094
131 23.554146 81.753383
132 12.859935 9.225788
133 69.152390 4.214797
134 75.030872 93.488236
135 1.329187 21.753006
136 86.621679 0.419381
137 73.903084 67.247268
138 3.312164 33.342487
139 98.399050 52.760130
140 14.237082 11.065910
141 25.807402 96.892700
142 65.764913 51.885008
143 62.088452 51.089133
144 25.689471 63.519234
145 91.451342 63.895033
146 19.658529 45.358894
147 97.226327 49.305030
148 42.932743 0.298073
149 60.922384 65.693689
150 22.163957 12.815252
151 56.414411 47.368868
152 52.231301 47.618363
153 61.741892 96.614044
154 1.656821 96.009936
155 15.088016 35.782824
156 72.744658 28.065305
157 5.266624 25.134478
158 2.852207 54.401317
159 2.103370 48.941249
160 76.358428 94.892603
161 88.098203 57.930090
162 96.750599 3.691216
163 90.376698 85.363246
164 39.935753 44.168587
165 11.256683 19.582883
166 67.752505 39.850763
167 21.962358 17.745256
168 57.610247 22.567270
169 14.758701 48.767610
170 6.086780 57.043123
171 8.907276 61.944392
172 79.312133 32.400571
173 89.880785 56.678358
174 0.843885 88.445835
175 7.206377 84.902946
176 57.480725 80.368428
177 34.116242 26.649336
178 96.961926 79.492967
179 77.569447 41.742103
180 57.588453 41.219644
181 78.759917 68.116698
182 91.507936 18.847144
183 12.309630 74.682996
184 0.888998 59.311351
185 42.003071 79.612064
186 53.137958 69.898547
187 76.296077 53.859105
188 72.221758 13.566018
189 2.996596 48.711413
190 77.054089 87.966668
191 35.320250 69.212332
192 0.672045 97.452611
193 46.173619 3.212065
194 25.292815 12.422511
195 94.585164 47.019709
196 83.895060 55.028549
197 20.154315 53.913857
198 81.053731 1.479476
199 54.845527 49.638384
200 45.522340 21.232392
LOCATIONS
1 50.723644 17.685583
2 89.899213 51.689188
3 28.262935 9.117512
4 26.448515 97.042499
5 41.365884 92.926978
6 90.835126 91.802534
7 22.303490 9.242561
8 63.644449 9.957433
9 41.943436 83.155547
10 12.692089 90.148714
11 9.252921 3.763868
12 24.942827 46.223650
13 93.809285 88.596079
14 71.103172 77.328654
15 56.965034 84.915998
16 42.606490 59.950159
17 48.299809 45.718182
18 25.497650 97.104213
19 87.972871 28.184313
20 82.457503 72.525883
21 66.348137 2.401236
22 55.141400 90.146752
23 32.482561 17.971436
24 51.043423 9.245837
25 80.484163 42.121788
26 92.303912 9.320906
27 98.543044 11.250175
28 69.189558 21.495003
29 87.331754 72.278342
30 79.938869 10.285077
31 35.525398 54.749559
32 43.914559 95.996093
33 72.587532 12.545745
34 20.966063 87.806224
35 94.642175 8.398411
36 58.158074 87.092647
37 20.504587 55.903254
38 35.490523 25.843651
39 78.929956 14.014930
40 39.364641 42.056028
41 41.628955 4.733660
42 51.407803 1.500548
43 12.160119 70.004072
44 77.461310 3.714601
45 42.383796 17.910003
46 88.746574 17.557046
47 81.221874 4.501342
48 68.625564 85.338003
49 55.881063 81.854702
50 97.776548 16.591883
51 9.649060 7.782045
52 1.219507 72.008730
53 36.452219 22.091346
54 47.682426 34.233534
55 95.210233 73.421501
56 2.793874 38.224190
57 14.780512 15.515057
58 98.527877 28.341354
59 30.918666 15.980415
60 9.774791 74.953166
61 81.826772 84.630490
62 30.919630 76.602329
63 4.594543 12.052885
64 15.318713 57.383877
65 95.469263 53.194505
66 30.714462 17.111781
67 65.110590 98.738023
68 63.627610 11.786814
69 8.360835 53.110250
70 84.773435 95.846766
71 66.343237 57.768498
72 70.593741 55.400755
73 93.052862 9.085231
74 3.540058 24.871031
75 24.691087 28.790797
76 38.853164 21.389841
77 87.859500 50.668852
78 86.648164 29.043861
79 61.635847 59.417854
80 20.292143 94.331805
81 86.396329 66.593574
82 0.884552 55.425654
83 53.002603 81.653059
84 99.864168 62.043044
85 18.022553 4.757811
86 58.846895 2.584603
87 57.295672 16.957331
88 25.263517 76.447178
89 54.544834 70.419996
90 99.838072 98.634906
91 96.999623 58.552329
92 68.681840 94.577261
93 8.122377 9.247476
94 64.949899 51.202087
95 17.694510 91.163858
96 67.426380 9.477447
97 28.672774 14.388003
98 14.667401 96.111212
99 61.570685 61.840082
100 27.510284 86.611469
101 80.726992 58.084728
102 56.627547 95.190202
103 52.003331 6.661431
104 37.709952 81.828010
105 82.220568 15.892581
106 25.924534 28.249995
107 41.742191 6.378479
108 15.026757 4.982386
109 58.793600 59.551872
110 59.246083 51.501920
111 71.280297 17.811999
112 64.364255 92.435982
113 83.566355 52.352112
114 84.001110 77.254459
115 1.976739 95.138103
116 97.316634 32.573062
117 92.705652 21.978980
118 43.136079 60.395537
119 76.351796 73.521058
120 92.328142 73.617578
121 81.084894 5.376734
122 66.137467 58.528544
123 6.720176 89.322498
124 20.398683 21.464500
125 51.691330 46.954592
126 1.479930 15.782839
127 7.437270 30.644206
128 70.897629 65.090267
129 66.929138 31.512406
130 61.965628 26.291072
131 21.517131 6.798151
132 94.110720 89.601902
133 38.860671 65.799084
134 21.747502 84.741007
135 58.913031 93.062319
136 48.848798 33.175894
137 82.289574 29.061637
138 58.089507 85.102443
139 35.827576 9.253674
140 2.668645 90.624304
141 99.363020 30.853392
142 51.877462 66.025692
143 72.138144 29.738919
144 56.577642 26.530818
145 60.059300 74.476954
146 8.814350 63.025522
147 68.595592 62.775755
148 35.292060 87.505701
149 58.827043 56.134936
150 4.241528 82.443582
151 14.075723 37.798486
152 55.124089 26.382130
153 5.551419 4.132161
154 31.839678 46.313405
155 21.217496 58.633355
156 7.387651 54.534070
157 7.446303 45.959115
158 38.940191 40.540761
159 30.404977 86.565304
160 5.081109 24.912058
161 94.640372 34.298983
162 41.410744 25.472630
163 63.773158 39.935096
164 61.631043 84.421000
165 20.329872 82.233729
166 59.855924 87.325140
167 12.078863 53.389905
168 44.904871 73.281394
169 38.146025 30.411142
170 29.743587 83.340405
171 43.583402 81.743007
172 48.727665 13.241344
173 38.881976 21.771169
174 47.688873 65.333714
175 52.907964 19.429886
176 99.361193 67.676036
177 82.229732 33.957110
178 87.172737 89.895802
179 29.303051 63.150202
180 66.961049 33.124191
181 64.961203 63.880370
182 39.315972 30.803644
183 63.781313 72.300817
184 75.719289 78.348183
185 75.498783 43.149070
186 91.050265 21.969526
187 65.155804 65.326737
188 54.635479 23.394897
189 87.820404 46.714614
190 41.540496 27.634759
191 95.101749 20.288684
192 59.051181 98.124089
193 7.271056 49.675754
194 65.845367 19.130092
195 64.447568 16.047158
196 97.538840 3.890223
197 37.991433 90.590325
198 88.767262 18.147440
199 24.249832 8.144744
200 2.347295 42.315091
