600 600 60 COORD_PMED seed=20260735 source=pmed28
CUSTOMERS
1 59.809427 82.274778
2 40.958761 37.556432
3 75.283851 28.544798
4 5.497686 51.042964
5 42.025232 64.653570
6 56.083283 23.435504
7 18.571669 94.471711
8 45.383367 7.370591
9 4.210525 16.842088
10 33.620080 96.788278
11 78.650668 69.840242
12 12.632522 9.469042
13 73.503678 97.403904
14 77.495518 37.606577
15 91.564404 62.933640
16 87.700554 65.448338
17 16.130465 54.910792
18 42.800177 68.249742
19 3.679472 52.709777
20 20.152169 27.393340
21 6.562000 69.000113
22 35.304106 0.643504
23 91.608942 70.710582
24 93.463180 12.649276
25 37.499586 25.383540
26 47.857558 24.911027
27 44.563618 8.874924
28 86.641118 91.969735
29 68.759944 95.974253
30 41.018064 50.322718
31 13.883094 63.185232
32 72.755446 96.111566
33 53.256957 31.599823
34 63.055177 39.170254
35 51.612137 16.501671
36 17.844774 82.171027
37 77.575484 49.265748
38 96.613871 67.951560
39 78.027900 22.943344
40 65.493408 98.569025
41 34.260042 46.068177
42 81.039301 39.767355
43 93.365178 43.366672
44 24.240442 78.995161
45 16.420822 80.160761
46 97.135835 81.917880
47 0.880927 2.616928
48 40.637885 0.592952
49 41.878918 53.112883
50 53.934011 52.461875
51 14.995992 96.826796
52 45.554067 24.160133
53 15.581830 0.556679
54 80.255390 69.272256
55 95.240012 10.564419
56 77.764360 41.141426
57 86.169641 64.977174
58 48.861351 24.215100
59 89.841403 5.672842
60 64.357393 90.176850
61 57.587804 36.809627
62 34.552495 3.507279
63 14.403120 78.524957
64 18.525014 53.698157
65 11.766657 86.835504
66 25.273137 34.374683
67 32.412510 48.664754
68 10.829144 86.066774
69 3.225570 96.718656
70 1.835436 57.047040
71 8.944157 6.733647
72 73.845301 51.772798
73 88.143581 28.307945
74 12.695221 75.205494
75 98.402925 83.023696
76 70.288236 16.646569
77 23.477708 97.008171
78 6.820435 10.794772
79 43.419651 93.045692
80 66.158562 97.339901
81 29.156984 35.084048
82 43.364546 10.528022
83 61.663994 88.537143
84 51.826134 35.662987
85 0.146679 35.008586
86 25.571861 97.389365
87 25.266623 70.737267
88 19.949071 2.970225
89 93.383104 85.611009
90 21.538160 73.601236
91 47.369982 27.929105
92 19.916503 92.409830
93 98.037165 90.399873
94 6.195649 33.509020
95 56.212146 1.269448
96 0.014971 44.063533
97 3.749425 6.140293
98 88.382938 88.533232
99 46.470570 46.376055
100 38.063525 26.649824
101 59.955752 42.665911
102 96.062650 95.392430
103 97.888129 3.099749
104 21.943191 79.093129
105 73.959943 70.306935
106 52.764089 25.351345
107 33.180357 41.842117
108 81.745471 13.569867
109 57.550583 80.435693
110 85.929112 30.578145
111 74.700375 6.293663
112 88.511259 73.605402
113 49.888579 92.868830
114 23.566515 22.223879
115 8.314353 58.406308
116 2.294117 65.402934
117 37.503869 29.214310
118 97.559136 80.589144
119 62.138556 28.119914
120 20.652026 14.499112
121 62.379150 32.775716
122 91.498015 74.227629
123 41.245617 22.135796
124 94.583549 51.666816
125 8.901473 37.090508
126 23.089770 78.474646
127 41.385735 56.245920
128 82.046298 96.105750
129 16.965468 58.308699
130 23.937529 58.758175
131 11.805031 64.442820
132 7.054717 65.576894
133 52.210135 2.727797
134 7.353992 12.742164
135 22.596863 92.508041
136 48.963114 5.501477
137 58.334894 15.285853
138 29.850989 49.505783
139 78.340253 54.809641
140 30.123751 56.378546
141 77.082486 14.778813
142 33.966663 88.701831
143 95.747891 54.277177
144 4.843825 50.337423
145 32.165158 91.234328
146 37.551718 72.042947
147 13.376457 19.884263
148 95.781941 65.537143
149 58.309061 42.926019
150 53.017726 9.264324
151 11.477268 28.945239
152 71.992264 23.945415
153 84.915420 78.864836
154 48.191322 77.412702
155 34.550948 82.695203
156 16.985456 48.030333
157 19.116557 95.226854
158 68.873468 89.749692
159 97.215062 43.910696
160 96.051890 33.522658
161 69.517850 88.455268
162 92.001830 25.324562
163 74.166036 94.486636
164 85.333620 48.137072
165 12.436537 60.709569
166 17.011328 25.277348
167 20.998429 91.386486
168 80.343121 39.875225
169 51.620927 68.458774
170 23.746967 69.087388
171 98.764589 84.156313
172 0.911924 78.898726
173 93.005808 50.890495
174 76.016283 43.605055
175 92.386850 44.144525
176 72.182720 54.825527
177 95.473165 73.840169
178 82.069613 24.902078
179 84.330202 37.627023
180 36.646144 30.533599
181 48.277120 9.618018
182 18.110092 36.617148
183 50.593844 12.794023
184 35.750646 14.338667
185 57.659826 42.817975
186 47.045487 28.711133
187 59.919289 59.902741
188 10.805122 47.900628
189 63.021553 63.485021
190 64.769523 95.126990
191 7.208580 88.509374
192 14.867582 81.419435
193 97.465283 91.408390
194 27.311995 57.504169
195 58.957014 71.205923
196 27.794738 84.561097
197 54.061138 44.640450
198 41.951274 69.961887
199 67.418348 73.241780
200 59.016033 87.446521
201 0.470784 69.336746
202 47.117328 82.295251
203 47.048484 16.128034
204 52.314622 43.209327
205 60.761903 50.344789
206 84.818751 12.764293
207 3.805333 14.114807
208 24.954881 35.408245
209 41.952643 46.752978
210 16.966968 67.686639
211 52.841185 3.117135
212 37.591173 53.130088
213 85.689641 35.348441
214 29.349480 92.985102
215 65.814805 95.579128
216 78.707157 65.037503
217 23.792613 34.167767
218 89.544482 90.123649
219 76.540224 93.732315
220 39.728632 64.246032
221 72.928420 80.732616
222 73.996791 62.023992
223 60.182333 34.161282
224 99.601360 37.143344
225 86.949685 10.724025
226 40.755854 69.398312
227 15.455188 78.120858
228 88.264355 46.710480
229 68.104588 61.953627
230 40.558835 64.459443
231 40.403586 76.771357
232 83.826178 18.627153
233 36.536172 30.205894
234 23.624834 62.167336
235 18.333887 76.992433
236 20.668109 56.313098
237 87.704987 95.533439
238 39.256246 49.906136
239 82.842235 99.677255
240 86.684547 56.330964
241 18.760306 63.454082
242 17.658528 56.310366
243 18.803467 21.325536
244 98.910205 71.065965
245 49.289260 71.184406
246 20.227127 44.958400
247 19.294583 56.088899
248 78.703782 7.760221
249 9.480566 84.343556
250 46.726034 54.514541
251 43.536030 21.144426
252 36.891166 89.337169
253 59.292683 41.929354
254 83.655571 13.434461
255 44.177989 12.104222
256 77.939838 95.819841
257 70.170666 6.973929
258 11.943945 88.481043
259 64.674780 85.080029
260 66.345340 54.834002
261 16.105734 94.501344
262 39.708969 0.011308
263 56.598011 86.360860
264 26.313392 9.007915
265 5.255039 58.060928
266 23.755726 54.230294
267 73.774064 44.180054
268 11.088387 95.750309
269 18.488565 49.279533
270 64.723961 79.784487
271 25.022945 95.718762
272 61.650169 52.403883
273 1.592374 80.986604
274 35.728507 3.811740
275 98.327119 29.719282
276 19.649961 19.722247
277 31.544954 26.346891
278 66.987191 18.628277
279 11.702576 76.753420
280 46.563701 82.491479
281 34.921973 34.179157
282 33.554946 93.254842
283 21.719950 42.831415
284 8.962452 54.871996
285 9.582070 78.812115
286 15.336732 87.272429
287 1.019969 61.267961
288 86.558254 8.110716
289 4.550527 89.885909
290 65.076051 54.459994
291 55.972750 1.620541
292 72.625081 50.846260
293 0.314060 26.534149
294 33.580456 63.258532
295 1.531286 8.518387
296 91.766103 45.922832
297 76.198068 62.135601
298 37.193417 10.633128
299 19.181294 45.038631
300 66.349009 93.102267
301 43.989491 14.028572
302 52.044311 59.337249
303 3.379590 75.775051
304 4.052318 28.931506
305 95.036391 23.777057
306 5.973293 1.144709
307 31.539656 21.275038
308 35.032921 12.440705
309 79.519681 3.924118
310 49.428261 24.578573
311 93.311988 3.668716
312 63.738066 79.190788
313 44.008218 47.978493
314 95.974098 13.606732
315 89.615730 27.399322
316 74.595589 91.559927
317 56.552657 64.670978
318 78.327519 31.595722
319 39.788298 26.915632
320 66.691676 33.705200
321 76.950583 37.414482
322 51.285305 59.824478
323 2.122796 40.908090
324 2.284427 6.669643
325 78.602694 87.211529
326 25.744372 3.524794
327 9.932141 96.401596
328 37.764779 15.604873
329 6.097905 50.380566
330 5.594693 27.179209
331 46.461536 43.770726
332 58.870194 30.333088
333 87.873589 25.955925
334 39.548274 29.795218
335 33.653997 30.744520
336 68.487803 23.387545
337 59.261885 54.271424
338 58.884113 34.217823
339 25.345277 93.356614
340 35.122343 24.255142
341 69.242733 87.248771
342 76.346216 21.859315
343 90.217045 70.224487
344 15.016818 76.224303
345 38.140150 17.368502
346 64.267986 24.857563
347 80.820012 86.635609
348 16.955508 69.704584
349 73.855130 46.668848
350 47.920335 85.575959
351 35.731487 36.514791
352 0.601861 55.727430
353 46.786574 47.756240
354 35.282226 76.650374
355 93.005305 56.765168
356 77.266103 71.022206
357 57.643611 45.693337
358 98.170811 93.182926
359 26.888367 71.092938
360 13.178682 1.391664
361 84.420278 88.773469
362 10.110687 16.348706
363 96.947756 21.505425
364 27.611030 26.217243
365 0.648508 32.132675
366 73.866291 56.874111
367 68.848002 49.585118
368 68.564333 7.511800
369 41.368991 39.538141
370 77.907345 14.727738
371 61.538997 92.632139
372 6.736516 95.442507
373 54.690548 11.508848
374 65.018825 51.353362
375 50.457751 32.307470
376 62.751713 95.624257
377 71.057245 28.663456
378 26.190574 91.097540
379 67.141585 64.033147
380 37.191452 95.428789
381 53.994919 98.150520
382 53.129524 78.505226
383 42.747020 63.744724
384 36.694429 91.030163
385 44.795119 14.927471
386 21.682935 47.983645
387 8.955912 4.204359
388 43.055753 63.161447
389 90.520045 1.522413
390 94.862864 4.606606
391 53.951003 32.170703
392 4.950105 92.212464
393 9.378099 5.412281
394 10.281931 74.810544
395 39.563166 2.110286
396 36.600986 19.560866
397 57.750367 27.668463
398 10.112567 18.417532
399 5.414410 61.443456
400 66.623633 60.394999
401 63.238182 43.827002
402 77.827097 1.093918
403 16.707084 20.707889
404 82.933085 60.869116
405 43.609739 32.120498
406 17.475494 84.249849
407 88.256444 75.810344
408 24.690579 75.980709
409 73.855129 26.140746
410 67.686973 41.683864
411 62.587207 17.106007
412 83.545665 65.723683
413 42.053200 80.343720
414 90.322641 70.140304
415 50.734905 29.882104
416 92.415387 67.360879
417 27.306749 75.698895
418 1.582518 5.153950
419 24.123368 52.467589
420 44.857314 8.397424
421 94.478073 38.023469
422 51.280046 75.238668
423 92.499082 61.715015
424 2.897661 24.007655
425 14.081055 32.643743
426 78.135790 56.243443
427 24.539035 17.288833
428 51.047013 73.655901
429 57.342854 68.619382
430 45.939852 45.326553
431 43.552792 83.020127
432 26.994430 56.167600
433 63.888399 38.999901
434 21.127912 52.363542
435 5.500552 91.031308
436 8.238162 26.586254
437 73.383393 67.368951
438 42.249400 53.058887
439 43.829405 25.304685
440 59.133974 28.037897
441 58.414137 56.275722
442 85.312752 76.807879
443 3.318171 53.202805
444 96.955597 59.398979
445 90.044828 27.194963
446 22.648860 91.784320
447 19.102294 78.944630
448 23.751607 9.566437
449 9.621937 40.911570
450 44.460725 72.916140
451 56.881829 56.060268
452 78.073936 56.696864
453 53.016095 19.433346
454 74.533150 24.583883
455 25.308226 68.364051
456 16.281889 36.963961
457 99.128496 15.238675
458 78.783177 84.033117
459 59.077324 66.566162
460 54.141772 65.518394
461 33.756029 69.236270
462 14.822590 19.208772
463 81.881179 33.164964
464 59.930668 56.242002
465 49.599677 7.401324
466 76.258588 35.936404
467 3.103366 70.555294
468 49.312405 26.511935
469 77.597270 42.406186
470 22.345188 45.372815
471 48.235009 93.265627
472 51.122424 94.005113
473 10.670954 12.565260
474 38.706536 34.825676
475 36.876335 82.849982
476 81.021338 68.334141
477 20.461501 92.061176
478 12.315488 21.811873
479 83.685763 42.810249
480 32.960601 24.393980
481 12.269721 10.253681
482 98.220137 11.658926
483 32.607310 89.738058
484 5.924932 46.500409
485 15.268992 50.381388
486 59.666016 3.448053
487 56.720684 34.288689
488 56.630257 30.863987
489 82.913301 87.283652
490 45.647455 30.691179
491 44.747005 67.967101
492 64.805516 69.927693
493 43.205471 50.903411
494 87.862678 73.433023
495 70.035607 47.365017
496 38.914446 39.592825
497 62.270928 91.276968
498 73.888843 49.999024
499 72.922322 10.388868
500 35.649678 39.679717
501 12.477784 47.567040
502 7.037466 28.678230
503 73.928274 33.994861
504 26.744789 25.478772
505 19.207294 30.766055
506 50.441569 87.890189
507 93.020589 28.500706
508 91.956208 56.702069
509 38.110382 62.403818
510 47.209543 76.483210
511 77.842777 40.211339
512 96.818686 17.275664
513 79.877378 18.399244
514 32.764553 65.467272
515 3.890750 43.318966
516 65.380788 46.897890
517 98.768401 25.102320
518 33.479489 11.333391
519 28.164528 86.399538
520 62.499484 78.116112
521 68.045437 86.037163
522 46.619200 87.814017
523 22.394419 97.601284
524 31.142313 99.573644
525 45.639362 17.235650
526 31.509011 17.134321
527 94.935501 3.337861
528 76.164411 40.632601
529 66.840699 63.715622
530 79.055686 93.917744
531 18.023524 68.508961
532 61.100548 39.474001
533 89.926626 12.808700
534 98.639588 86.584306
535 44.626487 88.029589
536 72.223616 95.456246
537 43.858972 62.547793
538 34.682092 8.871183
539 66.518899 94.245906
540 2.959178 89.578760
541 90.828951 88.668559
542 52.263579 48.987428
543 43.720458 53.067794
544 30.680302 47.356549
545 92.271311 58.021677
546 62.264269 4.118406
547 35.943291 15.188204
548 13.450707 57.650614
549 82.250098 17.324186
550 61.928543 45.722059
551 80.522113 24.618845
552 84.915027 77.753455
553 45.441378 32.011812
554 79.568831 97.168785
555 40.964566 54.091238
556 91.471404 78.191693
557 26.205249 5.082986
558 13.787688 8.089958
559 55.908271 13.971688
560 9.692898 8.215217
561 17.669868 69.593688
562 5.460156 22.265532
563 2.368669 92.630151
564 84.662051 65.988672
565 35.986283 51.310673
566 16.769385 3.945668
567 86.036748 88.362478
568 48.673654 5.522787
569 26.645918 87.728033
570 3.740103 44.205373
571 29.763837 33.373116
572 1.318138 26.334565
573 22.594702 59.112841
574 90.973267 52.743352
575 71.808107 6.929887
576 2.992159 46.670747
577 43.756181 27.395937
578 38.693613 46.031218
579 71.361206 73.160775
580 85.667486 98.661909
581 26.768292 52.430754
582 91.423422 86.228854
583 29.419788 53.697591
584 24.735707 97.787256
585 60.759917 24.814829
586 17.509134 48.252039
587 5.805456 89.711301
588 66.743399 76.491096
589 74.974024 95.528558
590 56.510371 90.193965
591 53.383097 13.087277
592 36.042450 62.365819
593 9.229990 10.872511
594 94.285781 4.678519
595 46.985971 66.434845
596 24.950263 9.642384
597 75.974607 99.455764
598 48.957781 9.425351
599 85.026604 30.253484
600 99.789826 57.645611
LOCATIONS
1 70.535143 20.775352
2 70.599090 78.559530
3 66.015221 60.641158
4 35.200398 3.842697
5 91.935637 61.132797
6 7.316565 35.197195
7 39.400146 43.824370
8 1.947468 3.562891
9 73.589428 32.312326
10 43.827738 58.416423
11 60.741669 64.359820
12 98.693890 35.963857
13 93.991411 79.657447
14 26.747408 82.733111
15 84.381532 34.792522
16 31.069771 71.502876
17 63.454213 22.038342
18 70.436421 14.030483
19 31.411336 6.749760
20 10.646943 68.476724
21 20.580098 84.986790
22 56.105704 30.223388
23 81.715259 65.778354
24 75.697031 42.484903
25 24.637218 51.721132
26 98.301517 5.520090
27 82.189714 39.630746
28 50.558585 49.546972
29 83.498795 0.611104
30 8.975501 94.961051
31 35.388187 96.847790
32 36.391059 26.531202
33 97.911298 87.652191
34 21.864990 20.033953
35 53.253380 94.916067
36 86.356036 56.547249
37 99.057035 85.441181
38 73.941609 92.634289
39 38.160529 62.625489
40 89.543379 96.733669
41 55.033484 0.027884
42 8.821734 95.836548
43 39.603745 14.051835
44 50.110985 72.737405
45 1.794022 34.801427
46 39.504021 5.177522
47 52.051236 5.108387
48 82.585377 96.368756
49 58.823883 22.772363
50 10.795858 50.211350
51 6.250760 92.797231
52 38.824658 84.345099
53 47.339801 7.595627
54 3.217825 95.424839
55 88.741389 74.436782
56 88.573957 88.394380
57 9.283073 63.151849
58 76.539330 1.224983
59 7.963310 25.703874
60 76.289518 26.339953
61 72.773618 62.544187
62 37.035884 60.820952
63 43.855772 52.049535
64 89.561765 14.550846
65 80.312242 21.526534
66 10.133395 44.726671
67 97.483170 24.882264
68 20.024769 96.957616
69 42.141275 10.964608
70 79.762618 72.420296
71 96.396297 17.549270
72 2.715750 31.077748
73 52.566892 89.719676
74 76.347759 61.036694
75 29.014443 54.632413
76 65.255205 95.931092
77 65.614733 31.584860
78 99.226876 25.048275
79 72.894630 69.701515
80 52.404023 24.552588
81 96.642832 61.119371
82 45.808860 22.143402
83 6.648731 9.656119
84 2.725079 88.235616
85 66.255608 73.036609
86 19.290491 17.017069
87 60.948120 55.205252
88 7.410078 15.052958
89 52.470066 94.451985
90 18.758959 4.997198
91 37.630920 0.693551
92 44.241511 37.343077
93 22.250673 77.032283
94 86.797399 58.337892
95 41.333847 41.668154
96 47.421839 36.006131
97 91.814701 53.814289
98 2.241225 16.318773
99 80.423106 12.916646
100 72.876023 64.147348
101 60.252511 34.582971
102 62.540107 32.518426
103 22.546963 29.232888
104 16.993993 7.353995
105 49.104424 36.968648
106 14.764427 53.978062
107 26.378269 7.946259
108 38.179817 82.465464
109 56.501047 43.628987
110 74.259259 37.376121
111 99.781691 2.569834
112 56.630003 35.053364
113 76.889575 75.067382
114 37.770755 94.633737
115 1.499629 46.033030
116 96.249562 24.775852
117 68.680627 45.057778
118 4.247282 12.689093
119 41.243790 99.744503
120 22.995261 17.272044
121 91.609845 18.732490
122 61.931127 64.409018
123 60.428552 64.304065
124 73.638087 92.871601
125 85.138883 23.809195
126 5.240308 56.473626
127 1.005323 42.215961
128 21.279501 56.883199
129 51.570655 91.132901
130 77.463204 98.727907
131 88.514540 91.540980
132 50.706448 32.545699
133 33.882970 33.287779
134 66.810446 33.334409
135 31.762665 90.743611
136 40.981361 34.568809
137 17.346107 34.347367
138 75.177689 33.395819
139 49.773466 14.744580
140 63.931423 24.119431
141 52.108782 88.211178
142 54.605414 7.321691
143 32.856965 53.622114
144 47.045336 5.440762
145 58.475179 99.849452
146 97.587124 93.279357
147 58.148065 58.293522
148 67.473418 98.163378
149 59.097824 28.820958
150 77.605641 60.266892
151 37.855477 50.580744
152 72.923194 22.075552
153 88.747505 79.221532
154 46.066952 35.957652
155 55.187663 76.178725
156 17.295390 68.124663
157 82.271872 44.118222
158 12.170623 66.987066
159 43.727803 83.980725
160 63.324007 46.779042
161 81.519399 77.959833
162 51.730156 8.384168
163 2.131204 56.683322
164 27.123732 51.526087
165 97.449355 26.316397
166 16.024507 36.022890
167 4.911509 70.845275
168 73.530121 51.003993
169 79.673484 34.979448
170 25.354001 52.650228
171 70.301140 25.472854
172 77.079246 16.396390
173 58.964186 39.884900
174 33.385133 78.130836
175 5.625454 96.607882
176 94.252705 56.534608
177 84.486854 80.595029
178 37.397471 37.750844
179 59.939601 54.061764
180 95.081467 27.668311
181 66.506841 50.275459
182 95.355625 32.863569
183 94.324498 61.757294
184 11.076619 14.260741
185 73.758078 66.450690
186 53.967535 87.834095
187 91.161460 5.330145
188 79.909212 20.866962
189 84.013977 3.710620
190 24.636298 77.581880
191 44.355992 26.214811
192 12.711469 68.113276
193 80.696856 52.534416
194 28.451024 63.586421
195 96.026798 5.364980
196 65.705099 5.816986
197 71.655129 88.945659
198 65.103751 78.643072
199 14.232127 32.821880
200 63.788834 3.820987
201 35.675688 67.088325
202 47.928447 62.240283
203 56.112221 58.084507
204 60.138224 1.757965
205 53.551692 33.236176
206 6.432697 55.570054
207 1.331512 88.064040
208 60.482670 18.968953
209 60.526010 50.736143
210 97.791030 33.890985
211 51.117199 19.267833
212 19.294567 87.877800
213 62.087042 60.738861
214 65.180802 59.815540
215 83.001721 10.462410
216 22.271592 6.772025
217 63.351903 34.766282
218 7.335213 38.035886
219 24.610639 40.606345
220 3.022626 65.414345
221 44.659605 56.799573
222 76.007612 65.590004
223 56.589032 49.466916
224 66.449924 16.351890
225 37.762730 64.934837
226 32.761676 21.090420
227 10.988942 6.319118
228 32.106504 24.457385
229 46.462475 35.430500
230 28.927315 55.305341
231 79.363346 91.447675
232 14.781041 2.093913
233 23.680726 67.200247
234 21.606853 8.164252
235 50.284260 90.692731
236 10.550864 16.266363
237 40.855978 64.733910
238 79.589242 48.638303
239 60.590051 40.643389
240 94.343768 99.745946
241 86.487179 76.595168
242 53.001573 61.877286
243 58.693436 10.333008
244 50.434829 62.441890
245 68.066854 9.323969
246 66.065159 0.210355
247 88.969592 51.475476
248 37.153356 39.683835
249 13.830316 54.697722
250 23.035315 13.430101
251 24.042307 7.204915
252 58.598922 81.650202
253 84.759968 10.925494
254 7.507934 94.913726
255 29.900772 9.359267
256 22.893904 47.449523
257 53.867757 57.161573
258 45.980406 38.073823
259 60.653498 95.581360
260 86.840656 56.441716
261 79.195949 8.741159
262 12.851567 24.744892
263 78.399477 6.494715
264 40.686206 27.763969
265 38.568061 75.432939
266 86.168994 83.556633
267 83.874929 59.869367
268 82.907073 42.886108
269 90.912998 20.864929
270 87.031242 15.130283
271 17.513432 88.858897
272 38.449746 66.659973
273 53.358320 18.374165
274 92.338247 73.689350
275 76.953620 83.408194
276 10.981638 51.200302
277 77.912162 53.145738
278 58.025148 1.047528
279 92.469825 89.747745
280 75.002093 83.419817
281 61.304711 72.485678
282 19.690815 22.897630
283 46.561252 1.961221
284 83.322116 95.767945
285 86.873780 25.602449
286 0.261988 94.892229
287 0.665768 22.582452
288 40.045435 99.194364
289 93.561159 31.816978
290 95.757812 14.418719
291 87.731472 86.712460
292 99.707439 51.341101
293 59.821167 70.555519
294 57.264966 60.352888
295 24.759672 53.609785
296 80.283337 96.665087
297 48.890029 84.474887
298 43.361621 81.188791
299 77.282013 13.937663
300 90.363223 95.544706
301 34.289934 39.415780
302 25.876435 45.402987
303 79.849782 13.884358
304 53.871211 3.083151
305 36.724834 2.926272
306 30.600415 58.187501
307 25.887881 56.822372
308 7.326232 56.629853
309 63.859180 31.162901
310 35.709559 23.222010
311 77.277454 76.115618
312 79.238106 95.692019
313 7.941391 72.971024
314 20.114711 26.843691
315 44.785827 13.249759
316 97.941015 97.446150
317 65.697290 17.181765
318 84.750172 23.540571
319 19.403534 58.868474
320 13.896446 56.816950
321 35.999774 54.251659
322 68.013704 65.056221
323 6.874010 4.553910
324 45.324096 83.992693
325 79.152531 13.154600
326 0.815001 44.449572
327 3.203339 62.226655
328 44.879165 61.857693
329 88.574733 66.599004
330 39.314798 57.036135
331 63.854964 7.579082
332 94.546726 9.792133
333 53.023624 27.776938
334 51.695092 15.872566
335 95.995021 13.019662
336 90.223613 20.417160
337 42.188052 86.785849
338 41.148245 38.881849
339 90.143495 70.014747
340 61.762899 75.730354
341 90.102714 11.782494
342 6.071869 79.744741
343 45.874607 47.769726
344 90.004346 94.453476
345 51.834966 23.472903
346 54.095785 9.502689
347 62.911306 89.638101
348 34.565683 29.372237
349 88.025812 40.381347
350 51.863960 83.929964
351 86.904541 62.577862
352 48.178114 17.379146
353 43.784802 91.832722
354 45.881908 31.229235
355 40.905839 62.660444
356 13.639125 42.717538
357 15.208965 74.638279
358 62.961902 92.390147
359 22.239520 80.335877
360 79.807659 86.998723
361 14.236070 52.002276
362 80.004381 10.872675
363 89.218213 19.465913
364 72.405876 47.296032
365 44.766491 67.221960
366 30.960119 5.583611
367 95.596230 39.166034
368 6.036107 78.489017
369 92.020512 35.679722
370 39.372516 73.989463
371 99.826660 58.001376
372 90.321296 92.169341
373 12.092062 26.099376
374 81.573507 13.703780
375 19.691131 78.674118
376 22.192016 99.066900
377 27.873794 46.619879
378 10.095958 85.097796
379 64.258276 78.119272
380 35.647614 51.926375
381 77.031475 61.290609
382 29.922605 52.974251
383 38.065863 59.487405
384 95.354446 82.532854
385 82.627461 56.512575
386 40.728365 53.704094
387 31.975243 62.517745
388 16.537841 10.560587
389 12.476872 93.673819
390 67.988685 85.968865
391 54.822499 86.029421
392 90.834070 39.988056
393 70.605882 66.905009
394 36.778646 52.258544
395 91.725512 60.239486
396 10.015085 6.711144
397 12.679474 74.584915
398 60.268637 60.218299
399 10.142154 24.254881
400 36.157154 76.016395
401 74.755254 58.232035
402 44.310842 24.949939
403 70.549827 39.050673
404 91.692741 25.413266
405 83.273325 69.708973
406 73.960060 76.675549
407 15.548394 2.166482
408 7.499802 16.578778
409 39.811923 4.445254
410 21.739027 36.581086
411 28.941461 25.948925
412 79.592901 46.090235
413 36.712499 35.343230
414 0.856808 25.922419
415 40.710621 65.239522
416 81.723853 24.637842
417 81.506825 30.509469
418 96.654414 2.613057
419 74.192224 21.084465
420 93.506520 94.493786
421 77.065472 71.332996
422 10.662045 39.998272
423 30.290808 26.559998
424 47.553229 98.202151
425 85.700196 68.186109
426 16.258295 18.931669
427 48.372485 69.632014
428 48.373923 24.228188
429 44.804869 71.797661
430 72.231917 53.900656
431 62.023913 79.902767
432 98.275661 43.173682
433 79.225764 12.371770
434 43.580120 84.109396
435 9.661822 46.574027
436 99.525432 29.802828
437 25.060325 40.717718
438 53.986503 69.466528
439 90.629543 6.002022
440 59.666026 90.540303
441 50.408521 52.938807
442 28.013581 50.033525
443 55.580561 5.161945
444 50.734293 88.425101
445 77.607328 96.182408
446 31.944068 1.060956
447 13.687574 11.705685
448 21.512906 66.978073
449 63.363654 21.530924
450 92.669883 6.180525
451 57.379526 93.416316
452 58.375983 46.831682
453 53.160493 19.604236
454 90.555914 47.641023
455 11.330267 58.258552
456 41.163715 25.964251
457 17.185688 35.420487
458 92.045157 39.136250
459 20.718977 69.661246
460 89.337326 84.144984
461 70.640903 6.494298
462 68.388361 89.411502
463 81.852785 10.323865
464 59.938621 66.567952
465 41.667741 33.389457
466 59.658303 54.026514
467 65.153730 98.416879
468 55.335367 68.554351
469 82.608328 74.981227
470 22.530287 49.025874
471 85.634310 28.336055
472 73.772817 67.825277
473 25.719417 87.073166
474 5.552923 52.671853
475 51.271209 48.400722
476 77.795337 11.192935
477 11.718836 40.313218
478 8.016720 34.821891
479 53.627068 71.634322
480 49.414779 88.219923
481 26.578209 58.420721
482 61.545543 60.360207
483 99.295867 90.108425
484 87.572959 60.354340
485 23.386393 55.965317
486 15.300032 6.562493
487 80.159316 50.788601
488 43.423643 8.447383
489 36.435728 94.382902
490 14.874059 56.529124
491 41.226397 48.401043
492 12.658951 24.609382
493 49.864513 25.343350
494 48.372753 19.454621
495 58.933620 6.644110
496 7.977894 72.699936
497 25.742404 72.071273
498 15.370755 74.663232
499 6.180382 71.183551
500 66.327074 10.157857
501 91.890857 73.935171
502 84.574664 98.261984
503 60.649201 93.359220
504 2.328912 33.847162
505 48.437074 32.614252
506 86.903051 53.662251
507 12.326941 19.737376
508 27.650975 13.127086
509 70.248829 6.468902
510 34.697029 52.832711
511 74.170498 49.111096
512 91.609180 98.917751
513 87.404660 55.064394
514 70.844508 89.561771
515 47.335855 5.808822
516 61.452586 82.800909
517 59.887628 10.543101
518 70.336048 40.911171
519 56.657912 28.077643
520 99.188415 48.870207
521 15.208971 20.854689
522 57.249134 87.910959
523 54.666310 32.746134
524 19.102304 37.751056
525 8.008235 53.347745
526 52.826953 31.036268
527 55.202568 7.152490
528 85.956933 56.726271
529 18.815611 22.815959
530 73.163307 82.458343
531 27.278922 71.485586
532 4.385797 36.267733
533 69.222316 29.212679
534 93.927988 98.040637
535 12.156690 12.439060
536 32.904874 92.911709
537 65.528228 89.715772
538 47.641506 29.250946
539 70.688165 32.981926
540 54.051149 7.311040
541 91.089080 43.851444
542 26.503396 86.820748
543 49.028263 74.504906
544 96.484901 12.478303
545 37.484618 39.385398
546 28.381224 94.198148
547 80.858774 39.712998
548 14.183615 5.177593
549 89.319179 42.289350
550 3.355331 95.919018
551 49.189456 99.271175
552 11.894016 58.288120
553 12.437397 29.077234
554 74.733819 6.200909
555 23.965403 54.405896
556 51.256744 60.279160
557 74.696564 43.361363
558 24.318113 15.606018
559 8.482367 27.207819
560 17.067360 88.950869
561 3.344759 28.942391
562 2.418845 83.399256
563 12.015827 71.696014
564 16.138413 30.408869
565 51.539635 89.387916
566 98.198461 73.073172
567 0.158585 77.318244
568 69.023630 90.825543
569 24.552779 24.114988
570 5.111279 9.741924
571 33.450616 73.737044
572 53.664027 27.792077
573 63.311107 85.382879
574 26.020892 51.408472
575 62.766210 36.293177
576 60.327349 43.872541
577 69.810894 26.085830
578 43.074300 31.673176
579 26.898392 86.718158
580 10.818979 27.770611
581 68.139554 13.228734
582 60.027132 61.517011
583 98.194149 82.674790
584 28.344880 41.095916
585 27.111295 25.037507
586 21.551252 20.832805
587 2.371964 12.384547
588 94.558659 15.798612
589 52.628528 53.078313
590 33.767703 63.735094
591 50.013431 83.275837
592 38.214915 21.627099
593 90.085350 11.612759
594 23.623597 87.973698
595 60.204505 95.436177
596 14.357160 83.076387
597 80.253231 24.358791
598 23.965263 11.472114
599 73.367867 34.864823
600 42.397453 90.161889
