800 800 80 COORD_PMED seed=20260744 source=pmed37
CUSTOMERS
1 53.407610 68.672511
2 10.737525 93.389293
3 66.031879 91.704850
4 75.603415 76.016047
5 36.500612 11.959277
6 27.432177 58.295873
7 48.677285 77.596228
8 71.132372 78.146030
9 15.597295 74.041105
10 69.179697 48.601450
11 37.246023 90.898149
12 53.278717 86.737715
13 9.002944 61.602146
14 12.200043 67.282051
15 32.365300 61.360685
16 2.810656 28.003911
17 61.692686 57.009058
18 84.193193 59.162380
19 13.711665 64.245404
20 3.509632 72.319006
21 54.046059 51.386700
22 60.446156 18.540077
23 54.081433 71.069641
24 40.728651 25.453860
25 91.320809 61.172052
26 44.934268 42.966970
27 41.884224 53.539542
28 62.478447 85.399711
29 22.464238 54.329015
30 62.577669 72.564196
31 45.541698 34.448896
32 14.901344 85.514502
33 85.379878 4.527766
34 12.564458 78.059034
35 24.730745 93.271192
36 6.811300 36.107168
37 95.437830 60.884167
38 79.587079 8.307897
39 15.569657 78.760742
40 38.341980 94.984048
41 92.624210 72.664158
42 64.057800 73.967982
43 0.054505 29.442020
44 57.676496 88.410384
45 94.070586 44.291317
46 39.177771 55.183612
47 57.513748 51.916164
48 5.841653 17.786675
49 66.883057 33.130809
50 35.622413 18.256770
51 36.009624 33.759973
52 42.281949 74.349263
53 56.202556 92.277002
54 59.606450 43.408716
55 29.471820 9.422616
56 79.838955 23.434812
57 48.131116 12.114085
58 54.977897 98.092796
59 83.492231 90.947773
60 2.861258 20.889017
61 99.215145 30.543776
62 39.202450 52.734274
63 28.700052 72.795874
64 22.691890 47.756540
65 72.093723 44.194603
66 31.015750 89.665585
67 18.973332 95.973581
68 3.698913 83.853494
69 35.735233 76.987188
70 60.671338 90.397634
71 74.505531 33.790198
72 38.439905 16.250165
73 48.327058 47.880026
74 19.564620 2.006337
75 9.837467 2.013193
76 21.582506 56.403519
77 20.420108 99.457756
78 33.550772 10.815930
79 52.244146 81.715619
80 99.909437 55.910377
81 3.461514 38.512813
82 26.024850 26.761207
83 10.956297 54.326080
84 28.710288 3.113855
85 45.569644 12.280123
86 62.013884 9.142099
87 76.996175 28.580256
88 32.127171 48.902380
89 31.762108 98.667736
90 9.085997 69.287910
91 74.374834 14.486760
92 41.056428 37.126989
93 63.144315 84.642174
94 48.670575 61.840830
95 81.201400 41.586397
96 48.858105 55.637390
97 41.921926 91.460001
98 37.905878 14.293500
99 59.402589 45.104200
100 12.196033 3.311024
101 80.044137 37.083025
102 60.617441 8.954553
103 83.334530 11.732603
104 37.926034 11.854251
105 41.185125 25.468024
106 30.414300 43.645328
107 8.508919 2.201868
108 2.600156 11.545101
109 69.821003 35.390367
110 86.934633 98.957577
111 84.452190 72.502557
112 96.481982 85.642066
113 87.305546 44.952798
114 13.299738 59.761429
115 73.031553 84.312437
116 66.624313 97.299395
117 27.444079 49.775780
118 98.392012 30.422761
119 79.625176 82.754712
120 5.018935 7.413578
121 91.324383 10.574649
122 78.236711 23.937311
123 26.409511 46.581145
124 3.150882 20.356511
125 67.838599 66.944787
126 17.519409 25.192194
127 66.060629 0.910162
128 82.142125 70.716712
129 52.426642 8.330978
130 44.134294 62.899519
131 7.562036 21.616377
132 31.025084 85.087082
133 98.981602 99.915809
134 41.642967 20.825475
135 28.280130 10.502171
136 97.644295 71.227159
137 78.957227 79.809127
138 56.398045 50.978897
139 53.347967 20.311457
140 78.615493 26.698199
141 23.105469 5.347814
142 52.459130 84.358526
143 40.344941 22.095558
144 99.023204 14.090194
145 0.294110 71.242286
146 26.314930 47.140754
147 22.700786 51.360710
148 20.082519 77.270510
149 48.191709 13.178668
150 61.505415 59.553851
151 77.136046 41.012163
152 60.833896 68.667612
153 51.717917 42.889214
154 10.587718 44.261906
155 85.015617 15.232219
156 51.626346 48.691340
157 70.547131 36.455668
158 4.817975 63.521149
159 27.874695 57.391145
160 92.966127 22.235231
161 11.083689 22.031390
162 65.670006 22.704007
163 87.300978 35.487014
164 87.774252 80.558297
165 51.164572 54.275720
166 88.910884 90.409084
167 52.629180 75.777211
168 11.133245 87.681185
169 80.484800 42.886311
170 81.470536 86.511317
171 20.457683 91.371016
172 2.592961 82.274315
173 3.075727 78.573859
174 20.307328 21.050592
175 54.308508 17.347609
176 84.541337 28.475451
177 9.452760 30.580688
178 50.759566 92.844333
179 58.866161 84.092744
180 64.714234 67.071075
181 76.445541 71.178211
182 6.161302 52.247199
183 82.575683 6.825772
184 47.700696 19.480410
185 54.449338 31.005284
186 84.021190 89.352462
187 82.298782 36.350376
188 54.100932 76.013989
189 93.729151 70.111587
190 34.081326 27.473638
191 9.421522 38.300099
192 57.455178 77.439934
193 20.016052 30.243795
194 54.005332 47.839307
195 86.004392 46.753734
196 57.617477 20.496609
197 99.002391 2.239076
198 34.724931 37.268391
199 3.979515 29.160377
200 87.316295 94.093983
201 32.274284 62.808419
202 30.679154 1.381010
203 0.735341 90.063226
204 36.120520 76.294434
205 81.068373 58.052302
206 99.283070 7.890698
207 57.366993 42.872744
208 75.921674 68.479531
209 46.687077 81.035226
210 56.108319 34.670565
211 99.921152 84.980692
212 38.988948 98.467473
213 75.379397 96.713553
214 81.318234 92.566735
215 28.570993 33.530588
216 46.077305 84.570523
217 2.465974 28.374769
218 76.531001 68.845493
219 74.108171 94.695563
220 17.554345 84.632109
221 35.025117 68.678686
222 2.645836 41.062466
223 33.507962 64.526384
224 36.665824 19.479620
225 73.936112 40.722039
226 26.733621 62.614069
227 36.934761 14.437193
228 55.835662 22.613451
229 12.164619 35.050412
230 78.430216 74.614909
231 17.148574 9.688796
232 17.636918 94.493140
233 38.069818 2.320498
234 2.529705 95.299371
235 32.988133 69.886594
236 93.671394 91.725254
237 22.162140 27.479507
238 30.220053 32.319682
239 55.903880 16.680709
240 2.925878 81.532525
241 8.693610 54.024112
242 28.648695 98.524220
243 40.766374 96.950096
244 61.730845 53.353974
245 16.187911 1.522046
246 37.774021 45.163752
247 10.495513 16.209444
248 90.155528 35.489348
249 30.293583 54.118081
250 55.612376 39.762717
251 44.227774 12.827516
252 90.392671 50.716295
253 74.853448 56.787829
254 69.601948 98.440819
255 27.557436 95.367569
256 61.335745 45.311697
257 36.237926 74.588329
258 33.868462 21.195124
259 95.475540 53.496392
260 82.778911 36.657230
261 80.964300 13.910347
262 71.691681 97.186006
263 53.889611 48.186545
264 89.539824 60.242807
265 68.352358 97.352551
266 70.983005 74.802617
267 57.316408 26.013918
268 35.241166 86.755879
269 61.888822 31.414142
270 95.682815 31.886852
271 71.973099 78.234927
272 70.721464 19.738851
273 50.398728 90.112933
274 60.444624 86.995208
275 73.763523 62.341299
276 24.359847 4.174630
277 15.041517 12.301681
278 30.697170 17.487095
279 12.287379 13.136809
280 71.692397 77.797713
281 78.045683 60.136012
282 12.605825 90.845652
283 88.122765 7.658294
284 74.182499 50.610027
285 32.434200 65.690333
286 79.732328 44.079128
287 67.051051 55.296960
288 31.211984 61.624601
289 72.875754 37.047346
290 32.877692 89.409270
291 42.540560 19.588576
292 76.456805 41.203669
293 48.392887 54.961823
294 21.191688 33.485804
295 43.049358 16.555347
296 78.714992 53.265228
297 91.636139 27.006896
298 10.590995 25.035730
299 61.077473 36.486918
300 12.629179 29.936046
301 53.613279 4.716648
302 71.471874 21.074108
303 93.080329 25.200436
304 25.732989 2.394570
305 42.937843 20.562462
306 17.561534 5.380901
307 0.387862 40.130468
308 69.174661 82.707754
309 59.259022 33.537116
310 89.697709 57.961636
311 9.739864 94.297969
312 10.073071 87.647106
313 69.341150 42.294728
314 43.038836 74.404256
315 92.299687 83.531203
316 59.813485 74.300124
317 97.013745 12.483980
318 69.856605 26.132656
319 75.427946 93.386737
320 21.230753 46.155341
321 40.801132 92.565498
322 83.611582 74.601379
323 31.628039 35.756894
324 58.493965 33.633722
325 86.148641 2.405987
326 47.371213 78.467302
327 16.907274 23.484641
328 31.849715 11.134687
329 34.579626 89.674597
330 60.263511 72.603866
331 16.626829 78.504670
332 32.590504 57.725487
333 63.721479 48.317140
334 30.395902 76.782286
335 53.115992 23.840771
336 57.128921 76.251153
337 26.848410 97.473726
338 26.773636 37.196933
339 69.603471 32.802266
340 73.223108 77.832653
341 20.155818 22.082439
342 23.729496 70.364459
343 6.550872 51.956132
344 75.662996 12.133589
345 93.032998 74.947943
346 36.743601 48.925201
347 20.431669 40.940329
348 77.032065 63.152197
349 48.671469 52.862544
350 77.306191 59.324942
351 83.836633 0.581577
352 37.695542 76.592147
353 77.330397 1.515038
354 93.754321 64.031133
355 31.814998 39.216254
356 72.525677 89.494102
357 12.306875 60.350481
358 4.477204 76.670459
359 33.262680 34.064226
360 2.213166 66.078005
361 40.818758 86.860230
362 55.035192 70.736017
363 65.620794 81.732346
364 58.678797 2.928838
365 85.624226 30.956206
366 48.379138 20.028274
367 40.386226 77.300337
368 53.305414 90.014944
369 16.630166 6.728521
370 59.937086 96.418924
371 68.235193 55.967156
372 10.601087 89.596767
373 94.093989 78.061321
374 40.205113 87.124524
375 91.597811 27.630138
376 18.804195 66.949978
377 23.310188 92.441736
378 7.014602 11.583745
379 94.620070 29.218836
380 89.603422 67.582655
381 28.520166 48.421484
382 59.678618 21.702107
383 91.930167 49.651942
384 65.985229 74.883868
385 53.802391 45.789846
386 54.477386 32.575076
387 83.383168 89.685052
388 86.353383 99.762487
389 66.229271 93.202968
390 30.095968 87.601605
391 18.530819 62.406098
392 87.473871 55.788733
393 80.873650 36.354223
394 29.586324 91.156541
395 67.909485 15.396432
396 26.660220 16.486949
397 88.323785 31.525058
398 59.099327 89.857786
399 57.025161 93.552404
400 81.460511 84.068966
401 43.261634 85.596215
402 41.043251 32.784538
403 4.105538 48.396432
404 6.557173 18.870051
405 30.704175 52.161149
406 74.605683 57.203534
407 32.468242 92.545128
408 60.993279 27.383633
409 36.853642 53.461994
410 57.303051 0.938455
411 28.957975 86.752992
412 10.562993 21.013487
413 69.517227 11.575975
414 61.868081 51.142403
415 46.742784 60.586701
416 49.514463 96.108331
417 15.814201 19.488250
418 96.879769 10.021405
419 44.490966 86.032899
420 81.275571 36.371009
421 33.037146 74.663187
422 72.339183 96.280369
423 25.543819 67.396166
424 15.667141 42.202601
425 51.405795 35.820749
426 74.197996 65.925218
427 78.143030 49.247833
428 0.668646 34.624144
429 49.547851 80.150404
430 83.419397 62.398000
431 45.575744 47.618934
432 38.879634 33.301958
433 37.232727 3.930401
434 56.337779 22.897389
435 26.642237 84.598186
436 28.138850 29.585083
437 91.982140 43.682530
438 56.568730 44.150896
439 23.812867 11.932776
440 93.913145 52.482431
441 20.040255 89.542858
442 39.572155 10.319739
443 71.000085 52.682833
444 14.845637 91.226320
445 95.209879 92.294575
446 67.492910 12.330761
447 27.053677 34.372460
448 50.560033 63.316447
449 26.689886 15.490709
450 57.126736 30.039709
451 83.747100 19.504717
452 66.160403 43.975306
453 40.318940 24.217223
454 44.156453 88.967115
455 60.679511 85.696087
456 21.073021 69.781727
457 38.566693 68.837974
458 46.000774 57.083590
459 98.670637 81.969727
460 61.473306 95.165791
461 50.164620 53.071940
462 17.413384 42.327761
463 36.662561 61.514106
464 35.327316 21.579668
465 78.048182 89.961071
466 58.664602 44.275660
467 97.090748 95.278912
468 53.146240 61.504364
469 22.052328 32.889125
470 15.668457 6.425988
471 25.407486 65.474469
472 63.116181 88.544925
473 79.729348 89.843174
474 53.299162 49.541863
475 50.402522 6.462952
476 81.331878 10.028966
477 44.970141 82.006511
478 88.527762 24.350829
479 12.040651 6.934423
480 8.883321 58.123144
481 46.815511 47.158014
482 45.978687 89.543951
483 29.575161 15.300629
484 5.132628 42.726901
485 51.359047 81.408376
486 22.880072 34.038421
487 40.303584 31.704763
488 86.497899 98.910499
489 99.815553 62.247938
490 45.516075 71.226255
491 78.115987 68.000231
492 44.650925 48.292936
493 73.623472 0.248313
494 29.692838 62.541572
495 59.452770 99.350554
496 51.461224 58.860733
497 27.305784 36.672026
498 75.956300 13.088260
499 21.851959 26.956602
500 9.756636 46.409226
501 83.108877 24.594988
502 38.178873 21.944012
503 99.483415 51.154926
504 88.680036 14.875624
505 20.253284 51.510723
506 24.774133 56.029110
507 32.615887 49.598521
508 81.591715 52.913568
509 90.993919 13.735342
510 96.448253 34.325164
511 73.409824 7.583720
512 81.877117 52.126357
513 38.124014 88.780624
514 60.910266 26.758702
515 15.189466 92.902903
516 26.973963 60.664512
517 13.604096 76.355577
518 5.298808 89.851219
519 0.430637 10.098193
520 94.247942 54.033656
521 99.288474 16.802184
522 39.351294 36.585217
523 37.443956 17.220208
524 19.626894 56.067127
525 31.380145 11.584687
526 52.049099 32.176794
527 25.857180 62.649540
528 83.420015 11.669729
529 28.607347 56.379512
530 63.892339 82.223489
531 41.167659 0.990019
532 86.231688 97.460797
533 51.740708 89.934152
534 38.656532 58.912153
535 90.911125 72.876267
536 48.873121 8.879541
537 22.828008 90.893826
538 99.360598 85.366763
539 65.522316 49.298556
540 50.055122 54.989639
541 38.104931 13.427654
542 89.425449 54.398508
543 75.956675 98.996520
544 75.565596 35.509607
545 69.075801 47.898561
546 57.902837 4.179080
547 6.353252 33.169843
548 4.256488 38.786830
549 43.044005 66.846437
550 16.303994 87.093957
551 86.485841 12.212191
552 43.061413 66.628170
553 49.710527 61.664030
554 95.579209 25.581615
555 68.243509 25.497370
556 13.181246 53.776097
557 12.426012 84.110142
558 75.261591 29.057876
559 35.977578 82.080771
560 7.676713 68.645940
561 70.198094 16.925006
562 30.893834 5.891676
563 24.569508 44.731574
564 65.630275 56.979445
565 32.962520 48.743924
566 57.441348 4.807252
567 53.119017 80.007618
568 38.555261 63.039953
569 88.288881 11.778249
570 28.828894 54.081067
571 1.403891 30.404163
572 90.913696 69.794444
573 82.966095 67.250182
574 64.116945 47.163123
575 77.594466 56.424824
576 78.259265 77.921764
577 79.903837 80.916814
578 66.401634 54.000125
579 97.456199 17.283445
580 17.877500 14.842333
581 24.295359 1.143171
582 73.765564 52.223347
583 15.076435 48.544684
584 88.973850 6.789178
585 63.057796 61.152144
586 76.482173 62.835058
587 63.658073 83.344127
588 25.888264 70.017114
589 22.548472 44.135209
590 76.483862 16.083978
591 62.817915 59.446117
592 14.992137 36.409604
593 42.082830 52.013368
594 34.445327 93.241440
595 84.238754 67.717239
596 22.337452 44.002350
597 19.023632 2.184988
598 87.557786 99.003761
599 96.844914 45.413204
600 96.970524 33.675751
601 91.942186 15.516672
602 30.379188 66.586456
603 17.386742 88.100402
604 16.844008 42.382100
605 15.187266 26.997746
606 67.104605 29.398176
607 74.627679 77.337146
608 73.737433 99.806384
609 20.766524 25.427095
610 12.448995 58.170062
611 89.790495 88.926026
612 16.157085 24.236354
613 81.759108 70.929511
614 61.281132 84.486379
615 65.587981 65.408892
616 39.158998 33.225548
617 32.523956 43.886153
618 65.115067 71.430706
619 44.104069 41.697902
620 20.094855 17.296683
621 93.237571 78.895861
622 90.411496 58.860968
623 3.880826 48.181347
624 63.785546 40.006216
625 58.876340 80.554007
626 36.997666 58.304835
627 2.541715 38.421420
628 5.773249 25.282201
629 86.110241 84.570727
630 23.154068 22.914646
631 35.640265 15.637718
632 94.573897 56.419012
633 11.721084 54.235274
634 71.372322 87.922433
635 99.520380 73.156758
636 96.766695 56.546720
637 86.714125 19.632251
638 46.569181 15.059437
639 40.385907 11.334273
640 58.134879 12.781916
641 79.942050 11.262534
642 69.957124 87.984179
643 69.571863 41.179995
644 83.033795 9.460205
645 29.066243 75.194204
646 92.362109 91.525300
647 51.911099 22.526132
648 79.358454 34.419936
649 24.381703 73.139673
650 15.412927 71.510972
651 75.839142 62.327013
652 98.216107 12.154923
653 71.077751 89.792900
654 75.493389 73.022606
655 75.922387 53.509368
656 49.730724 69.483396
657 48.083296 63.603842
658 58.309628 33.211095
659 11.440237 26.802765
660 32.469657 65.568930
661 34.904962 99.815187
662 34.942289 10.349070
663 87.869990 24.609965
664 47.312949 77.038285
665 80.723902 43.235404
666 31.329842 69.853943
667 83.476044 80.277415
668 32.134765 56.051009
669 53.168150 86.982856
670 24.090155 52.919218
671 81.874311 39.955973
672 17.415171 57.167468
673 23.967322 77.068399
674 12.451357 84.861001
675 63.525952 27.252889
676 7.180628 13.720678
677 1.085422 45.367317
678 74.558094 91.120540
679 47.272727 0.461468
680 51.879200 41.643533
681 39.368503 18.462782
682 70.782130 3.523730
683 33.034221 1.013925
684 24.193544 1.820080
685 27.252031 71.711509
686 81.546507 81.779143
687 37.885085 86.190478
688 5.288123 46.721004
689 71.966544 39.311783
690 7.225890 0.931494
691 41.378017 30.912822
692 39.829745 13.868581
693 24.615220 91.993606
694 97.753569 5.921521
695 80.914523 83.341762
696 56.093508 19.620578
697 67.278623 29.666613
698 46.108347 0.542463
699 89.509306 45.820708
700 80.355982 64.511090
701 41.838085 16.058407
702 50.169918 59.677466
703 93.426668 98.416160
704 27.778832 97.725057
705 26.111413 38.393831
706 29.026691 87.820105
707 80.832929 96.943878
708 16.568227 91.749204
709 74.453314 93.519150
710 13.806502 31.161545
711 54.224334 46.156351
712 6.348243 6.486938
713 96.555354 17.873704
714 82.935330 45.219366
715 8.411877 97.775247
716 41.848531 92.286959
717 82.247156 99.482681
718 14.601889 94.971509
719 46.540068 16.317735
720 83.139473 70.337232
721 17.295334 4.407736
722 79.933968 15.541339
723 49.433071 48.425119
724 79.564788 94.843903
725 63.157699 32.618802
726 31.862115 98.832698
727 64.435324 67.659419
728 28.507504 73.013094
729 62.899385 63.237035
730 0.105449 66.029668
731 5.967508 35.796141
732 12.920343 96.737481
733 97.560155 20.069668
734 78.265760 45.530719
735 54.698313 99.787004
736 48.878874 72.240348
737 79.816059 24.272603
738 89.091321 84.731677
739 48.048353 4.862660
740 27.500215 53.620756
741 35.308112 92.140325
742 1.348054 26.644414
743 98.275685 87.511513
744 32.793390 99.598962
745 44.511747 96.857916
746 62.921222 60.463940
747 54.617155 59.689728
748 20.062671 86.360921
749 42.675146 1.539637
750 40.730252 59.428666
751 12.765351 38.880384
752 21.535843 69.857595
753 66.989262 92.313942
754 17.043788 87.520542
755 92.616927 17.993849
756 22.406997 18.299950
757 95.922168 73.973578
758 41.538009 31.981973
759 17.060035 78.042815
760 27.692685 28.358525
761 82.863615 55.139539
762 64.115441 64.888219
763 25.124147 68.434589
764 56.606736 88.914013
765 3.737972 83.613503
766 61.672187 44.674391
767 87.867527 10.113869
768 62.791880 82.835209
769 18.318064 64.130016
770 9.244704 29.112192
771 21.986251 77.546814
772 15.310316 90.933885
773 89.829391 33.516498
774 69.484991 41.871055
775 54.847721 67.478149
776 40.270720 27.137262
777 4.923708 5.404040
778 90.195879 57.396142
779 62.447879 92.288612
780 25.758948 77.933283
781 41.374143 65.778314
782 48.574672 68.861531
783 32.520911 45.824053
784 40.397878 27.873630
785 66.575044 1.484972
786 18.159913 9.344660
787 55.806668 68.892389
788 67.998336 47.469887
789 30.171678 76.784764
790 60.528828 16.975983
791 42.863906 60.138353
792 97.966363 30.261443
793 67.012857 92.436431
794 55.489737 50.739169
795 40.441643 34.307541
796 10.887806 76.009420
797 12.421840 91.336814
798 0.842089 58.195506
799 56.430214 7.829209
800 20.169458 37.951441
LOCATIONS
1 20.388895 41.493694
2 20.821608 59.092700
3 73.780498 68.191752
4 35.366405 89.798627
5 31.016446 2.127646
6 12.455317 46.324016
7 44.699513 2.501376
8 79.692753 80.182942
9 15.217944 67.857758
10 61.219113 17.348065
11 75.454234 28.801484
12 16.037593 49.979747
13 67.297930 34.064644
14 92.044036 71.434700
15 4.321914 75.274777
16 26.094760 47.693471
17 49.097343 42.021343
18 25.180802 53.225130
19 74.386293 83.395214
20 92.057567 98.028332
21 96.342528 33.351038
22 57.945725 22.336196
23 14.482254 36.440747
24 63.992849 33.141904
25 97.818350 18.205954
26 62.277699 82.168832
27 60.831350 11.965448
28 68.632671 65.979815
29 78.771581 48.313078
30 54.713072 84.405437
31 41.408356 77.534550
32 48.609379 40.182949
33 63.596116 19.876457
34 41.699761 57.069439
35 33.205643 35.721266
36 27.072096 19.713431
37 84.618920 3.920898
38 62.494611 59.417601
39 23.058127 75.488074
40 98.695859 93.119918
41 12.244813 22.373452
42 53.113075 17.676381
43 81.652381 4.035027
44 5.055879 89.440325
45 53.510609 85.055410
46 33.516551 51.487306
47 8.004924 70.587511
48 23.662698 3.939088
49 8.482379 14.326857
50 88.462887 90.740166
51 66.444971 24.325190
52 37.790968 60.936859
53 49.334193 29.019088
54 54.216119 99.231791
55 56.604878 51.449583
56 1.311286 76.066733
57 38.999655 87.725500
58 97.338923 63.166799
59 4.600334 84.523767
60 84.944063 40.878064
61 70.610150 99.936795
62 16.161662 14.854841
63 67.693641 90.384129
64 29.434737 66.798884
65 1.957631 89.234398
66 11.925457 23.604842
67 46.636324 81.349107
68 50.410630 55.069736
69 54.924917 73.183230
70 18.549795 8.664585
71 51.578615 98.173521
72 72.353629 50.488414
73 3.272215 55.648018
74 50.302363 10.905411
75 11.854940 84.819730
76 79.215962 14.054257
77 52.865822 15.594201
78 92.841663 45.371867
79 78.541600 61.856246
80 42.235385 68.449109
81 96.219613 66.366311
82 7.830273 59.222880
83 96.792324 42.011651
84 19.583114 56.680522
85 38.896027 56.998634
86 26.865329 54.795568
87 74.110442 77.112966
88 93.802051 89.252769
89 87.194082 24.652787
90 86.965499 87.257396
91 32.650694 66.121294
92 20.896657 98.899600
93 61.287370 12.504488
94 51.231439 30.455684
95 92.020991 92.640189
96 33.114063 93.892917
97 57.630539 7.152770
98 81.092852 2.210008
99 91.237300 25.244549
100 38.808230 54.346297
101 52.749281 38.983695
102 63.095991 6.379767
103 22.287698 92.827515
104 94.844882 24.141314
105 88.965005 49.340106
106 29.496907 35.319279
107 82.083718 78.399798
108 84.583898 25.287685
109 49.328148 50.469045
110 79.481287 72.048568
111 53.769852 79.612914
112 39.149620 84.888566
113 45.353307 19.298301
114 29.212638 99.933653
115 16.475762 84.533907
116 22.286444 18.063212
117 78.745981 14.958673
118 45.809946 23.038943
119 96.069397 78.707779
120 4.964048 20.165141
121 55.213645 80.519642
122 7.556230 97.792118
123 78.529260 48.780065
124 28.398212 32.687207
125 80.334697 98.065317
126 81.597339 87.567447
127 9.468589 61.667134
128 0.575981 82.912760
129 14.074649 13.275240
130 88.941819 45.634333
131 62.470877 37.342011
132 92.903773 26.286213
133 67.339172 97.557580
134 70.617740 89.767861
135 36.783538 67.125341
136 51.613293 59.578992
137 86.156155 94.134079
138 39.977656 82.505224
139 82.313057 67.550888
140 54.205044 88.353211
141 87.226195 9.788100
142 85.135345 91.510633
143 20.022804 64.579277
144 75.839387 50.809800
145 44.948604 75.810997
146 62.346817 50.871627
147 71.226515 30.402934
148 62.884637 97.212218
149 88.452829 15.784468
150 57.179277 40.458229
151 71.274144 43.000830
152 32.846439 65.508355
153 68.073715 99.009007
154 28.359207 45.400186
155 58.616179 35.465390
156 93.481337 46.826495
157 78.445876 49.468122
158 20.806035 91.502317
159 43.572143 87.060227
160 23.388042 21.157791
161 29.980061 76.638407
162 90.478102 45.838422
163 23.674103 96.686881
164 38.855705 2.241474
165 91.634027 20.349875
166 38.316570 74.864986
167 88.654620 23.431471
168 79.037316 57.854674
169 48.386791 93.167289
170 42.209529 69.869555
171 56.204341 56.133438
172 72.344480 14.297807
173 2.445580 47.800659
174 57.948594 21.867580
175 98.642785 80.247613
176 69.631300 40.118589
177 31.668071 30.011485
178 88.679147 86.413479
179 96.678642 71.433579
180 18.662353 60.052459
181 91.337788 44.030770
182 19.294565 70.771525
183 37.773673 91.615610
184 65.949262 74.759058
185 85.685748 6.236057
186 68.114470 9.995850
187 45.559053 77.305770
188 68.004073 53.796617
189 57.379618 48.953357
190 84.405292 69.300501
191 89.511440 1.841206
192 8.570942 1.852480
193 73.898696 68.018628
194 16.453476 28.279539
195 80.343019 77.759242
196 6.427479 97.743119
197 31.144685 13.732352
198 54.216416 92.555750
199 86.855998 81.747634
200 61.700205 28.226945
201 16.707609 58.709712
202 78.425589 53.334117
203 22.504745 72.446631
204 52.556540 15.450345
205 61.499718 85.334824
206 46.524193 16.125813
207 6.564427 9.756033
208 92.404416 23.360304
209 82.984869 32.904058
210 95.205871 30.338300
211 51.349279 3.220304
212 12.934491 99.806314
213 93.024274 57.607124
214 87.268668 11.345540
215 92.677510 97.441123
216 60.348863 87.273526
217 36.402007 34.401125
218 38.294844 68.700984
219 47.196674 55.640385
220 25.455414 42.644868
221 18.464784 37.293730
222 81.819757 19.721507
223 96.826803 90.440470
224 65.846243 98.812436
225 22.698737 99.520819
226 17.252486 7.261290
227 24.951550 17.431606
228 77.919394 67.442614
229 62.650470 78.710740
230 37.672579 54.542457
231 76.158532 48.827840
232 56.015321 1.418481
233 43.867483 74.217520
234 62.562686 5.629987
235 60.727617 59.021861
236 10.073537 82.284104
237 11.585409 42.264200
238 49.184578 4.766120
239 44.392593 65.434053
240 86.091740 15.474615
241 56.526411 50.960599
242 26.799177 39.275788
243 15.730336 45.999962
244 45.859323 77.115496
245 87.638285 17.661433
246 66.510888 49.725378
247 38.180383 26.591055
248 77.581410 62.166220
249 58.918486 70.789570
250 48.889509 46.970053
251 67.693377 75.289682
252 29.756614 69.424113
253 96.701386 45.454714
254 50.841956 42.966870
255 71.098590 2.933320
256 23.515462 80.924408
257 55.108762 36.433728
258 46.947733 57.652362
259 81.523336 30.033455
260 40.519051 0.745161
261 12.767083 98.514039
262 15.043707 72.597992
263 11.949427 97.819461
264 3.932359 56.498259
265 91.995429 35.057246
266 37.044345 60.884536
267 11.868482 13.503037
268 97.246639 79.590658
269 13.450639 85.007843
270 98.030347 80.279309
271 21.511432 78.608146
272 2.549462 69.704560
273 44.307699 71.187322
274 53.613354 82.570396
275 13.721918 92.154097
276 97.605370 37.057442
277 53.264692 21.820719
278 48.431507 29.412993
279 42.200017 84.043544
280 53.333194 79.833610
281 16.372080 55.008726
282 64.444897 60.801367
283 60.453534 22.443421
284 69.300656 35.099505
285 36.702612 28.228301
286 44.062960 8.252203
287 0.436384 10.919005
288 64.199695 97.627997
289 7.314424 56.884265
290 49.328233 1.219960
291 66.277273 40.855781
292 18.679811 95.478306
293 83.862194 76.292134
294 22.900456 23.725005
295 94.143192 53.226102
296 65.349583 44.679184
297 5.133146 55.333098
298 47.374298 69.000627
299 23.104492 86.575921
300 55.433851 32.641399
301 37.039202 74.932834
302 54.109872 56.479717
303 69.194224 80.345252
304 75.259159 64.776014
305 76.372964 57.798904
306 28.015560 87.851116
307 78.134330 21.738374
308 37.915693 34.264064
309 54.243973 46.889718
310 71.739395 32.528300
311 19.533934 98.820920
312 18.074577 18.660524
313 82.162443 36.232542
314 20.636585 82.228802
315 77.782345 82.352556
316 49.545164 55.596885
317 14.420665 88.050854
318 14.500369 96.893265
319 25.692594 98.160007
320 0.826055 6.207679
321 36.290205 81.591510
322 19.971325 34.253162
323 27.321334 51.583645
324 75.215631 64.169397
325 50.398454 2.201151
326 90.706420 79.056083
327 92.388406 13.170381
328 0.158185 12.239534
329 52.045085 22.309175
330 44.902570 62.928595
331 30.398007 72.233430
332 0.878048 41.952965
333 42.074951 18.190323
334 39.378577 74.502005
335 53.316225 99.065629
336 54.593525 95.395968
337 13.843905 37.433664
338 6.705651 29.969564
339 67.155873 14.035496
340 56.352345 82.079564
341 84.010483 13.763211
342 39.490036 34.528214
343 47.487948 63.917609
344 95.727353 11.416988
345 75.290178 5.799179
346 97.048055 23.418503
347 80.885212 89.133690
348 33.803865 77.248448
349 4.016923 76.688299
350 42.278268 97.153707
351 74.593036 87.431253
352 89.297680 48.754993
353 93.940701 56.295126
354 25.983420 82.888126
355 33.622957 31.479304
356 83.573667 75.037470
357 36.061372 55.259175
358 53.397036 20.749705
359 28.470663 18.735578
360 17.630767 34.157815
361 67.164304 39.424876
362 93.773366 17.323876
363 1.244949 72.403652
364 0.800263 7.624867
365 95.778098 66.523358
366 10.441301 21.594222
367 34.675997 94.342571
368 35.098739 79.940076
369 93.564911 82.857705
370 85.428815 43.814114
371 21.661592 38.752435
372 11.704815 37.427160
373 47.009454 38.242264
374 10.072461 9.872318
375 13.816147 98.671555
376 43.845290 25.788532
377 69.394316 63.887014
378 86.349666 99.988379
379 73.090373 89.160614
380 31.084573 5.323961
381 61.013024 85.159645
382 42.400692 25.310893
383 21.174435 43.430258
384 11.868565 82.886925
385 78.028832 89.620573
386 81.067479 78.395855
387 69.512945 20.730619
388 66.184892 74.889728
389 74.263339 95.142390
390 10.961654 1.829495
391 9.635147 91.660987
392 36.422269 64.894593
393 75.338354 80.489767
394 43.455385 80.751113
395 92.007307 47.975708
396 64.626882 34.145793
397 55.444763 32.782118
398 35.629943 85.464540
399 90.512763 37.631731
400 35.744111 35.613738
401 60.798438 4.746518
402 22.180672 63.455660
403 96.742874 15.809968
404 61.755052 90.517297
405 2.728406 16.286511
406 95.425685 22.581812
407 81.324298 68.470540
408 51.409115 89.030882
409 49.514401 67.371914
410 54.242087 92.717266
411 89.794674 55.705353
412 9.747260 52.096714
413 90.005046 80.351678
414 71.634915 50.628952
415 71.519692 10.187505
416 5.411083 42.388559
417 44.543479 46.147744
418 24.665913 78.897969
419 35.121111 60.704522
420 58.558600 43.964907
421 97.005201 17.971865
422 62.843346 80.404575
423 82.252911 63.615666
424 24.648363 82.364823
425 1.799337 46.383996
426 92.081221 64.562776
427 59.572185 65.242296
428 94.857051 59.879700
429 88.827239 65.526984
430 55.297656 7.419160
431 78.348539 29.465756
432 99.487505 69.980532
433 20.786806 71.276852
434 62.940077 88.421630
435 98.279398 38.636215
436 23.149110 66.658644
437 57.255673 99.850404
438 25.374536 36.275871
439 67.425886 37.498732
440 50.329289 77.263068
441 33.321422 40.505250
442 31.777009 70.387978
443 23.518481 20.763493
444 57.126808 61.926679
445 7.484580 18.752640
446 27.547261 26.222191
447 88.363438 69.988050
448 1.176680 24.294630
449 96.626465 41.286684
450 98.537148 21.273858
451 78.110387 59.902709
452 4.980987 67.297292
453 84.514656 5.612791
454 55.160046 79.197043
455 42.318208 74.273082
456 24.524057 60.273305
457 54.149663 42.957557
458 27.115062 14.130494
459 61.760722 0.730273
460 33.620054 58.001996
461 21.223693 64.223588
462 76.003846 74.989903
463 61.812490 18.160998
464 54.601784 79.512756
465 1.197736 80.636816
466 76.443333 93.457109
467 84.323709 62.969898
468 28.784385 88.705574
469 77.318499 80.899193
470 4.240052 33.576027
471 91.345998 61.833059
472 4.430981 78.972754
473 80.312094 51.391546
474 44.307020 19.960694
475 67.238130 34.361861
476 70.172319 5.537013
477 38.915286 78.769038
478 35.554880 37.349626
479 65.951074 56.306533
480 3.255908 84.202343
481 45.060600 6.394702
482 77.846103 58.378432
483 70.160840 50.193810
484 3.117077 82.259667
485 69.827763 79.572182
486 60.413677 86.593701
487 1.663918 59.951783
488 79.386924 34.268561
489 88.396042 95.138900
490 71.353266 19.715082
491 99.520514 4.961187
492 66.005462 21.983959
493 10.229385 42.294608
494 77.789725 25.672616
495 8.076956 32.031432
496 96.869457 95.993918
497 19.870075 25.147456
498 49.727410 77.417532
499 1.820081 74.747844
500 43.646089 34.371849
501 32.930031 82.306701
502 88.845582 93.410819
503 55.622339 36.035633
504 45.424903 23.333655
505 28.367214 61.574777
506 69.641590 64.255925
507 11.888469 62.844932
508 4.015448 9.212062
509 53.908273 98.732414
510 23.590121 76.387666
511 60.387253 70.867513
512 64.827538 49.788326
513 57.846865 82.072242
514 32.224741 55.559478
515 76.585697 93.473807
516 70.610661 18.962250
517 99.976490 36.693929
518 7.481845 75.424892
519 78.656458 27.531998
520 16.839852 88.403411
521 60.271263 66.148578
522 64.514456 66.178018
523 49.159156 2.045185
524 29.699130 21.686123
525 33.373181 19.501861
526 93.135996 37.312795
527 87.267448 59.551110
528 7.889036 35.079712
529 75.199665 10.452053
530 99.204371 27.233819
531 39.510567 57.567592
532 92.154553 82.929335
533 95.001557 0.458258
534 30.181882 59.433521
535 20.320232 65.775180
536 57.987771 88.639808
537 64.180002 38.948310
538 88.372361 22.704595
539 58.271403 73.711445
540 84.732537 10.294169
541 13.402470 38.631329
542 56.222786 45.479886
543 90.306059 92.162849
544 35.946041 58.667922
545 94.696070 60.319420
546 85.787722 87.422829
547 19.703509 50.401352
548 65.063616 13.429114
549 8.528896 54.491205
550 19.027288 6.600474
551 79.612009 0.078027
552 77.522483 73.080807
553 6.888697 20.979213
554 43.465552 86.887595
555 57.621952 32.775113
556 95.263269 89.833578
557 30.724947 76.434579
558 68.005378 74.179197
559 81.454692 60.741043
560 29.028980 3.473286
561 67.291849 4.893042
562 19.766128 80.653700
563 7.428886 8.229732
564 19.847704 40.722386
565 88.910444 65.132637
566 75.635574 32.957066
567 83.837951 44.851092
568 72.260655 64.901735
569 25.138368 72.109226
570 43.425506 21.699866
571 24.796765 19.411526
572 53.806218 19.724148
573 71.968297 85.094131
574 82.491408 41.964995
575 56.970804 68.037402
576 69.677914 25.674166
577 32.718488 2.629789
578 98.020120 11.479568
579 39.816295 87.509616
580 17.970069 57.393182
581 50.096294 43.558858
582 44.376425 8.739728
583 20.969095 13.187274
584 46.962407 59.912531
585 60.822647 48.320344
586 65.378646 27.277180
587 7.995229 13.962817
588 0.877929 33.488664
589 84.046674 65.834355
590 90.783114 41.598138
591 24.127301 27.468078
592 82.242521 87.316230
593 13.002878 91.509278
594 43.494040 40.795584
595 70.704301 62.840303
596 56.014294 19.129097
597 23.292198 14.278515
598 12.769760 29.520833
599 37.995791 62.488615
600 88.966864 78.030597
601 50.932305 29.065331
602 61.543203 59.211718
603 3.780369 10.411032
604 98.432062 86.001126
605 94.937639 58.772287
606 64.702745 2.055507
607 90.081085 65.378086
608 22.592798 95.961230
609 24.498019 0.206235
610 45.222068 74.511005
611 39.906145 27.431488
612 52.133081 76.280164
613 7.076455 71.065170
614 29.506815 52.569183
615 0.768476 43.284313
616 64.233068 11.239108
617 72.908242 59.602467
618 1.169140 94.062547
619 99.882016 69.315436
620 87.321161 98.940384
621 26.891448 73.178852
622 63.323896 76.871102
623 40.531413 83.274067
624 66.232290 38.923225
625 32.240734 76.337248
626 93.910185 24.517426
627 37.597426 81.993532
628 0.357717 66.917518
629 25.792846 48.348921
630 51.588117 88.340273
631 27.696946 21.011088
632 49.616721 92.610175
633 13.214463 54.648224
634 96.079825 95.746348
635 21.002785 82.767304
636 85.092901 60.838351
637 78.869809 95.168150
638 13.791654 25.435290
639 12.270318 87.178649
640 50.241432 58.885381
641 9.219205 20.476516
642 1.483838 48.761910
643 66.884724 40.800699
644 51.522503 58.337070
645 43.914442 66.398574
646 26.799471 62.274019
647 35.317896 65.170415
648 98.129852 33.725718
649 37.268644 55.784083
650 38.438304 38.799961
651 68.343038 23.897172
652 3.886597 35.669876
653 46.722916 64.405884
654 58.028449 63.324570
655 36.183014 14.180727
656 66.252960 76.322753
657 95.260473 95.612181
658 96.639871 61.369310
659 98.080882 63.838929
660 85.754542 9.872130
661 92.414246 81.131060
662 6.881353 58.319651
663 91.434352 89.013741
664 60.746405 3.269606
665 14.193835 26.300594
666 18.302129 12.764399
667 64.776297 28.473260
668 99.027032 49.312130
669 45.869450 99.914397
670 35.040039 1.210046
671 64.823565 28.322831
672 31.338244 84.966688
673 63.758163 80.333347
674 15.009348 7.111699
675 47.148893 13.455513
676 41.098834 88.617650
677 19.646988 36.223229
678 33.081785 98.209039
679 2.894930 60.103787
680 27.431181 64.527781
681 24.476083 3.801233
682 21.618614 50.700152
683 51.544152 15.639478
684 40.706157 41.222471
685 98.043011 48.025583
686 28.684744 16.570091
687 24.073409 50.375926
688 98.406060 5.272861
689 33.262587 34.185227
690 72.216246 24.676631
691 79.093563 67.156624
692 27.130710 14.942621
693 77.792766 47.048141
694 75.167477 93.063935
695 3.170968 46.024403
696 52.136152 80.319986
697 76.838976 49.116952
698 18.507063 64.092238
699 7.746448 4.673159
700 42.318249 90.651518
701 20.363021 25.418674
702 24.610207 41.730756
703 63.870244 56.978517
704 47.918854 88.613934
705 26.505772 62.682500
706 57.012339 74.962009
707 60.088153 31.333085
708 32.743305 73.366268
709 21.580066 21.187901
710 60.326086 82.963505
711 98.254344 90.314369
712 98.969421 98.089138
713 10.732007 63.036085
714 27.435771 49.530546
715 17.176911 6.812236
716 51.682593 3.072143
717 35.046037 56.439043
718 63.060260 26.953135
719 48.523508 74.341754
720 27.389296 44.976879
721 65.769607 3.365627
722 58.491123 65.113973
723 40.547465 34.043990
724 50.501300 34.016156
725 25.772191 94.875900
726 99.167470 68.684393
727 49.639110 32.311046
728 92.317646 32.325963
729 40.580439 63.753611
730 78.483894 59.222817
731 46.391560 32.469256
732 0.917528 5.810645
733 41.826091 70.225929
734 87.110136 76.022583
735 75.875040 34.245582
736 96.454390 29.729397
737 7.466544 51.035517
738 38.514886 62.091733
739 27.340802 67.010651
740 83.983921 18.448876
741 22.664442 98.619797
742 47.466963 10.924188
743 49.808220 80.158408
744 80.377416 2.430017
745 79.502882 26.866303
746 10.371870 17.217191
747 61.501676 86.855059
748 8.568135 81.136756
749 20.450065 89.213008
750 38.728410 19.728716
751 90.949841 20.425575
752 72.825225 69.813817
753 57.571060 31.866878
754 48.915738 31.366955
755 72.316703 85.442336
756 75.055906 86.170758
757 47.414157 91.432724
758 27.173803 24.617655
759 53.375185 54.835836
760 91.340792 28.049742
761 99.498684 46.878458
762 65.206235 29.889551
763 25.487045 47.845700
764 53.079469 13.494135
765 7.113063 82.333763
766 82.237364 8.797036
767 67.875578 48.892491
768 77.523913 20.067609
769 74.570080 67.368735
770 50.081659 72.123011
771 15.339209 45.173284
772 47.063958 15.733277
773 26.558584 81.027972
774 80.796669 11.556951
775 47.719217 51.196685
776 94.775855 98.807205
777 71.454761 6.069374
778 33.975250 2.084509
779 85.240964 83.060631
780 31.435562 2.047595
781 10.598277 43.375420
782 54.961496 83.384365
783 64.204045 38.875851
784 84.826681 1.705052
785 92.642794 26.913149
786 82.717525 99.071506
787 77.530077 25.904871
788 43.072311 57.110569
789 38.908209 39.912430
790 54.267402 28.764247
791 53.989711 12.024013
792 38.328712 71.706609
793 84.053378 43.083757
794 90.681240 60.389215
795 77.264567 21.704269
796 27.207219 20.226736
797 9.209318 67.749674
798 87.628885 53.315172
799 92.766098 55.377876
800 74.143736 42.368226
