400 400 40 COORD_PMED seed=20260725 source=pmed18
CUSTOMERS
1 69.779400 26.128983
2 13.559234 54.581926
3 46.390980 81.897769
4 16.719555 5.949976
5 31.086165 6.148065
6 55.625914 56.354776
7 22.075164 6.960805
8 74.079386 58.994062
9 66.000229 81.848767
10 63.366404 43.159530
11 86.455447 94.723038
12 72.938178 89.484151
13 42.564128 12.597500
14 0.552824 66.963045
15 63.920927 93.674772
16 50.438450 13.141566
17 96.353402 52.083694
18 44.477001 14.532371
19 79.536126 29.216702
20 61.697595 52.091190
21 4.119962 69.231720
22 72.314562 51.867803
23 22.850572 62.541984
24 52.779245 44.012010
25 47.049900 14.246541
26 92.633193 51.402602
27 80.639060 83.522440
28 28.010303 28.598427
29 42.417380 91.353505
30 32.398256 66.056202
31 78.039517 6.430173
32 86.527952 31.027900
33 56.480874 83.653460
34 65.632799 47.286457
35 46.549666 5.888194
36 9.508130 46.432389
37 43.587860 97.489598
38 98.325243 55.663746
39 84.244541 47.506319
40 76.847138 9.753621
41 53.962901 10.681616
42 12.041494 53.517031
43 67.147276 44.367050
44 21.673146 63.625995
45 60.471496 31.172431
46 60.869003 90.028115
47 2.114329 22.257229
48 90.830247 42.518198
49 28.874038 48.447320
50 94.203843 74.687197
51 25.528317 18.262380
52 12.356411 48.106378
53 99.506360 9.723045
54 49.830420 79.752760
55 52.969767 27.147693
56 85.246116 54.662630
57 13.279869 71.115015
58 33.217557 80.549398
59 75.562815 28.562969
60 38.511028 60.531023
61 69.817012 58.393322
62 78.533079 62.821757
63 90.734211 52.513858
64 30.352834 15.027780
65 10.987961 92.134004
66 86.036497 74.721710
67 99.966001 48.370934
68 51.191765 5.079910
69 2.424796 96.519098
70 75.227149 64.765219
71 16.463456 77.433831
72 88.705482 40.866318
73 95.769038 78.660277
74 24.523509 43.382540
75 55.096710 63.862479
76 9.198195 82.920932
77 51.014429 20.706802
78 27.149402 15.384680
79 95.880482 42.264339
80 62.749248 82.921747
81 57.980009 84.701695
82 95.299507 80.379221
83 97.232326 73.907507
84 50.427935 94.702034
85 13.639201 75.452174
86 11.628226 69.056226
87 9.573249 40.961627
88 80.904323 3.576446
89 92.206184 38.565375
90 1.964213 10.179314
91 53.319308 20.472231
92 24.766196 80.422972
93 18.872262 74.497850
94 22.569688 38.811337
95 54.167581 75.796577
96 46.586386 96.773409
97 79.127835 42.446787
98 0.707433 94.011496
99 72.619532 54.264698
100 43.330724 13.390067
101 75.596141 2.462926
102 10.789459 42.936222
103 38.055902 24.763658
104 70.877430 97.240558
105 36.811500 29.911946
106 1.578738 39.891971
107 85.800210 98.432589
108 62.575406 68.155182
109 10.530751 58.668658
110 55.683762 79.919389
111 30.718575 55.832161
112 33.242091 77.750923
113 68.133467 50.536244
114 24.903251 31.504188
115 10.975551 80.427491
116 54.364653 26.748315
117 11.211674 67.886304
118 27.633504 44.465712
119 15.023710 45.075355
120 42.492386 6.713711
121 75.210209 36.122220
122 51.523134 95.325187
123 42.147156 5.985005
124 75.373456 59.598501
125 69.767664 18.759708
126 96.999362 0.521867
127 89.151032 40.352874
128 51.905361 27.134682
129 41.440817 46.909978
130 40.985706 20.282108
131 82.681337 53.580343
132 49.776037 46.753446
133 31.851288 70.334211
134 4.847824 88.378889
135 31.771243 56.141615
136 98.942976 48.291889
137 95.073449 2.255466
138 61.365923 77.322093
139 33.991431 78.503809
140 37.387068 6.047957
141 72.737026 53.953424
142 57.474006 73.924783
143 29.925690 67.553277
144 40.303010 42.735752
145 48.490018 37.218202
146 46.577081 84.641941
147 54.667276 76.037697
148 90.921935 8.051623
149 73.001116 7.386715
150 85.800091 18.681130
151 72.297401 19.066158
152 40.040419 56.819738
153 74.125216 37.211433
154 97.214108 8.667227
155 31.703138 43.569108
156 15.851382 25.035308
157 17.036864 51.700624
158 68.397831 45.913348
159 0.100477 45.198586
160 13.179987 56.550854
161 35.727520 72.965428
162 22.377333 16.874899
163 77.244402 6.242014
164 40.314291 7.114646
165 6.489857 2.404977
166 97.241791 73.465206
167 78.275240 94.454798
168 89.610116 19.615957
169 69.565462 87.901407
170 48.149237 74.699925
171 15.162489 73.213685
172 75.442311 27.626917
173 49.814568 14.291772
174 85.398926 60.088549
175 12.679190 37.124037
176 13.909332 13.953996
177 9.505830 61.810261
178 73.166472 82.239833
179 7.255716 96.604050
180 33.466333 84.450877
181 56.433387 43.547738
182 13.689108 32.374299
183 57.626099 27.909342
184 94.124471 45.004709
185 47.277226 38.762607
186 33.225363 36.811309
187 26.976782 26.501498
188 2.054524 79.589812
189 77.575753 5.786493
190 46.523415 56.306879
191 25.541462 6.264421
192 47.469488 56.778453
193 51.332916 11.141674
194 72.960463 84.554696
195 36.490582 4.623479
196 17.836740 78.690497
197 85.977811 72.019848
198 97.211216 62.734604
199 63.193853 6.764666
200 17.269075 76.287596
201 23.272575 66.879431
202 26.567093 49.465973
203 39.951265 7.486171
204 44.858667 55.076965
205 3.223735 64.735510
206 99.275412 24.804768
207 2.025171 62.103149
208 38.625561 80.974115
209 74.544901 86.728225
210 38.954882 87.179796
211 22.793719 41.469088
212 5.864757 67.139468
213 72.046128 63.567145
214 97.050772 34.111889
215 51.227173 26.069989
216 37.313344 6.219128
217 38.265962 67.632284
218 26.376669 94.034350
219 55.096014 40.024223
220 69.067953 61.892854
221 93.771378 36.024027
222 42.455435 44.735423
223 72.953779 19.095020
224 13.168168 56.774780
225 7.068671 86.218942
226 18.641690 98.918343
227 33.690815 41.891523
228 24.519099 44.032731
229 23.876065 63.691651
230 12.476030 98.269188
231 10.965084 27.296387
232 70.664771 44.339446
233 77.261761 79.030809
234 78.764905 81.523558
235 13.597200 96.803777
236 17.243502 22.407831
237 18.471582 57.129607
238 82.432010 56.809452
239 79.060162 72.748949
240 23.711524 20.294928
241 14.880842 93.452131
242 28.609163 31.805379
243 32.298853 66.091579
244 54.237520 99.844882
245 25.042942 50.582679
246 32.368125 23.952281
247 78.921960 51.928424
248 51.940560 40.622954
249 89.554885 89.887119
250 63.840586 78.028155
251 90.862325 72.952863
252 87.409881 18.967381
253 3.702497 18.951558
254 65.440237 32.981419
255 11.678788 28.981048
256 3.825271 65.919334
257 72.513971 16.455430
258 18.718506 14.118458
259 93.618682 47.964151
260 41.128950 32.796418
261 83.324595 19.728653
262 71.287088 0.886985
263 9.019811 17.529907
264 24.164917 14.827235
265 81.716274 30.453147
266 26.946966 89.077065
267 66.559687 91.553087
268 14.507763 14.291651
269 23.767718 16.764788
270 95.517174 79.541127
271 99.952231 59.823487
272 98.193511 66.496299
273 81.638663 15.117121
274 86.404845 2.747710
275 49.847236 23.158296
276 81.500759 89.637450
277 64.857924 18.930608
278 66.173636 85.703580
279 41.113960 42.893596
280 68.178230 16.779450
281 75.904735 0.490777
282 86.508926 17.252543
283 52.240019 28.205417
284 44.618523 20.446312
285 22.788757 94.690626
286 92.410772 26.290487
287 27.293057 81.174881
288 89.167384 95.790456
289 11.829449 75.896162
290 1.553108 8.490177
291 5.662926 72.109154
292 17.558050 0.198479
293 13.726198 60.826320
294 57.860715 54.529819
295 21.887409 94.825753
296 98.131104 43.152854
297 70.550958 70.491725
298 36.913200 84.426861
299 45.146814 79.639988
300 31.111189 1.824211
301 55.776628 5.430054
302 77.466529 49.354175
303 50.376475 93.896771
304 39.802511 82.892508
305 79.563921 23.662835
306 8.475903 49.764502
307 87.015641 69.560361
308 26.702902 86.742821
309 69.036335 2.914225
310 60.474106 28.173355
311 78.692483 72.995679
312 92.539848 28.234456
313 51.405903 49.859925
314 91.192506 37.408482
315 34.993403 9.769899
316 11.496838 22.452173
317 50.054974 67.731537
318 24.105362 55.702623
319 37.773293 66.252984
320 42.596915 28.389118
321 12.282222 11.152666
322 12.598814 51.172978
323 49.152980 11.764568
324 87.204240 90.036490
325 42.659132 66.415779
326 52.464214 57.938644
327 48.315597 2.494167
328 78.076811 67.580782
329 41.620316 57.003428
330 45.722393 74.337370
331 72.859385 23.464187
332 76.796043 99.971621
333 53.710701 85.543560
334 40.402909 37.841341
335 24.270288 45.444262
336 21.566716 66.438302
337 9.478362 86.359792
338 96.532723 16.509516
339 89.958404 18.700998
340 54.284435 31.226238
341 90.074037 86.481578
342 81.504183 13.303104
343 4.908139 46.345412
344 74.447139 16.984364
345 3.942820 66.328441
346 3.381602 81.862155
347 21.785200 41.674322
348 77.051417 7.160808
349 67.079879 84.146642
350 44.450523 46.093352
351 90.736474 71.057188
352 5.363576 62.425408
353 11.699229 43.050327
354 98.847170 68.554451
355 23.895852 84.930137
356 18.832516 47.883279
357 64.621002 62.559226
358 54.020907 28.915409
359 61.948826 51.628665
360 99.906226 78.583794
361 89.728736 38.428702
362 57.104291 91.060142
363 87.905059 0.008926
364 16.269800 53.138131
365 50.417619 93.742842
366 43.535791 34.617181
367 1.965634 60.039320
368 27.784405 16.587861
369 41.115057 39.882096
370 77.368991 64.191356
371 28.194302 86.173250
372 37.043486 94.450697
373 30.084073 24.812849
374 78.553336 35.268839
375 15.904007 56.769884
376 13.804548 73.546693
377 36.657403 81.837042
378 76.041374 35.004592
379 1.937969 35.352220
380 20.816758 49.527229
381 72.801391 15.394910
382 88.490501 15.328846
383 43.180757 48.637548
384 33.267156 79.881166
385 40.516655 24.787208
386 82.616841 1.507958
387 62.290516 13.634715
388 83.761642 74.107265
389 31.595347 58.859470
390 77.752928 96.933793
391 3.268964 98.672667
392 68.842453 4.501530
393 14.298235 39.172997
394 65.962929 69.248911
395 77.628019 95.523003
396 57.640730 7.718012
397 61.226070 24.582859
398 19.239500 54.481974
399 45.550773 28.806988
400 79.196508 1.135014
LOCATIONS
1 84.183911 30.952517
2 7.907976 59.735468
3 13.757131 96.599588
4 73.748467 42.846023
5 36.436306 81.826716
6 77.955620 22.442673
7 84.286499 73.218479
8 85.701225 33.633373
9 59.212028 51.371072
10 63.258757 56.758029
11 71.021701 56.522501
12 69.247744 64.434762
13 37.640599 56.058558
14 55.732811 16.390521
15 78.498095 65.815658
16 14.333188 18.709437
17 61.120844 50.053703
18 86.221097 67.942903
19 65.361608 20.517466
20 98.559755 61.383942
21 18.479081 17.247234
22 22.858950 40.360072
23 1.755704 26.228019
24 80.789786 30.870693
25 2.704015 70.274884
26 97.869695 63.169685
27 46.810285 17.479367
28 17.208754 88.156513
29 65.815901 24.818651
30 26.692709 67.145846
31 63.874054 83.340366
32 85.142370 64.782461
33 19.831818 7.360250
34 28.363126 6.110633
35 65.017261 19.096620
36 23.479220 23.784326
37 74.518932 67.880331
38 64.396433 17.249477
39 0.003713 49.837357
40 79.270962 67.015496
41 18.511433 62.076840
42 26.667039 69.231255
43 68.110814 93.067688
44 50.442081 95.553788
45 90.923829 34.869973
46 7.178848 60.151215
47 62.391182 30.150062
48 19.935414 37.148085
49 88.326855 10.016745
50 78.841391 38.505691
51 57.178881 44.169063
52 26.358097 7.940123
53 96.162781 75.985060
54 74.723187 82.906261
55 87.254222 18.364896
56 6.958503 28.335591
57 3.994690 34.443998
58 69.542738 61.567652
59 78.294490 33.551045
60 26.201474 12.728799
61 86.879728 71.733659
62 5.211775 77.857002
63 81.293238 53.419498
64 35.792534 53.097079
65 51.132021 39.722167
66 19.382844 27.318978
67 46.120292 46.342248
68 25.406211 7.933381
69 73.837180 61.178189
70 70.408262 79.923939
71 11.093874 7.721327
72 48.161014 87.390557
73 87.783800 38.004131
74 4.909263 75.863852
75 53.689171 42.939283
76 52.945366 2.983095
77 13.785682 40.578863
78 45.474862 99.463873
79 52.617603 67.530579
80 48.166074 23.059774
81 8.928883 70.205129
82 15.219901 93.151019
83 34.144053 41.172916
84 46.723402 73.974010
85 99.078455 84.328688
86 74.540763 86.840980
87 38.524448 14.971803
88 2.702243 19.594030
89 93.215296 1.524338
90 24.856333 5.406313
91 88.747735 60.573851
92 64.954462 61.922773
93 46.049370 48.113583
94 3.916737 72.148077
95 11.277518 72.337925
96 64.076800 24.747153
97 70.426931 59.297470
98 49.152615 65.274298
99 35.579083 17.336957
100 46.773092 88.349408
101 65.197422 74.074022
102 20.922598 73.708118
103 18.868045 44.522458
104 45.396355 88.331011
105 2.591422 29.099206
106 76.855268 70.015865
107 36.418373 78.063827
108 6.085822 94.027096
109 81.027018 91.723131
110 40.135547 57.657184
111 85.990791 94.076129
112 73.472484 41.888946
113 35.601321 72.198766
114 62.013443 39.388651
115 21.543155 63.138263
116 89.838247 20.345951
117 36.293250 22.839299
118 44.650022 72.576975
119 69.471003 24.118771
120 74.407813 99.237548
121 83.812143 32.883259
122 92.157416 45.322805
123 19.317878 48.688515
124 28.922553 47.302580
125 90.861894 40.067023
126 39.038843 76.023143
127 62.084634 50.417918
128 21.436118 5.975778
129 45.050486 49.911010
130 89.034776 93.773675
131 56.275876 94.656492
132 87.376475 90.749599
133 28.784394 5.331940
134 60.193153 29.571647
135 6.655005 82.394432
136 21.567596 23.353070
137 7.671816 49.033781
138 72.832297 69.290292
139 70.157048 99.253864
140 70.899197 36.797361
141 49.862922 23.352332
142 78.133649 49.294264
143 79.297974 12.601349
144 45.473664 59.332968
145 62.871667 64.410337
146 91.371625 42.877401
147 62.501440 64.838159
148 57.933167 88.675421
149 78.654487 56.149769
150 49.676396 88.700104
151 26.094976 14.671888
152 21.019423 52.490020
153 5.237619 16.704861
154 15.746371 36.385654
155 18.300213 59.288353
156 34.665851 68.648301
157 0.140880 58.993201
158 51.025761 56.578229
159 50.965323 69.342723
160 62.170199 36.532472
161 70.854574 27.001763
162 60.204318 99.657503
163 70.276130 60.039646
164 28.799183 27.850976
165 19.015022 30.985611
166 68.266987 95.921083
167 44.788702 29.258390
168 39.318285 32.156203
169 52.060662 38.240133
170 1.713527 12.627880
171 69.925238 19.917658
172 63.934975 72.949909
173 58.962919 63.097196
174 32.909609 68.124593
175 58.376396 13.992166
176 56.417229 31.434359
177 1.881110 40.506028
178 84.434153 51.212354
179 44.060157 31.845225
180 37.824010 64.952961
181 33.380822 58.202533
182 84.045430 56.992065
183 69.836069 15.701105
184 70.403662 78.979443
185 7.702986 8.482386
186 13.350809 49.256820
187 26.637114 16.383018
188 34.649106 9.390404
189 77.998441 57.170091
190 40.908394 33.961138
191 18.555344 39.737266
192 44.835098 30.969880
193 51.262634 71.927938
194 95.997569 47.168644
195 58.096386 42.229101
196 54.446080 1.895246
197 65.088482 28.035274
198 48.366667 38.319189
199 88.088352 39.876588
200 20.053753 35.908651
201 47.138871 35.821957
202 85.333011 45.982989
203 40.777817 7.721559
204 15.859766 43.633177
205 17.363489 56.447160
206 31.965942 28.063471
207 65.246290 95.951345
208 61.201213 39.489011
209 77.258661 54.474447
210 20.382269 75.626235
211 58.946777 32.333610
212 31.862853 61.505946
213 45.749432 84.868710
214 5.431620 91.145314
215 66.302685 13.264336
216 31.396681 67.478908
217 37.621029 41.914146
218 65.030237 96.960624
219 54.988546 96.572251
220 65.649382 49.917363
221 36.352364 18.392121
222 90.278835 0.220238
223 27.061991 98.373638
224 47.719816 29.894657
225 80.415270 89.539079
226 25.246438 65.974532
227 1.578902 52.320266
228 2.806683 22.153099
229 86.134969 58.358465
230 53.762074 60.290605
231 65.728322 98.586117
232 1.158752 45.201745
233 95.081439 68.131363
234 67.636802 33.181241
235 25.837408 50.415962
236 14.734427 81.142435
237 5.463883 36.248505
238 61.704136 66.330398
239 64.387998 65.115738
240 80.511372 13.294830
241 84.367383 99.188328
242 19.112219 49.749163
243 30.218811 17.813419
244 15.316972 91.120614
245 97.818652 0.832975
246 82.997285 26.302809
247 91.353516 68.410209
248 69.577767 24.544970
249 94.006306 7.831046
250 43.200309 36.134798
251 32.729292 65.716844
252 18.240166 21.447944
253 16.790493 53.450799
254 28.623731 24.326502
255 2.758073 96.553092
256 33.924880 89.927415
257 54.074930 70.416931
258 13.688393 21.200051
259 48.059776 82.700498
260 85.766541 45.885531
261 1.100420 80.483767
262 53.956873 85.159034
263 46.176145 53.617881
264 98.457386 88.331588
265 85.461710 57.955014
266 5.998634 39.176296
267 84.272969 87.802433
268 49.167394 81.384812
269 31.917126 51.771922
270 60.085728 73.639709
271 18.291049 11.347514
272 23.304826 29.519920
273 88.953428 23.438058
274 29.864366 55.534048
275 7.518091 50.131038
276 52.408486 71.214819
277 70.455710 70.212963
278 9.760448 65.855453
279 74.948655 43.722424
280 78.480536 90.025745
281 48.958615 71.113550
282 77.216063 35.836513
283 24.587845 84.987622
284 93.162412 52.657749
285 77.072989 16.939110
286 58.788697 10.004668
287 87.384809 22.100520
288 66.872066 98.405015
289 77.525944 87.427272
290 89.493750 77.175833
291 70.143090 94.690109
292 13.876655 58.331568
293 61.349402 69.600156
294 53.114264 99.508122
295 19.054237 93.730490
296 20.760810 60.110759
297 71.043013 7.957689
298 57.310330 96.314470
299 38.009561 2.256578
300 51.886291 96.025475
301 23.140841 15.579548
302 93.063805 10.180928
303 82.971453 0.952657
304 38.459179 59.798076
305 77.111583 83.637666
306 17.183717 35.022075
307 9.517157 56.090498
308 20.491017 16.706059
309 48.537333 49.397320
310 63.159757 26.881165
311 74.835477 59.598882
312 62.690049 12.435922
313 35.027321 55.811611
314 87.743678 96.507476
315 57.691579 5.619895
316 14.015366 28.911266
317 31.645768 33.368268
318 65.873792 92.997518
319 52.718598 75.134690
320 77.126641 18.444678
321 88.042472 54.625840
322 32.221092 34.219572
323 84.298237 30.233735
324 34.470687 84.304505
325 97.214875 85.849480
326 45.247706 2.616733
327 26.523277 50.741606
328 69.380569 81.511145
329 9.487502 84.001491
330 46.434966 75.272584
331 50.746349 70.411574
332 83.802373 59.807992
333 6.598649 26.664560
334 80.607464 15.675428
335 28.703021 49.670851
336 48.898466 12.389036
337 66.309170 80.311451
338 72.206504 7.015903
339 26.328232 79.904638
340 67.812042 40.457514
341 29.530150 86.127648
342 18.024652 20.907243
343 35.680085 86.776674
344 90.215133 4.774685
345 80.875470 30.630747
346 28.179257 60.018045
347 79.099800 36.997712
348 20.471896 48.444734
349 10.437706 10.249567
350 34.494550 76.230882
351 47.003218 4.974476
352 23.422130 37.597681
353 72.708000 85.333712
354 88.657049 81.797180
355 19.945696 78.304497
356 33.087255 83.296551
357 24.359376 75.683040
358 68.514581 3.719550
359 18.485192 18.209121
360 4.363761 0.075076
361 23.397617 99.565725
362 57.063197 89.558974
363 56.025960 43.140090
364 18.824630 21.982857
365 55.118292 0.430713
366 88.930030 70.511333
367 42.992575 27.418261
368 82.593425 61.069558
369 25.754870 41.248227
370 54.982709 5.184899
371 84.564090 38.242384
372 35.019051 75.387244
373 39.324407 62.584703
374 26.008258 83.345446
375 42.047836 10.940478
376 34.059597 18.331910
377 54.343097 66.919636
378 71.245759 44.252557
379 2.024371 41.336481
380 31.036543 40.964495
381 73.516470 30.048681
382 7.056181 26.896875
383 71.200045 51.559801
384 37.681518 96.318352
385 10.105824 9.821745
386 95.609692 24.381727
387 85.781572 27.308956
388 2.526401 53.258661
389 84.704603 74.863417
390 59.474506 57.073019
391 4.626106 63.602335
392 43.721307 41.741282
393 84.089169 41.972844
394 58.997410 89.892595
395 16.465477 90.566142
396 56.525441 49.377303
397 96.911297 58.482275
398 18.500809 10.228583
399 22.130652 57.741928
400 68.705524 37.418404
