600 600 10 COORD_PMED seed=20260734 source=pmed27
CUSTOMERS
1 82.341642 84.867817
2 31.142854 99.929782
3 11.714384 74.734113
4 31.109787 23.162327
5 57.659369 94.811810
6 90.193872 49.899985
7 84.440116 91.721959
8 1.256011 70.042173
9 73.419509 19.003386
10 2.900996 72.806959
11 36.798327 4.960080
12 22.218579 22.366476
13 87.950161 26.619273
14 14.599832 39.689263
15 88.453586 18.118191
16 87.787418 99.084246
17 1.993717 92.136695
18 77.851707 39.721732
19 99.594452 65.846357
20 65.984061 51.599562
21 38.377119 65.821613
22 27.846756 94.050123
23 66.990790 89.844717
24 52.010992 36.297321
25 23.396899 42.536681
26 22.285044 73.202170
27 67.945217 26.565306
28 44.026523 41.459730
29 5.511563 18.494988
30 81.191603 91.598004
31 14.245888 48.058715
32 68.864591 24.834639
33 9.437377 62.152406
34 56.044570 85.589641
35 89.072427 71.691344
36 32.292755 25.449878
37 24.533874 2.825233
38 70.315543 46.626249
39 99.580685 38.000938
40 51.246231 21.251502
41 29.348963 3.194708
42 94.250638 8.709921
43 3.932715 44.981556
44 33.040927 46.196172
45 28.630897 91.458549
46 32.834842 22.797720
47 55.144800 41.308210
48 81.957744 34.731528
49 0.220024 63.401072
50 65.276577 86.422244
51 21.269168 79.657845
52 57.606322 5.880681
53 41.660931 30.943556
54 59.587858 48.551390
55 49.917370 54.136710
56 53.359862 2.752063
57 14.240647 66.198117
58 16.110379 56.449896
59 61.755074 49.312214
60 59.207475 25.132197
61 25.518167 3.123707
62 9.560485 37.198169
63 13.225853 27.796083
64 23.779888 54.826117
65 99.229545 92.712309
66 96.851575 27.946031
67 34.436089 83.041679
68 11.708004 27.743995
69 80.039600 81.912798
70 51.006698 24.201907
71 95.309386 76.277052
72 43.637126 32.370248
73 34.959820 44.159572
74 87.655319 11.514741
75 55.613117 44.739959
76 76.235143 31.249793
77 4.621796 45.337087
78 76.302941 35.828036
79 49.481805 23.712929
80 23.282868 23.575667
81 73.145098 71.965572
82 48.914357 72.907066
83 75.145230 50.845778
84 33.738633 34.486510
85 56.097209 68.261794
86 2.021556 49.857409
87 40.646482 98.194373
88 25.397372 7.858293
89 5.968628 72.463889
90 48.623786 14.166347
91 66.248760 1.444604
92 63.161946 13.402467
93 57.803627 39.722640
94 63.291304 0.540807
95 70.738435 23.941233
96 32.417134 19.661104
97 80.090038 92.553235
98 71.823578 8.428059
99 35.654308 20.436653
100 64.431700 31.883745
101 28.066811 30.011452
102 93.671155 73.426714
103 97.164053 79.498141
104 42.842183 50.876925
105 54.184007 44.374658
106 47.245584 45.744640
107 90.725613 47.018284
108 32.784233 87.632592
109 57.197873 1.584470
110 19.826334 65.728774
111 54.170325 94.811735
112 55.987438 61.753736
113 79.800945 34.726150
114 12.436940 89.506820
115 83.027653 16.746901
116 36.256892 72.236251
117 82.452257 26.221444
118 97.605543 58.158971
119 72.011268 88.664918
120 50.779303 90.945869
121 61.084510 48.027299
122 82.276893 31.360567
123 21.510868 22.915438
124 98.046154 96.035264
125 58.732771 34.680038
126 66.667732 10.841356
127 32.124096 55.528210
128 84.223330 33.863601
129 91.726220 8.971530
130 84.754296 57.596489
131 90.448567 40.943384
132 49.455661 48.859745
133 61.061186 68.440706
134 7.118319 35.904686
135 61.554603 29.534220
136 35.162457 27.008790
137 65.477437 2.397781
138 33.297249 8.012352
139 80.900457 29.204052
140 67.668076 9.592195
141 0.399823 13.475646
142 30.092436 19.244845
143 76.957286 44.942073
144 38.997238 39.196044
145 76.995573 96.413642
146 60.968332 51.347707
147 18.892353 32.464831
148 85.066452 5.653424
149 37.611225 21.862996
150 44.000357 6.713960
151 32.386379 46.876801
152 11.087106 81.314232
153 71.985996 8.785938
154 19.801773 25.119259
155 52.431047 12.859133
156 89.242266 98.957675
157 44.402951 14.507088
158 50.853365 72.712238
159 59.448417 14.273217
160 94.350514 72.730342
161 1.189235 9.127162
162 96.815444 31.720248
163 17.847916 65.983531
164 97.303801 58.975718
165 64.075964 97.016283
166 89.018226 75.442741
167 4.202420 88.736564
168 53.797081 29.608621
169 25.423506 29.321992
170 11.734107 96.710748
171 60.073678 28.861537
172 43.582142 39.978001
173 6.367494 10.995474
174 53.968489 14.065168
175 62.757479 86.659348
176 63.146702 64.586489
177 23.970545 22.328171
178 85.148974 86.701999
179 13.357241 80.968144
180 11.823414 18.640967
181 78.437292 54.883818
182 78.571448 31.369049
183 26.089461 89.222643
184 86.147962 62.634483
185 44.666102 16.078381
186 15.485999 7.820350
187 67.347085 47.038650
188 5.603608 86.065616
189 50.811500 74.300826
190 12.295040 15.523397
191 71.221781 95.871492
192 25.348036 57.738240
193 52.622603 95.028007
194 16.079571 49.027502
195 31.463255 18.743755
196 94.789323 56.875718
197 13.514525 42.835084
198 52.696315 95.756768
199 92.474352 62.673316
200 27.565661 96.827576
201 35.839437 77.862288
202 55.483864 28.195284
203 85.467577 50.199672
204 66.346341 70.299561
205 14.151352 15.267785
206 98.300387 94.981864
207 82.742624 93.922597
208 1.740892 89.504811
209 42.512108 11.194267
210 12.251056 49.002493
211 63.316649 75.360143
212 94.372866 19.603392
213 77.720759 24.578233
214 21.017902 31.505150
215 64.575898 80.325264
216 94.556400 94.615749
217 91.909615 18.495756
218 63.297653 56.941550
219 54.355620 11.180788
220 12.375333 76.025835
221 46.691457 87.177481
222 63.838890 81.774467
223 56.208076 65.452158
224 72.136994 70.679899
225 91.596842 83.860886
226 55.223691 63.234817
227 75.419695 89.144302
228 41.476622 66.844033
229 58.885366 9.202622
230 75.275863 75.487167
231 18.483896 70.462476
232 73.726068 46.671790
233 75.036943 74.322873
234 78.098718 35.765010
235 2.902762 95.853602
236 25.728076 32.585205
237 60.858506 60.618588
238 47.139888 46.701500
239 88.626046 94.372912
240 54.680423 80.399539
241 63.914853 29.662879
242 70.698758 25.607904
243 12.410482 22.059710
244 30.721971 37.992473
245 27.579441 6.080011
246 68.161183 94.231551
247 79.187920 23.200955
248 60.037472 84.224143
249 92.613327 37.755616
250 89.052472 22.965007
251 7.437449 9.361451
252 63.010622 90.407621
253 1.330233 99.754557
254 48.858303 24.100031
255 80.187142 8.308873
256 82.145561 97.098614
257 6.855513 37.064452
258 43.475843 30.796022
259 40.271480 8.915006
260 40.452064 61.749707
261 69.615331 1.165919
262 58.972686 86.063353
263 91.196655 32.072652
264 85.241357 28.586434
265 73.408533 52.872262
266 59.415794 4.914789
267 0.042566 86.684983
268 15.281314 11.096870
269 5.817489 30.402987
270 74.233589 61.864066
271 30.608074 56.041180
272 88.745858 93.459026
273 71.576239 79.501136
274 25.355492 42.322952
275 22.239588 20.834418
276 73.039298 54.765239
277 52.061719 1.667552
278 4.486309 49.188583
279 68.455659 88.418475
280 61.465397 51.346804
281 72.067258 79.508389
282 25.736561 5.807767
283 38.283362 78.259962
284 88.904694 89.272998
285 61.590512 24.235776
286 79.650938 96.611033
287 50.461922 95.911849
288 0.126711 58.289184
289 65.743026 48.313876
290 89.586534 81.879345
291 14.302922 89.816649
292 97.606739 85.057618
293 12.620024 19.031424
294 62.791713 53.420232
295 17.207025 88.265972
296 96.361632 4.114810
297 23.263465 24.267270
298 71.427009 18.138955
299 72.439690 2.930425
300 22.252256 61.280172
301 69.875021 86.912116
302 21.404873 92.415883
303 41.910816 33.369348
304 10.643521 26.802138
305 14.873461 73.835993
306 8.682083 23.509067
307 63.673661 45.719214
308 83.199451 29.831380
309 63.279233 7.441184
310 17.535564 87.804551
311 39.633748 40.677989
312 48.888325 34.461778
313 34.824074 44.761404
314 19.131078 11.113299
315 59.204101 18.285145
316 6.304010 15.408844
317 71.420952 88.958612
318 0.999327 41.946110
319 80.058595 19.910488
320 99.077570 28.462624
321 36.072439 93.623420
322 7.110377 67.674637
323 15.558176 49.077290
324 46.947566 17.902477
325 34.347136 44.402334
326 79.985130 1.282924
327 32.975300 71.728388
328 89.871179 98.942629
329 45.803805 21.667718
330 26.965051 84.330318
331 73.846478 19.476358
332 12.698488 15.715261
333 71.662361 69.079249
334 57.315280 75.924433
335 80.906319 38.384524
336 64.283127 33.368554
337 28.339680 12.138677
338 55.952313 86.151296
339 6.249747 68.706493
340 84.163762 30.772972
341 82.733533 98.892340
342 92.091430 79.480496
343 82.984937 41.841717
344 24.752234 45.233877
345 39.902779 73.436871
346 77.384427 74.928776
347 21.848898 25.049910
348 90.790031 29.990261
349 83.261835 10.930701
350 14.482767 34.199559
351 89.569666 69.380967
352 95.995702 58.373099
353 80.335729 69.218206
354 63.435567 95.746913
355 17.522929 69.037042
356 19.029573 26.687091
357 30.910568 49.227238
358 93.933009 24.874890
359 44.169443 46.051201
360 98.059035 87.793013
361 95.717901 49.580674
362 79.643398 52.871224
363 60.331026 88.230309
364 48.944023 0.722629
365 79.264446 54.326064
366 30.259409 75.037815
367 18.956438 83.805949
368 90.811512 6.998635
369 93.236644 95.680156
370 28.034813 98.472340
371 28.837690 86.428299
372 79.980367 30.822686
373 49.623193 78.932000
374 88.438449 84.199875
375 23.653938 99.461756
376 91.936899 50.682052
377 38.399308 54.947560
378 40.607517 97.625796
379 19.849762 78.992858
380 74.203250 23.895808
381 91.572636 44.027252
382 34.146554 3.414391
383 6.318312 63.742646
384 81.135855 61.765241
385 64.348828 34.511519
386 14.152115 77.050075
387 52.451294 68.630012
388 51.231395 4.027629
389 78.798124 21.203729
390 3.265044 40.520567
391 42.483494 74.377265
392 54.135439 54.167576
393 14.167922 56.472512
394 33.703636 27.261788
395 62.971560 64.956569
396 92.065442 99.168291
397 93.526328 93.182709
398 4.990218 22.452990
399 55.116245 52.538864
400 96.754593 35.634538
401 29.654824 1.436259
402 9.229336 75.854053
403 28.967044 30.795250
404 69.337727 27.484956
405 14.091433 48.307507
406 80.611493 89.391402
407 52.393839 35.458272
408 87.853480 45.008055
409 75.895071 93.780977
410 33.581517 17.632211
411 73.936662 18.152953
412 61.830104 63.339850
413 77.113454 61.729506
414 57.910733 79.202277
415 44.644046 20.588275
416 80.945602 20.553427
417 10.210618 19.668531
418 10.922344 74.853342
419 44.730680 79.662824
420 20.364559 91.490551
421 74.055308 85.197080
422 83.297973 0.078769
423 75.921477 89.986110
424 16.727068 9.398357
425 40.679000 44.608018
426 92.157204 76.902611
427 96.148641 15.215280
428 72.416575 4.909023
429 45.100104 66.163912
430 54.353206 82.197854
431 74.246792 97.098467
432 88.498213 28.802492
433 22.261113 84.829731
434 4.324513 47.080838
435 35.641137 48.036901
436 5.101026 42.193511
437 93.172135 85.736664
438 70.227105 93.389784
439 27.457251 71.880611
440 38.818709 20.056558
441 66.467692 45.972412
442 81.879609 54.606360
443 85.201502 61.920389
444 13.522166 81.475917
445 55.704858 94.932751
446 90.346226 35.505757
447 33.055886 84.825401
448 79.707869 87.171223
449 41.307041 89.931358
450 75.847609 41.514597
451 43.908281 41.164312
452 37.968310 75.604555
453 76.714170 86.439643
454 89.214036 52.598624
455 64.524577 8.909862
456 83.876386 47.851674
457 82.216253 52.783533
458 91.235495 42.741631
459 96.693834 44.857908
460 89.648889 15.729252
461 91.772216 57.379091
462 7.215873 92.282149
463 99.338013 36.396406
464 36.570121 41.363405
465 30.727398 88.923140
466 16.203343 79.413343
467 44.679095 28.622660
468 96.352491 52.822937
469 47.535152 54.610214
470 49.114759 72.657761
471 3.793747 66.795121
472 60.139591 38.505088
473 95.614706 43.543070
474 35.634219 22.381539
475 97.925489 60.338740
476 77.978405 24.564407
477 20.803611 87.401543
478 78.819627 4.842426
479 66.711651 13.739096
480 26.308663 38.106480
481 71.835825 37.716739
482 44.861033 32.602073
483 57.857270 98.781824
484 64.336287 63.199159
485 75.239242 58.255088
486 62.961854 70.863843
487 82.384755 2.490019
488 67.209952 8.852836
489 16.704595 84.237346
490 89.840573 50.661544
491 4.219504 52.861175
492 13.443482 4.070050
493 95.608842 22.537340
494 95.391028 44.185258
495 27.658866 32.773840
496 47.024419 68.321540
497 74.383373 38.426789
498 98.804341 60.429048
499 78.489451 25.530075
500 34.392973 55.311244
501 70.783930 4.974778
502 93.109117 39.340151
503 90.409305 4.730403
504 34.643282 95.833539
505 42.084845 19.222873
506 73.518334 20.967089
507 19.988390 70.687343
508 65.912876 33.752143
509 43.224025 13.285039
510 16.116376 75.634809
511 73.233109 3.686007
512 21.532321 32.521701
513 45.390083 39.291786
514 44.336316 21.030992
515 82.226689 62.215895
516 88.470606 11.131794
517 15.454224 80.331615
518 36.752030 19.473630
519 61.993695 7.974025
520 91.256617 22.088786
521 76.409607 49.257556
522 90.900079 44.280999
523 62.726339 90.545732
524 40.247719 90.630208
525 51.848546 82.588777
526 57.678949 6.884375
527 94.116815 19.852075
528 5.748287 6.979554
529 10.535415 36.190872
530 38.128991 21.186361
531 77.336517 33.313822
532 12.712222 48.003919
533 56.167550 22.077239
534 20.710681 57.836654
535 17.894115 19.058427
536 47.004592 29.615324
537 39.254678 43.396523
538 75.316323 31.523846
539 55.411541 65.192605
540 83.603092 5.070565
541 16.084167 43.575140
542 94.385152 54.278649
543 47.876067 85.686362
544 0.628903 55.308813
545 29.267650 5.738332
546 12.510997 99.249242
547 81.133234 84.053682
548 17.598229 26.043427
549 29.478854 49.458673
550 37.609459 15.593773
551 85.321370 56.398117
552 72.641488 34.476673
553 89.445673 83.144070
554 47.138245 39.917688
555 10.480013 43.613550
556 13.002951 24.787545
557 45.596645 20.280717
558 21.585126 30.159284
559 42.432605 78.798776
560 99.829032 26.959749
561 31.713009 62.598585
562 30.447582 57.474693
563 17.894162 78.861687
564 84.037159 25.403632
565 36.607945 5.107155
566 32.415519 81.406243
567 76.002197 76.780569
568 37.414265 87.445332
569 64.282196 9.505225
570 49.858528 87.905075
571 4.881182 40.839896
572 91.022919 59.393745
573 29.943637 16.486344
574 46.374519 66.353930
575 59.045347 53.877901
576 38.432506 50.213982
577 59.356404 65.814359
578 93.135659 32.305025
579 75.317155 12.771423
580 45.063698 71.599164
581 92.386153 32.057640
582 96.753422 70.578802
583 84.930580 18.216133
584 9.616534 26.635919
585 39.818259 72.350921
586 51.125180 4.052847
587 70.294590 44.184794
588 72.366290 30.156429
589 23.220629 52.078591
590 25.058856 36.182477
591 83.047949 98.341880
592 63.075001 27.990635
593 88.597874 36.915309
594 26.535619 51.347505
595 83.155335 66.293708
596 88.580883 40.884888
597 68.246804 87.531278
598 28.230736 17.942173
599 64.988621 13.347768
600 15.595595 71.133262
LOCATIONS
1 49.404813 5.608807
2 85.049742 41.886751
3 46.433449 35.542144
4 10.845167 3.554087
5 30.117340 16.357473
6 46.235300 14.052450
7 77.524376 88.039961
8 45.295213 63.573170
9 42.932139 18.849537
10 90.483539 16.940755
11 67.341775 59.872813
12 90.761452 35.343027
13 10.500880 50.930055
14 37.918870 14.317198
15 94.631258 30.850229
16 37.869262 88.595896
17 70.300918 45.437567
18 92.364309 8.968579
19 61.701842 57.814530
20 53.297840 7.802078
21 58.277245 35.451240
22 90.743054 11.367568
23 7.565365 64.818051
24 67.916439 7.332218
25 93.202932 31.264284
26 33.411321 31.104590
27 79.434046 99.994336
28 11.812748 41.371025
29 7.590985 75.484073
30 19.269020 70.388390
31 24.834285 40.476258
32 25.086545 27.063070
33 46.329999 38.979314
34 85.483833 62.657945
35 21.609331 4.158043
36 43.505575 4.008124
37 58.083537 50.357535
38 31.818276 78.386013
39 71.857107 76.103263
40 62.137340 31.235115
41 45.372400 84.045347
42 32.502702 67.041870
43 90.448967 8.449441
44 58.361080 73.171836
45 37.417525 35.640394
46 9.692342 19.023374
47 11.212061 13.128803
48 84.911734 31.328103
49 28.706234 30.799658
50 43.908204 17.292878
51 46.823907 70.223967
52 34.482188 97.067676
53 63.416894 76.117720
54 8.512199 72.133015
55 29.436016 64.341220
56 71.430212 73.297561
57 92.288765 10.566826
58 19.561886 62.198781
59 58.748220 58.396964
60 67.232818 57.044443
61 64.961766 88.929399
62 72.064955 93.278105
63 84.767133 93.228127
64 46.114852 54.297775
65 40.978037 43.470287
66 97.204045 53.255333
67 34.084151 68.603362
68 8.098262 80.350331
69 63.595293 98.412369
70 52.320021 67.848445
71 80.192586 81.618579
72 97.317997 52.495437
73 26.883966 68.263994
74 82.247596 45.130337
75 60.951481 38.022041
76 53.454577 68.263809
77 57.898892 16.529653
78 84.514668 53.234290
79 64.268714 71.650639
80 98.812293 68.997003
81 47.136275 93.521137
82 82.061509 55.643308
83 52.988072 46.724698
84 30.501477 56.204669
85 49.532615 83.798321
86 58.727683 46.448494
87 1.392278 74.591186
88 39.065775 34.776318
89 34.973544 50.388707
90 6.440356 28.264715
91 50.017881 5.593488
92 63.396909 67.646175
93 67.034783 21.933321
94 82.917430 44.429761
95 47.007174 70.103842
96 80.565041 98.225709
97 29.855825 51.656473
98 29.025567 98.580146
99 59.352340 83.950387
100 49.715634 86.200828
101 13.490995 79.314811
102 73.154187 63.122721
103 81.225988 75.207042
104 7.559619 32.200845
105 71.614026 35.069211
106 16.546233 37.129460
107 31.745427 65.561796
108 35.039594 99.476551
109 0.484480 44.209122
110 16.589205 95.035173
111 81.831745 79.338651
112 62.179879 95.144771
113 85.773298 47.017826
114 36.876676 5.156128
115 66.337673 49.561390
116 2.803171 40.253968
117 73.056772 80.864941
118 90.375864 86.511906
119 42.731785 88.885536
120 86.179098 77.182583
121 93.380747 64.538423
122 61.061258 6.797909
123 39.058828 85.440053
124 29.790972 33.885158
125 91.802468 72.638565
126 28.349266 18.210525
127 79.983474 88.717273
128 8.869591 47.265006
129 42.887004 35.909865
130 39.143278 31.231908
131 76.266434 43.423022
132 3.750502 53.926139
133 50.934413 40.595448
134 66.912736 44.818906
135 4.035640 81.758261
136 40.949394 66.635412
137 93.720191 40.632769
138 80.263506 33.133174
139 26.648830 79.695377
140 49.965584 21.945084
141 9.982595 30.348960
142 17.188109 68.991061
143 79.296084 30.648324
144 68.832972 86.394599
145 27.083731 51.685867
146 73.831328 82.552830
147 48.493061 53.838324
148 50.031660 89.759583
149 44.527855 9.974771
150 2.904441 54.114415
151 8.527532 50.059623
152 99.203149 92.071724
153 6.800825 50.609818
154 75.203528 59.746962
155 17.420263 73.325287
156 87.304739 85.719404
157 46.658320 22.920985
158 60.587541 20.000472
159 74.650776 93.229843
160 8.049546 22.426781
161 50.781509 95.969012
162 4.967754 49.084945
163 50.122388 79.005796
164 18.230841 1.847080
165 39.327668 88.143241
166 47.117125 90.855589
167 56.213163 93.354334
168 32.283728 52.754671
169 96.755871 0.250540
170 50.449856 71.649701
171 43.753155 71.782249
172 80.961372 73.007010
173 7.850305 33.693231
174 8.295096 65.082193
175 44.652221 23.474337
176 24.294092 69.068668
177 33.313334 31.209965
178 27.439424 62.513401
179 12.882120 49.283800
180 83.900337 74.972427
181 73.180296 84.141271
182 56.436591 15.149304
183 66.744935 4.748574
184 24.132031 87.510477
185 16.697902 27.438932
186 2.030113 7.285684
187 46.766514 28.465046
188 69.035041 68.009989
189 12.926288 44.677735
190 10.368772 7.523197
191 17.550344 4.522442
192 38.102323 41.715285
193 91.133411 78.128872
194 13.867362 51.850263
195 79.434035 74.841379
196 6.967225 43.044335
197 24.418496 65.988005
198 23.416111 43.570426
199 21.209815 41.775949
200 62.760051 18.141267
201 51.083366 58.035869
202 19.702388 48.304896
203 9.883893 0.544409
204 75.511477 34.107290
205 28.869623 35.505952
206 53.643910 17.525694
207 7.842661 34.119438
208 35.582278 77.918260
209 14.961174 77.538815
210 69.395911 85.699587
211 11.542714 40.166999
212 49.606589 20.999115
213 61.034704 76.921322
214 67.850072 98.557271
215 74.661025 5.002285
216 87.345204 91.623645
217 30.146226 14.995411
218 83.732570 15.849880
219 5.554586 47.705557
220 66.710866 77.768352
221 64.066742 66.604911
222 56.175194 62.331966
223 62.997727 37.359903
224 10.685187 93.948632
225 16.370475 83.403220
226 19.836064 47.552199
227 66.980112 92.220711
228 72.884671 83.234790
229 1.746107 21.955684
230 72.180117 20.299532
231 32.714404 35.970199
232 71.217663 75.436659
233 32.950424 64.870980
234 93.144333 64.708452
235 42.966475 98.359910
236 94.561602 57.511429
237 62.597992 95.006523
238 81.479149 72.349461
239 57.122727 85.692768
240 26.367386 59.009779
241 73.592045 71.496460
242 0.807491 76.695772
243 75.770121 17.901840
244 10.411159 35.460130
245 10.282303 52.439863
246 6.521014 62.452961
247 56.784603 41.096056
248 91.603539 22.072181
249 93.669182 39.365797
250 20.464424 70.594437
251 56.757798 93.146771
252 23.019017 66.826356
253 29.274059 12.095531
254 94.561785 21.691775
255 2.269575 60.309229
256 84.587824 42.176339
257 33.604960 68.597030
258 79.379526 75.372994
259 45.397861 29.130437
260 45.263023 26.414858
261 13.613638 87.524171
262 91.554075 19.311536
263 82.172346 98.749324
264 22.528740 87.086441
265 63.106635 45.260394
266 14.832579 47.689787
267 62.320477 39.687994
268 58.245405 78.968401
269 99.904133 53.612233
270 27.206288 99.646986
271 64.966061 1.263267
272 97.140434 53.996207
273 61.614822 35.226489
274 30.664398 39.401707
275 53.804335 7.046190
276 26.062316 78.431284
277 97.664188 60.566764
278 4.806662 83.937530
279 2.396099 87.908506
280 38.683212 62.696367
281 99.064202 95.203064
282 86.933241 75.618446
283 86.573239 78.428907
284 61.465942 74.446176
285 74.092847 5.016651
286 62.253064 55.139290
287 43.050731 53.589200
288 92.677494 99.983679
289 90.970784 65.456567
290 64.869810 45.519358
291 67.072759 18.389160
292 50.820270 85.445520
293 91.800104 94.905000
294 99.117674 91.201723
295 92.548757 19.823454
296 36.214787 18.322919
297 16.747906 33.251908
298 19.441198 25.611835
299 69.848126 60.875556
300 38.928866 0.219346
301 69.491479 29.262970
302 5.028605 81.078149
303 50.123449 59.417343
304 5.711899 47.359004
305 5.700968 49.606998
306 81.780083 49.575797
307 63.920219 41.616893
308 45.426833 3.782284
309 34.581330 4.889376
310 16.165009 25.655883
311 37.483856 66.701007
312 47.355873 19.168467
313 55.251406 95.070971
314 63.522400 80.442588
315 98.061821 91.955651
316 92.341221 23.695197
317 13.160781 89.781972
318 69.497945 82.057729
319 99.455634 70.701979
320 24.284558 62.490281
321 43.694312 73.440707
322 87.007994 87.208625
323 76.007490 58.722346
324 31.766733 80.883361
325 96.983735 34.479686
326 9.877895 63.806922
327 69.631809 26.551263
328 1.487048 54.761304
329 33.662383 92.920961
330 0.570225 50.470321
331 23.086014 34.537207
332 6.936523 11.314648
333 34.075194 76.126417
334 88.224726 97.734561
335 66.598812 78.040019
336 83.167567 73.407990
337 15.323230 88.192450
338 10.866540 33.277364
339 56.062554 12.517874
340 45.502465 0.300626
341 90.598826 96.862018
342 77.310076 73.868514
343 68.422286 84.687867
344 76.107995 29.238218
345 5.388228 5.081814
346 52.702757 85.876430
347 64.304741 5.043494
348 54.627885 49.703201
349 0.924862 97.949489
350 2.972544 4.507877
351 77.431760 6.674967
352 48.241221 14.849540
353 67.524700 99.698596
354 49.606672 56.367107
355 76.279725 33.154064
356 80.989322 55.909002
357 79.964180 25.569137
358 64.557000 82.493672
359 74.537994 92.887150
360 2.468551 20.924840
361 38.490410 30.787039
362 60.818961 35.579812
363 63.217182 14.183108
364 11.558458 50.761661
365 73.621428 65.128672
366 53.537447 87.654327
367 58.390757 12.842601
368 74.368327 8.871312
369 37.465119 63.283500
370 35.427559 62.800867
371 15.002598 21.379346
372 91.031803 17.135507
373 5.725640 22.395860
374 23.512292 29.172384
375 13.655210 97.897419
376 25.030353 95.283454
377 25.989179 89.427165
378 3.303643 28.042953
379 36.711059 70.388162
380 86.425085 18.732535
381 60.982822 46.128996
382 27.995302 62.878369
383 9.618839 21.765793
384 36.023068 9.920362
385 45.322738 71.722543
386 14.771137 30.171744
387 8.360684 0.620770
388 77.593967 32.870296
389 30.287787 69.463290
390 70.582224 75.983033
391 32.390287 81.555628
392 35.274150 11.968355
393 13.260307 49.546998
394 82.139085 64.817397
395 52.514019 87.061043
396 31.533047 54.386327
397 26.997141 37.859511
398 60.997895 9.069121
399 27.185320 59.669021
400 1.797712 97.009010
401 89.028276 17.298558
402 96.197772 14.841893
403 46.580152 25.555441
404 84.019935 8.228490
405 41.222525 49.619726
406 38.817475 35.299363
407 29.816234 38.541000
408 74.965982 90.409149
409 45.631171 92.068290
410 7.777572 5.357173
411 32.654265 25.725974
412 7.217432 5.382281
413 86.863879 31.633584
414 82.020898 40.383205
415 85.950569 71.248181
416 53.922266 34.287096
417 32.683282 13.716489
418 81.994012 18.767332
419 64.732609 88.083782
420 75.495734 94.162298
421 25.697271 75.321400
422 91.881860 30.529224
423 77.774650 23.349219
424 12.925009 34.464512
425 19.336149 86.065692
426 42.920623 43.929265
427 20.108676 76.441324
428 42.673513 47.485729
429 45.191586 95.970608
430 36.824262 71.007610
431 52.016955 42.018248
432 94.921164 64.438608
433 34.086492 57.403363
434 5.808039 44.859190
435 62.585783 73.625531
436 30.619194 62.432822
437 58.169571 10.120901
438 75.058273 65.692819
439 78.452377 73.601190
440 21.781568 8.039152
441 91.073111 85.997401
442 92.027711 2.755043
443 62.382284 90.569525
444 78.110840 5.255076
445 5.005961 70.637115
446 40.219561 97.185630
447 47.731069 8.356717
448 40.619945 90.270603
449 82.118642 0.412879
450 24.281039 90.689708
451 57.277058 23.932927
452 68.819296 16.230414
453 13.282220 45.772030
454 86.773346 19.890818
455 72.871022 45.783259
456 65.384368 18.653812
457 67.148503 40.900219
458 27.057168 61.845796
459 57.500168 45.281328
460 19.222143 82.085339
461 17.697231 37.556865
462 27.210198 76.267649
463 81.532518 41.932926
464 96.545267 58.240612
465 5.865406 23.290645
466 76.177267 60.810502
467 5.372423 45.085730
468 53.034431 78.579089
469 44.798733 77.251240
470 34.420875 63.708533
471 46.255312 98.074066
472 28.114087 43.639457
473 27.991484 38.166696
474 74.841123 59.716327
475 44.403605 20.882482
476 74.844527 95.854923
477 0.424512 59.881970
478 96.504887 7.282434
479 7.831147 17.301558
480 95.020158 51.425963
481 29.924061 23.257976
482 2.054521 83.605206
483 9.380148 92.707593
484 80.240800 58.806336
485 78.530220 51.853590
486 34.060138 83.222517
487 64.493846 57.606736
488 20.761179 57.309253
489 8.939819 5.823162
490 18.625223 99.679162
491 20.748394 62.098448
492 9.920687 18.036182
493 3.184663 25.735297
494 30.040479 3.613636
495 96.369836 15.970297
496 79.084925 26.449624
497 30.671652 21.001444
498 84.837239 28.115511
499 29.110721 32.579543
500 43.138578 79.167371
501 59.944792 53.842520
502 78.050728 83.272934
503 39.546915 85.044027
504 22.768310 93.275715
505 41.680214 51.772516
506 87.178208 22.275435
507 13.716658 17.506500
508 38.225819 44.913286
509 86.122331 39.525728
510 55.881894 1.274878
511 72.270410 70.336282
512 42.365416 32.411713
513 33.493841 58.271069
514 92.833474 90.485379
515 51.107434 46.341062
516 93.361706 76.605658
517 59.465674 15.695486
518 51.048833 30.672655
519 70.449250 61.585718
520 62.499259 3.324749
521 15.591855 49.790979
522 48.653792 77.420849
523 87.721135 13.609722
524 29.448334 58.771527
525 86.006394 54.330677
526 20.366094 8.982881
527 24.962489 89.194995
528 90.890701 37.132435
529 24.093776 27.715168
530 90.469090 97.159805
531 93.111102 62.545642
532 51.671821 83.414208
533 58.128371 68.060005
534 85.249485 29.838806
535 1.306182 8.711238
536 20.898701 11.408486
537 20.936472 51.275059
538 43.127619 27.189503
539 15.606061 88.237289
540 82.938348 96.616544
541 80.267306 44.023737
542 66.323835 94.710330
543 96.340751 94.101395
544 82.093145 19.882427
545 8.981679 88.345896
546 99.706992 54.789214
547 70.566658 45.000292
548 24.953961 64.604095
549 28.485121 50.621311
550 82.414435 89.161533
551 56.339684 65.451686
552 13.363139 74.713956
553 5.402919 99.218724
554 93.372669 35.274716
555 98.673774 2.888795
556 57.202032 68.498861
557 88.363070 32.350853
558 55.838469 37.941593
559 73.955293 2.497121
560 5.409503 46.671746
561 26.300461 44.106061
562 46.100127 33.444708
563 31.108785 29.321561
564 69.839030 21.583000
565 25.917096 80.469329
566 99.987799 44.695602
567 56.226866 37.974359
568 27.141593 24.680587
569 88.486918 82.284676
570 61.819482 99.413798
571 91.733291 31.689102
572 53.789224 29.731828
573 33.574226 9.278170
574 43.507053 10.901319
575 77.685116 19.515471
576 97.228511 77.451715
577 18.834425 73.789244
578 52.786598 68.788692
579 66.664964 56.417419
580 51.757020 17.710282
581 84.036720 10.786427
582 77.259309 66.137282
583 31.646104 65.218385
584 98.347316 73.368044
585 73.092765 51.050901
586 49.672428 79.386530
587 76.106076 38.008687
588 50.151595 76.836978
589 42.498020 89.993311
590 65.991852 66.847011
591 3.605850 84.727391
592 70.199252 96.427801
593 32.093277 14.421400
594 76.129558 2.057956
595 49.242791 1.563159
596 31.110712 87.002145
597 80.886384 90.694947
598 73.475396 59.656843
599 75.957278 35.931982
600 68.237272 49.459711
