300 300 5 COORD_PMED seed=20260718 source=pmed11
CUSTOMERS
1 98.867684 6.163325
2 37.878231 36.372061
3 57.351925 74.612887
4 5.001482 93.572501
5 93.510066 53.028503
6 92.299962 70.184345
7 44.136366 63.055669
8 12.292120 64.973397
9 77.122417 71.074672
10 45.298415 89.232508
11 23.450892 15.645610
12 4.672592 92.688548
13 48.842713 37.580387
14 24.362141 70.037990
15 35.411991 41.083775
16 52.255910 51.167907
17 65.495902 7.491734
18 11.957177 14.844813
19 86.102989 8.030823
20 10.485002 21.350408
21 62.481327 76.866388
22 67.688249 41.172403
23 54.387863 91.281480
24 45.459177 93.604492
25 80.410781 39.973761
26 84.261988 1.849403
27 82.305617 37.971864
28 34.058674 0.815969
29 20.435851 79.971229
30 95.590921 28.335400
31 7.442394 16.339691
32 0.877153 62.062798
33 89.906636 63.294463
34 21.632826 58.224136
35 68.205403 1.468361
36 34.914000 4.231858
37 16.984153 57.630730
38 52.971060 19.124999
39 24.993760 2.840554
40 42.692858 44.942559
41 46.728917 11.224337
42 30.998642 85.707254
43 26.792928 87.114804
44 80.808668 0.814627
45 54.295382 76.082246
46 1.360646 81.316853
47 67.803133 99.176685
48 56.609714 51.040314
49 53.843844 79.687285
50 47.026662 15.893699
51 96.700141 47.656950
52 93.966623 1.379187
53 16.091350 38.418458
54 28.858478 96.858348
55 34.249760 19.503588
56 36.144390 81.249057
57 1.173487 91.540713
58 72.135927 66.164740
59 74.728264 70.094103
60 98.373143 86.728602
61 6.720587 67.508391
62 33.069389 23.814438
63 6.550475 69.619477
64 69.856966 21.792508
65 90.214544 52.227296
66 12.378398 42.400971
67 57.602351 7.888291
68 6.407708 52.404935
69 59.009716 49.832852
70 89.975959 96.252609
71 69.668344 86.503539
72 56.414298 43.485983
73 84.893650 18.889880
74 41.165584 88.450968
75 19.646078 83.859350
76 73.548804 88.581255
77 50.787412 60.971886
78 47.328067 96.460714
79 14.902525 92.154748
80 29.901346 15.374485
81 85.078720 30.725975
82 23.332134 88.970265
83 26.936893 54.117040
84 92.234426 93.239280
85 19.364694 58.486550
86 53.408153 33.414698
87 28.480275 40.289146
88 99.797276 73.414159
89 18.414885 19.315391
90 31.962509 51.444829
91 60.264073 38.985748
92 67.472105 56.870779
93 4.218615 73.462150
94 10.302991 70.346234
95 51.810441 51.340891
96 77.975425 13.547776
97 98.512545 71.323658
98 92.041703 48.388329
99 25.668232 68.333855
100 75.177490 99.046534
101 23.056673 37.465587
102 36.070715 86.125695
103 17.017221 91.941234
104 46.683591 56.349039
105 54.016148 28.698162
106 83.773004 36.060522
107 98.080852 55.085284
108 75.118972 28.104012
109 29.115759 65.818030
110 68.600904 11.602882
111 93.310491 37.714712
112 91.297488 60.806292
113 85.261489 61.046033
114 89.903825 37.687447
115 3.759081 87.549196
116 26.602571 63.377281
117 57.431913 18.156266
118 27.039962 56.786333
119 56.074317 86.375977
120 12.914684 69.456911
121 61.316856 38.578055
122 46.590659 53.488674
123 50.047844 54.032229
124 38.388032 52.945804
125 66.471425 53.205916
126 28.277817 7.916614
127 7.257158 19.008475
128 28.185475 57.730866
129 98.182060 75.837529
130 41.625458 10.238506
131 21.297845 99.585460
132 73.544727 49.857765
133 15.892120 97.804261
134 80.892759 9.650194
135 92.102754 77.320945
136 51.146644 9.500775
137 5.705633 64.304247
138 41.341680 9.377687
139 92.816661 61.168178
140 66.909610 20.861707
141 65.089276 6.189010
142 26.649333 26.268075
143 83.980100 66.649603
144 64.461081 64.789099
145 92.759251 74.935869
146 29.060600 24.795138
147 42.288003 64.581644
148 96.147736 78.309167
149 85.707321 59.560534
150 32.017453 95.765768
151 27.220011 72.319871
152 16.296632 46.485337
153 84.262404 80.705785
154 20.279278 69.083014
155 32.725695 93.068560
156 52.914378 32.127003
157 55.895737 79.119414
158 65.412968 90.357019
159 77.002835 18.311190
160 98.129720 92.041432
161 10.235155 88.716389
162 55.756324 72.319226
163 92.673234 81.433908
164 51.206801 50.260993
165 34.916459 24.361842
166 29.557362 16.343713
167 13.928781 22.814219
168 32.035410 69.635296
169 95.305307 34.536918
170 42.254323 62.821579
171 90.742775 78.147578
172 38.774438 94.742509
173 30.015866 33.673937
174 32.252714 13.466084
175 57.992183 79.436619
176 11.041834 73.826848
177 50.794484 79.901777
178 67.939529 37.472992
179 26.603343 43.482260
180 47.428579 95.154181
181 71.778989 20.346464
182 85.696717 94.873250
183 54.306262 52.595921
184 43.357453 76.607301
185 21.215358 99.330831
186 7.785290 42.787948
187 71.458140 75.188167
188 0.232374 81.218334
189 8.321372 63.288141
190 10.037438 69.960788
191 48.343075 90.234744
192 90.730763 12.890439
193 46.402036 58.564673
194 73.242629 72.751836
195 61.855683 39.023206
196 38.356288 0.141184
197 1.978874 20.148487
198 57.147379 61.711233
199 32.170104 94.567056
200 23.625267 55.434164
201 49.911543 89.253477
202 2.198579 85.881779
203 84.222666 66.984765
204 41.611032 44.829236
205 60.726843 99.799720
206 30.837183 67.454353
207 69.908042 71.337396
208 24.899727 58.191760
209 16.979098 41.309686
210 46.933533 86.664363
211 40.972676 11.633836
212 96.864131 64.526411
213 71.346271 14.236674
214 5.423622 79.883416
215 14.192309 30.974101
216 31.226025 31.284027
217 76.666240 82.963128
218 71.193797 4.195441
219 53.835046 6.147397
220 36.178729 18.730038
221 10.139932 63.543708
222 65.207744 51.544233
223 55.843562 93.332365
224 16.912270 66.867561
225 33.473313 71.672520
226 14.776323 5.732149
227 46.506703 76.416408
228 76.181384 47.575617
229 60.455250 34.982985
230 96.253654 92.236100
231 31.672631 54.742016
232 78.981038 45.436667
233 7.505067 53.124678
234 45.157582 37.143651
235 1.276826 4.923874
236 21.150172 49.296947
237 48.917994 32.832592
238 98.507229 94.582055
239 42.815669 59.906998
240 72.586534 43.234304
241 89.647879 73.016502
242 67.239826 18.624886
243 60.154352 29.909440
244 40.861636 42.167621
245 68.495018 71.356976
246 53.251810 91.639984
247 40.235517 83.339412
248 58.598837 41.544216
249 4.212283 12.872859
250 96.947423 30.904867
251 29.311150 45.479115
252 37.427345 67.155714
253 49.356329 7.774598
254 33.562759 18.476666
255 25.499316 30.562145
256 13.710462 16.599163
257 5.891399 8.565532
258 39.605315 1.729301
259 42.188278 35.815311
260 45.004960 6.760690
261 42.006001 17.447057
262 92.572362 20.289813
263 8.339319 30.386866
264 85.818813 3.816300
265 25.026074 61.118165
266 60.427186 84.938181
267 40.921885 25.593478
268 20.892731 48.680298
269 31.330154 12.208458
270 99.812000 51.662056
271 31.270661 81.863653
272 0.435191 89.739247
273 51.461825 40.145337
274 1.710673 8.974508
275 60.898257 93.868544
276 41.839492 93.022913
277 91.618505 71.078102
278 9.980935 51.629847
279 20.237233 46.605173
280 10.185333 83.097274
281 96.096228 39.008362
282 13.445943 95.192535
283 48.109209 1.482581
284 43.463650 38.133728
285 45.629536 32.935228
286 66.689543 43.012356
287 77.243942 0.044615
288 80.100977 82.094454
289 13.091555 83.837282
290 43.134902 19.461912
291 23.449890 64.800403
292 73.677765 85.736102
293 19.741476 89.298390
294 87.167254 51.325828
295 76.682240 56.734388
296 22.601823 6.995015
297 33.039646 38.324065
298 70.679288 43.415879
299 58.802583 91.347702
300 32.763683 59.083826
LOCATIONS
1 92.727066 69.396102
2 3.003900 83.283888
3 42.217330 3.414625
4 92.013702 70.570189
5 37.743767 17.750808
6 37.558826 11.240466
7 66.726361 69.381309
8 27.377947 86.251383
9 32.934693 3.297454
10 72.338467 70.457133
11 19.218277 62.356210
12 93.763499 88.585115
13 66.758318 15.331965
14 53.146720 32.410576
15 49.108518 54.240942
16 33.333815 43.631676
17 83.956178 38.885125
18 57.410639 53.292684
19 2.710118 50.149880
20 57.578057 43.882706
21 26.876490 55.294534
22 11.112934 5.227731
23 79.479824 64.735025
24 40.162541 8.314064
25 25.412311 91.306765
26 48.170002 17.706132
27 32.734058 80.030151
28 72.667558 96.245020
29 4.691712 71.257779
30 7.917270 16.695147
31 41.739344 67.523237
32 83.430785 69.730707
33 31.711241 3.289104
34 48.887348 53.942144
35 9.482141 90.068539
36 38.623558 82.132545
37 49.304519 23.687425
38 69.816220 12.420270
39 58.513763 19.529229
40 36.643034 34.586381
41 62.990042 78.475822
42 49.719255 94.653974
43 59.741606 45.655467
44 21.499597 92.018144
45 56.096013 41.807145
46 10.357206 66.989752
47 7.405698 0.818592
48 96.401403 60.120543
49 85.827609 78.791864
50 61.139565 93.520259
51 7.392170 90.950703
52 17.643872 94.920399
53 11.370053 91.141640
54 92.729766 13.459534
55 57.061314 89.689997
56 92.934841 76.329155
57 12.795579 87.559981
58 66.696802 1.347515
59 84.361806 26.138083
60 50.645222 72.167694
61 25.828172 3.866476
62 17.928939 31.042587
63 86.110992 20.483295
64 20.075948 74.444341
65 22.269156 57.866492
66 4.193909 7.294170
67 75.865861 44.649650
68 72.564276 39.424059
69 47.076259 1.430552
70 71.612748 77.140651
71 87.916686 54.548894
72 78.079471 60.847077
73 78.463153 31.586294
74 78.878412 84.116509
75 63.393971 58.919393
76 55.610192 59.560740
77 37.822647 49.942530
78 0.851348 55.958932
79 49.057580 60.155953
80 95.872594 32.694487
81 35.519744 75.929647
82 7.940049 36.307836
83 51.701243 68.882309
84 78.226984 82.494840
85 37.911567 1.563197
86 99.898246 40.150337
87 49.799651 12.644829
88 61.177960 16.419484
89 34.566805 99.805648
90 83.498721 10.970755
91 39.467120 51.980586
92 64.987221 55.542064
93 30.055263 75.468931
94 5.806634 87.657232
95 54.298324 42.629327
96 9.290498 11.419943
97 38.485986 49.223167
98 47.959781 87.943839
99 54.037717 93.169246
100 73.593263 36.559515
101 0.250343 50.910675
102 76.141089 91.648708
103 23.091243 89.458698
104 51.245921 64.790883
105 48.258862 67.993379
106 61.288633 81.556548
107 32.853715 13.229324
108 99.870413 55.388163
109 61.597872 53.914501
110 17.787368 33.439571
111 0.259488 57.420593
112 48.870506 42.250799
113 40.721202 97.543636
114 65.198474 22.799659
115 69.949445 67.171753
116 16.363722 96.649365
117 80.110656 83.227723
118 56.859706 83.457043
119 72.795033 41.244496
120 52.916298 51.088481
121 19.309186 0.655294
122 92.013791 29.126644
123 77.385381 53.452797
124 84.767279 5.344076
125 42.602369 76.101088
126 14.436700 75.775990
127 14.032629 36.347341
128 93.583021 72.981366
129 24.716190 31.474434
130 47.638556 76.422805
131 65.382292 48.924474
132 51.719885 45.385974
133 36.866747 5.426194
134 93.674996 4.342754
135 74.923659 22.766525
136 3.521934 81.587027
137 16.809610 23.536626
138 59.845371 31.610868
139 72.569434 11.424665
140 28.171976 0.171885
141 36.443505 99.198663
142 95.411376 28.491565
143 32.755077 87.167502
144 75.581907 26.997159
145 46.566750 87.274998
146 27.304953 48.450191
147 81.865656 87.355654
148 25.356631 92.098291
149 29.768664 62.580663
150 59.248482 73.111767
151 84.264223 31.509463
152 22.242134 99.427292
153 71.278001 92.988460
154 49.630802 1.665518
155 87.602165 21.050030
156 10.540779 6.488571
157 14.105079 59.653883
158 99.864054 35.366227
159 74.936469 93.152398
160 34.411931 2.050018
161 29.641129 3.046881
162 16.049161 97.729948
163 77.963231 56.610863
164 6.241959 40.004889
165 82.675413 16.685996
166 14.079240 59.706660
167 70.150829 32.349750
168 85.272315 82.613413
169 4.842242 48.321398
170 8.624107 67.186989
171 42.388358 81.164822
172 26.244365 70.539057
173 93.787689 52.107312
174 37.308369 63.788952
175 68.165885 80.957226
176 93.598474 43.688102
177 78.959204 91.239396
178 41.368426 81.516866
179 86.350282 97.632629
180 37.220389 51.420890
181 88.676364 43.485616
182 25.094283 48.079891
183 9.743344 99.262213
184 91.928777 29.204526
185 24.467420 81.711917
186 4.342451 37.399294
187 0.224449 44.914147
188 70.676122 64.525909
189 36.378178 66.024192
190 22.585742 92.775587
191 20.874346 55.629227
192 58.700888 93.847352
193 98.835490 96.450487
194 37.855037 27.876579
195 35.186605 37.488509
196 24.998425 54.833242
197 74.347925 54.006204
198 97.579567 78.111122
199 95.962324 80.941174
200 22.691624 18.771669
201 6.035258 99.843646
202 20.316079 44.662811
203 36.269173 24.131905
204 21.854216 77.130925
205 39.188645 31.261409
206 21.467212 42.138663
207 69.439873 15.779797
208 65.664990 58.493197
209 39.112810 89.914223
210 60.006355 88.686715
211 86.079970 95.811622
212 87.765261 39.241928
213 98.241283 32.460913
214 24.737756 69.544793
215 9.996764 67.453540
216 48.347940 44.885921
217 6.925155 22.759154
218 3.546264 48.223214
219 91.961716 30.950827
220 75.316284 35.932295
221 36.256185 52.018915
222 60.863488 42.002223
223 1.012153 86.451698
224 64.163730 49.170712
225 98.519488 27.008987
226 56.168889 51.798626
227 63.977295 91.838438
228 22.892376 98.449550
229 75.880122 41.844613
230 25.058718 71.439395
231 5.149093 2.739672
232 89.675181 36.272508
233 84.068813 52.169990
234 2.005643 5.502824
235 30.443464 20.330704
236 23.702890 80.476408
237 98.650125 3.405934
238 14.542676 40.532311
239 95.288188 21.330162
240 12.998478 3.029665
241 43.326715 27.826868
242 76.849938 88.179096
243 8.866081 30.591830
244 89.892195 67.706797
245 78.515480 84.304730
246 13.801182 58.967827
247 69.317690 71.104737
248 98.199310 87.285259
249 21.709493 85.432703
250 74.021166 29.712251
251 86.778853 81.478238
252 18.985259 3.946409
253 48.601339 13.167370
254 15.709134 67.340106
255 88.595607 81.879076
256 51.406707 18.901795
257 71.054835 10.109536
258 48.238930 25.500623
259 38.071296 83.710470
260 46.598965 8.044032
261 23.777112 53.665293
262 91.234482 87.505129
263 31.096606 56.903255
264 78.945234 49.109786
265 81.594045 86.604042
266 4.285364 62.062464
267 19.656842 61.802938
268 15.080069 77.158899
269 41.772817 23.405039
270 1.903980 71.306989
271 24.111200 65.099592
272 34.012122 61.929120
273 24.286252 76.462597
274 77.936960 19.995675
275 14.030231 47.640942
276 78.837740 90.084064
277 62.562134 90.945804
278 85.541376 54.071113
279 80.741244 12.693005
280 7.654120 16.162964
281 50.372595 95.660005
282 1.217929 84.115114
283 85.825457 72.225205
284 5.682947 94.314979
285 98.426948 18.399992
286 56.202444 9.593004
287 50.327190 22.551354
288 45.697967 33.596539
289 44.203435 82.327972
290 54.713986 71.918999
291 53.129882 20.586968
292 22.104537 69.143558
293 66.181386 5.857365
294 6.016207 14.060047
295 33.985202 31.080787
296 95.300712 24.775025
297 17.035847 49.045372
298 61.308119 54.249796
299 77.559903 12.661361
300 99.555428 46.697200
