700 700 140 COORD_PMED seed=20260741 source=pmed34
CUSTOMERS
1 8.790075 70.617809
2 6.001563 36.691869
3 77.180285 43.321304
4 53.022450 25.676017
5 95.676791 90.447623
6 84.619307 46.184721
7 76.549927 2.040332
8 35.135548 71.384169
9 45.875330 79.131169
10 39.001333 9.316375
11 93.864200 74.057533
12 1.181488 26.190233
13 68.452399 39.176011
14 1.666513 0.659664
15 13.477936 19.053297
16 62.919155 82.533820
17 44.598648 27.773654
18 92.293862 59.514106
19 13.595140 2.948201
20 39.668995 97.428456
21 46.550939 45.341854
22 26.953305 97.794337
23 42.371072 55.022502
24 76.693374 30.837928
25 37.902571 67.151836
26 76.944982 8.322808
27 93.041304 14.670624
28 33.690964 22.623468
29 7.823695 83.856541
30 60.931667 37.247806
31 51.698541 12.029978
32 45.202503 66.596594
33 84.049934 71.285987
34 53.194991 99.913296
35 2.540219 90.459127
36 13.446439 92.677084
37 95.454053 50.730471
38 17.216307 45.877010
39 41.463538 43.224798
40 43.955460 55.648269
41 81.699151 77.240777
42 79.698714 74.329752
43 84.818971 12.444065
44 50.533474 18.245562
45 16.916694 25.031427
46 97.139804 9.595366
47 58.132395 47.621073
48 65.162681 22.760166
49 42.722456 65.781653
50 32.092038 57.612865
51 55.181355 10.208942
52 25.257541 20.688354
53 40.841305 8.503414
54 66.426378 57.187880
55 5.020993 17.435835
56 22.282377 43.344259
57 90.586704 19.268757
58 14.932323 74.012126
59 22.689613 1.132889
60 99.669209 59.934574
61 95.223359 72.778619
62 35.074281 56.922668
63 34.182555 58.447151
64 59.331842 46.911536
65 25.597199 86.643154
66 70.518479 98.767735
67 22.278508 61.638375
68 32.983541 42.330606
69 6.529142 63.663688
70 9.120045 30.499995
71 54.358088 73.200274
72 24.610386 90.607655
73 60.103876 95.966022
74 23.281808 62.909836
75 93.546770 12.133061
76 60.162324 30.984391
77 98.803360 75.115609
78 47.587506 43.061771
79 99.539191 67.753386
80 4.352949 42.059879
81 66.368664 77.510989
82 42.191179 5.453083
83 91.142517 92.757848
84 50.333784 6.840966
85 34.180431 25.568209
86 2.960498 64.224141
87 47.938660 68.532044
88 7.449811 54.450214
89 20.180859 92.295333
90 49.346397 81.058633
91 84.064403 4.430094
92 63.677077 44.871676
93 58.015115 16.362522
94 28.942655 89.672535
95 48.498905 29.180365
96 69.679225 60.833121
97 57.039702 40.919090
98 14.241503 84.985514
99 72.429632 39.227466
100 29.516223 34.047449
101 7.850383 64.879806
102 33.702797 13.354047
103 95.961062 81.634262
104 26.497820 45.189467
105 24.054583 7.481513
106 25.591338 24.429976
107 9.661155 90.740705
108 51.442868 70.530907
109 77.306102 3.172549
110 95.660464 84.476733
111 70.035335 17.929876
112 1.486619 69.680055
113 96.875649 73.851061
114 10.465948 83.806460
115 58.688244 32.682943
116 83.865936 47.620334
117 25.522721 96.755994
118 97.432520 18.697836
119 56.823843 96.155411
120 4.548475 40.456626
121 71.733493 50.249129
122 10.586047 20.170787
123 34.530188 33.683745
124 73.129608 14.077787
125 88.791300 29.331671
126 84.469708 36.290131
127 11.595655 29.458695
128 20.097001 4.221478
129 62.125290 81.643779
130 48.612848 20.661269
131 28.371573 17.146964
132 96.669658 36.042200
133 38.255064 41.830345
134 97.889277 45.922160
135 7.400861 46.943257
136 97.438837 89.146305
137 68.378004 22.724436
138 60.499836 21.470500
139 86.404168 49.126248
140 20.737044 45.575710
141 3.549953 61.605733
142 3.813769 99.993694
143 45.895422 67.985296
144 25.261696 92.838130
145 73.646758 62.273301
146 61.031243 9.788292
147 16.621220 79.049232
148 98.657152 17.470183
149 88.232794 33.788418
150 74.895778 95.416988
151 86.069082 27.084459
152 56.550984 81.894285
153 50.962272 74.750879
154 43.695363 42.957591
155 7.070467 38.379395
156 44.035327 10.025562
157 25.714070 99.991455
158 81.800838 77.129246
159 40.177084 21.327390
160 65.601827 45.450877
161 17.640473 7.031053
162 38.568183 35.749098
163 57.174679 8.227614
164 85.629561 6.801062
165 30.942930 85.755336
166 1.972390 75.083118
167 11.014142 38.356207
168 28.971904 29.748049
169 95.410414 34.605014
170 17.061989 54.667321
171 82.124092 72.564398
172 12.108287 51.218264
173 79.885398 16.145629
174 98.340675 47.586759
175 26.083250 41.378172
176 11.170075 6.585678
177 50.689848 7.999327
178 21.203431 23.762991
179 26.098310 78.264613
180 34.552467 75.104554
181 1.959984 86.431045
182 89.700668 29.289605
183 72.474982 35.328121
184 46.875240 6.911710
185 26.556410 80.021043
186 40.863327 51.335023
187 95.085869 42.974513
188 51.382105 53.151094
189 53.697814 97.842039
190 24.318470 72.894231
191 83.719169 23.348630
192 84.291863 39.062276
193 54.744491 43.682825
194 83.012067 43.518349
195 76.432208 11.574865
196 31.756424 52.025206
197 99.969129 35.899673
198 98.441604 51.733687
199 3.995589 69.256838
200 12.857147 48.755264
201 96.600710 36.534252
202 7.733138 64.157409
203 17.255124 87.163418
204 80.672850 47.624211
205 61.015408 35.326353
206 40.988042 7.794443
207 81.639118 53.713256
208 41.169575 13.084596
209 91.455190 11.595947
210 54.855982 98.447907
211 27.107652 70.326995
212 8.780054 36.988608
213 67.217287 72.687222
214 96.822166 35.392451
215 39.869658 40.935134
216 74.313185 80.963406
217 94.051477 85.928137
218 91.925572 56.628322
219 87.694041 86.969455
220 78.471064 76.726527
221 31.808199 2.482946
222 95.129790 55.878070
223 41.818891 28.063166
224 48.914907 76.477353
225 77.811840 67.625275
226 58.514173 87.694987
227 4.214017 13.450296
228 76.057263 86.735993
229 40.409638 1.163312
230 14.962034 62.649245
231 30.800717 96.457180
232 48.954897 81.482089
233 9.571810 81.901715
234 70.022559 71.506022
235 8.004043 16.318237
236 85.528722 0.301377
237 7.427673 1.124920
238 56.280496 79.225322
239 99.291705 40.348740
240 93.191413 7.359166
241 54.105709 31.878564
242 88.164886 68.400321
243 25.503657 78.649355
244 78.787455 16.248843
245 94.238026 23.824622
246 71.250055 80.411447
247 49.775809 84.983429
248 61.625589 79.234363
249 25.823197 90.446135
250 0.625613 50.832890
251 57.165390 35.045074
252 15.312586 70.901172
253 27.179162 17.566874
254 41.966906 68.969057
255 78.941748 95.054734
256 73.087301 7.263487
257 59.792004 25.732411
258 93.647764 76.360895
259 20.525732 27.572972
260 70.690493 33.802652
261 24.810707 22.081457
262 67.815283 55.185203
263 83.491586 32.527861
264 99.196761 7.860397
265 94.102894 14.485413
266 42.520971 18.171685
267 69.585712 27.096705
268 97.148024 77.389683
269 65.351492 96.268933
270 53.902980 47.735858
271 96.417326 6.122545
272 72.762014 69.761417
273 31.869802 22.815411
274 95.111381 71.577861
275 45.315009 93.289623
276 50.746984 28.232713
277 29.486948 83.199967
278 90.441817 43.533211
279 38.588356 73.709418
280 79.578314 63.563697
281 53.030531 57.065844
282 57.738448 60.640372
283 64.883449 56.992031
284 43.769607 62.702185
285 70.242253 90.761826
286 37.630278 27.653136
287 96.923613 36.696527
288 82.084001 98.781302
289 73.936405 46.772336
290 40.463373 34.258350
291 63.599431 41.301461
292 71.520418 85.940399
293 78.927711 94.221043
294 28.630457 11.631898
295 68.551066 87.848971
296 66.607447 14.655134
297 34.058885 19.018502
298 68.837756 81.790940
299 4.845520 49.551669
300 19.041597 71.122219
301 68.227934 6.712724
302 47.798839 29.683016
303 99.803547 6.520050
304 34.321739 97.793942
305 13.101278 4.159968
306 23.136178 50.813882
307 33.314942 90.417214
308 48.782758 18.426429
309 83.740491 36.102894
310 72.841290 69.668366
311 88.941005 45.944232
312 39.846118 20.863181
313 79.105260 47.945954
314 99.050275 37.440698
315 70.419528 13.381613
316 18.123005 29.675890
317 5.801734 56.208175
318 43.535469 63.451365
319 37.830968 28.721190
320 8.401390 32.532946
321 31.429125 5.987551
322 28.581131 8.610674
323 31.089424 80.436586
324 72.237437 42.639369
325 80.684951 29.506708
326 51.338476 53.373670
327 44.774370 49.497728
328 97.996096 1.424671
329 68.334426 72.817749
330 47.383967 99.527664
331 43.403591 72.873325
332 12.000552 21.652529
333 3.092045 83.913576
334 55.422061 94.323283
335 98.800108 74.977706
336 66.079707 13.891341
337 14.179374 58.518344
338 29.338130 6.092959
339 54.321059 45.284723
340 97.592133 50.629907
341 41.191183 23.441814
342 97.482510 24.483534
343 64.536610 96.476135
344 13.602109 23.854772
345 88.475862 61.083770
346 97.876878 98.847458
347 70.245393 11.919069
348 69.851078 81.806976
349 33.432993 73.898580
350 74.192450 39.089526
351 98.741403 29.969626
352 29.676834 37.258385
353 61.228373 51.289188
354 16.258317 66.817865
355 28.569641 62.674022
356 27.174580 52.192056
357 14.962386 62.680467
358 83.661637 14.587114
359 93.828111 22.967205
360 97.608892 47.020556
361 46.600621 51.157105
362 0.447435 48.682499
363 26.194916 70.502997
364 36.300931 43.141492
365 99.753897 9.203525
366 62.568217 5.582084
367 81.734840 22.011736
368 43.222311 30.096587
369 55.689856 20.213004
370 42.365768 85.031442
371 85.802513 29.703217
372 70.445643 99.418566
373 29.132439 34.485790
374 1.077294 13.571282
375 98.840345 90.849069
376 23.760177 52.132196
377 48.462243 2.907293
378 37.009686 69.479538
379 12.575489 63.154157
380 43.539591 81.802841
381 70.970263 22.354048
382 20.307757 68.337409
383 83.987628 65.823687
384 84.271879 57.842589
385 23.084561 33.260743
386 25.742071 57.877952
387 67.396605 26.454537
388 1.111315 11.289304
389 76.960998 63.698089
390 9.896664 15.415756
391 42.571247 48.171181
392 38.014983 70.827723
393 83.809727 54.366554
394 72.072206 62.363172
395 8.312050 25.266938
396 80.111814 55.425414
397 21.164151 18.260194
398 92.248494 37.398285
399 99.372447 75.973153
400 51.857214 1.025179
401 87.403016 3.241908
402 44.182675 62.071892
403 20.054184 5.943070
404 36.275225 13.457667
405 47.380957 27.863035
406 64.996829 36.850657
407 99.223823 93.694746
408 83.344323 41.972322
409 41.270017 27.204808
410 43.057564 30.351295
411 27.622058 0.920891
412 27.403849 34.367259
413 65.774888 98.490048
414 7.488946 22.948318
415 41.776502 12.353315
416 27.617451 98.832416
417 12.212293 73.591679
418 99.629842 29.819811
419 53.457438 2.252050
420 76.044000 19.436295
421 78.685415 48.086954
422 53.066504 68.120862
423 66.891831 12.754673
424 89.795187 70.609630
425 20.709692 21.453768
426 52.003520 6.920109
427 33.321006 17.426272
428 15.173966 2.539350
429 6.734645 10.049958
430 5.140381 58.657637
431 84.849320 8.213959
432 34.619806 45.872689
433 93.164627 32.723003
434 66.756274 39.741608
435 76.485486 71.694336
436 59.875836 21.425638
437 98.454012 86.498717
438 20.735127 96.179182
439 31.575813 21.329734
440 16.848575 7.615345
441 10.926625 93.037438
442 66.704377 24.125647
443 31.464701 2.890051
444 97.044819 96.469002
445 70.852197 75.173473
446 64.589154 57.969807
447 87.698584 91.235837
448 55.843392 86.761044
449 82.899158 64.694900
450 77.420198 54.964506
451 68.934388 47.188285
452 63.663716 86.926327
453 79.289330 13.940120
454 53.844740 66.408132
455 51.908631 86.440414
456 72.362005 65.715233
457 0.179222 63.363589
458 61.412646 62.607776
459 26.480519 21.679473
460 54.129651 15.658454
461 18.469856 77.896691
462 79.170409 36.828529
463 17.530086 42.639826
464 6.734387 33.523507
465 76.982703 48.836636
466 84.643793 99.793002
467 75.622127 46.776032
468 77.775193 49.371836
469 15.245003 51.004299
470 4.558151 61.338874
471 97.390000 8.774785
472 56.837233 99.297890
473 97.708667 55.599906
474 67.750905 45.902780
475 65.084166 98.876365
476 64.053920 51.717432
477 28.783202 2.969023
478 80.841983 8.270007
479 84.448187 59.144823
480 65.456140 97.848353
481 44.012811 39.316576
482 64.392101 14.276075
483 44.583019 61.649909
484 85.855850 89.255373
485 1.178021 65.950774
486 6.596944 31.138615
487 24.458283 87.056661
488 36.143795 31.781241
489 83.742197 39.292621
490 12.384253 81.949912
491 43.879436 1.123679
492 92.643591 90.321894
493 64.552987 98.351503
494 70.909907 70.989994
495 58.898748 65.955857
496 83.940099 43.802737
497 41.409118 8.995155
498 13.905195 48.168485
499 19.370097 72.688068
500 17.902176 12.548275
501 17.174930 3.087754
502 41.894074 60.328525
503 69.979992 39.031244
504 26.045807 53.047718
505 69.411771 65.612639
506 41.598572 52.660639
507 98.798774 16.359328
508 88.076413 80.177908
509 14.804363 22.808517
510 17.343484 14.850403
511 62.360709 78.252269
512 82.357385 66.583918
513 81.568933 43.503475
514 45.235933 80.599924
515 94.365506 10.355673
516 56.312813 45.887957
517 56.358567 95.590299
518 20.443839 48.638292
519 56.773114 28.823167
520 43.564922 51.564447
521 33.742973 23.893685
522 68.318543 71.074761
523 74.269627 94.195629
524 5.154653 0.168329
525 98.767380 12.366441
526 30.141501 19.739768
527 76.033295 94.029539
528 0.308962 6.738080
529 37.655909 63.729707
530 43.121886 12.947046
531 46.134411 2.814701
532 54.045651 24.699538
533 59.515784 34.874898
534 63.449818 51.225385
535 43.729905 77.944254
536 36.490648 9.469531
537 57.612920 91.402927
538 84.431182 62.563385
539 12.771275 17.115404
540 7.504975 80.478372
541 68.306745 48.911007
542 72.120164 47.042037
543 30.973916 48.131596
544 43.347021 41.442215
545 21.637812 24.852116
546 72.383937 1.490836
547 13.664424 20.354252
548 11.866989 8.958836
549 72.305685 31.974333
550 78.106621 19.944032
551 18.643361 63.436876
552 49.290768 11.679833
553 13.327889 12.664184
554 83.107813 89.667060
555 72.622664 48.012981
556 78.798916 41.899892
557 44.905742 76.028839
558 19.414289 65.873923
559 64.970477 86.969129
560 20.968171 47.395417
561 84.780843 13.631630
562 97.736905 18.416773
563 11.631832 67.273782
564 77.587443 16.954786
565 82.675725 64.909689
566 81.148381 94.007931
567 59.936433 3.288841
568 72.465762 97.167706
569 61.391359 38.114815
570 41.483681 75.801458
571 32.455951 90.071670
572 68.047771 9.269154
573 20.903459 76.441831
574 74.311881 75.682124
575 19.018292 97.011848
576 31.218680 6.651821
577 38.842010 27.206954
578 41.729383 63.058119
579 64.304610 61.292661
580 31.755763 77.700811
581 99.897311 27.027194
582 96.843192 54.647633
583 99.464619 14.405372
584 84.791481 55.712635
585 70.901534 57.062156
586 78.183422 41.481128
587 43.722251 19.011574
588 5.640245 66.664817
589 82.627838 44.493726
590 41.950382 60.965695
591 68.544683 11.905283
592 29.601049 20.352713
593 7.813877 96.278469
594 67.217239 35.992358
595 59.899739 94.350804
596 26.492035 48.595961
597 22.668032 60.132470
598 23.168809 9.363768
599 69.731051 38.922867
600 63.563047 9.935786
601 10.161781 8.848391
602 54.309396 38.066559
603 84.839165 31.785585
604 98.758093 90.018690
605 83.149698 45.489905
606 1.930998 71.706403
607 21.831775 2.925615
608 78.407076 0.599190
609 81.282310 89.969355
610 7.914559 20.397709
611 84.434340 64.069502
612 84.993558 75.407347
613 73.270140 66.849043
614 15.268965 66.476040
615 71.386830 14.854372
616 18.785860 57.208809
617 20.426576 24.425535
618 52.315208 77.229504
619 9.146113 55.731503
620 11.490186 59.114190
621 13.808266 35.538446
622 96.440244 79.495259
623 18.200874 69.539523
624 18.713981 68.895582
625 73.898120 3.314161
626 21.261021 64.318235
627 21.382952 20.497923
628 6.351959 23.105686
629 75.521339 49.426417
630 43.548194 3.722242
631 35.081252 69.519913
632 17.007270 68.219404
633 75.860945 67.880217
634 65.852850 40.486015
635 81.577201 86.940039
636 32.585354 90.616110
637 95.323791 50.202595
638 75.209577 57.466098
639 69.734532 36.261651
640 47.988697 49.177136
641 86.845200 83.186712
642 49.942523 81.385770
643 25.571086 46.874189
644 53.434025 72.086717
645 48.783979 57.242598
646 81.522500 8.193261
647 66.291296 46.171457
648 65.130507 91.809194
649 15.770013 55.764385
650 60.104120 1.306358
651 41.331521 75.601556
652 95.901039 80.059376
653 84.737887 32.185295
654 82.434073 46.483646
655 30.928697 17.896770
656 15.760288 37.338578
657 96.408467 8.298908
658 67.390861 98.930636
659 92.265940 46.831982
660 80.673921 20.489398
661 31.052034 16.794007
662 78.782078 59.486391
663 9.490754 5.589444
664 2.401646 75.116410
665 66.481919 4.083908
666 17.758729 68.836077
667 38.857665 98.272413
668 68.294253 78.690478
669 3.315486 22.353389
670 18.905855 37.560952
671 54.501286 93.401513
672 39.896797 14.032941
673 55.276667 1.633375
674 71.331206 34.879841
675 37.986882 61.014696
676 82.385545 15.709535
677 64.464519 28.494250
678 36.644291 47.538453
679 96.756534 40.015154
680 99.064671 33.378078
681 85.778815 92.467212
682 41.042902 19.020286
683 30.782182 14.543055
684 36.154468 85.911540
685 59.723869 90.147797
686 54.280991 61.873520
687 7.294822 27.325674
688 95.887115 3.779361
689 97.548236 57.610289
690 36.285199 35.554848
691 13.666830 21.368083
692 67.331095 59.154111
693 92.367899 37.734681
694 70.202500 94.490255
695 24.985194 90.140354
696 58.924025 22.391816
697 65.209528 39.913707
698 49.104774 25.912404
699 6.724456 47.481881
700 47.587466 9.830260
LOCATIONS
1 95.452221 61.942247
2 91.090062 97.239668
3 2.959656 35.727856
4 39.237467 19.201991
5 25.207969 33.704917
6 74.716792 0.411190
7 81.585182 28.395931
8 90.726088 77.924288
9 16.518448 3.406431
10 31.931318 39.998630
11 11.647004 73.017174
12 69.365156 96.506726
13 2.219170 14.575075
14 32.018007 24.071291
15 90.101862 22.956184
16 59.790201 30.771137
17 70.352152 11.836168
18 77.664121 99.155244
19 24.295014 82.947029
20 30.796234 54.306631
21 59.168739 17.732953
22 20.523445 83.482344
23 45.190972 31.859487
24 27.431011 41.837365
25 66.672549 30.163156
26 88.909055 2.032258
27 42.785846 21.518205
28 67.846682 9.194868
29 77.917163 43.434543
30 19.369565 86.864150
31 8.879737 46.499843
32 55.836200 55.261787
33 37.944088 9.276342
34 84.892876 81.752106
35 13.660217 48.438629
36 23.278956 55.721642
37 14.638104 42.384252
38 62.076815 10.696674
39 18.706409 3.294099
40 28.642605 36.641976
41 79.418378 72.892490
42 69.569103 23.498038
43 32.751924 79.573992
44 32.477188 88.721403
45 15.317077 66.844210
46 35.734042 98.993815
47 1.811059 14.949748
48 99.377031 18.112857
49 67.480466 31.726487
50 37.190993 83.107565
51 6.294661 31.910760
52 5.039530 3.093677
53 13.964841 16.458976
54 7.297548 2.736445
55 0.073727 12.689764
56 71.293714 37.649035
57 98.048780 11.709546
58 48.844751 48.764555
59 54.493886 92.454012
60 31.873282 44.887502
61 3.509133 68.316190
62 84.525258 33.335729
63 62.141037 61.526308
64 25.431678 70.248284
65 10.566996 61.354136
66 80.002584 58.283069
67 10.936903 88.509278
68 69.702043 52.039100
69 23.250540 47.162960
70 33.675140 94.059760
71 34.471034 61.186755
72 5.222242 43.183568
73 4.870282 80.034867
74 99.663146 59.883590
75 22.233232 36.387511
76 99.040155 98.161986
77 19.728062 14.417891
78 51.358104 64.133338
79 37.833600 80.105300
80 25.804305 84.243506
81 8.416313 73.560481
82 66.974062 75.193897
83 32.767376 1.727046
84 89.575832 1.370765
85 31.101241 8.043742
86 59.493565 6.274077
87 28.230353 3.216762
88 39.195101 10.597994
89 78.491817 54.924414
90 88.839614 95.913501
91 93.198169 24.837389
92 17.494903 63.158874
93 38.534069 65.463653
94 94.296245 18.029951
95 6.179117 48.094506
96 0.446638 79.940588
97 41.245512 94.371172
98 6.389802 76.684307
99 46.697896 31.839612
100 93.790015 27.807138
101 4.730356 33.280895
102 94.716450 98.444485
103 59.426000 91.161779
104 66.138121 57.044707
105 55.122536 54.455833
106 55.686549 27.783479
107 3.788252 19.285466
108 51.606518 5.096247
109 78.757823 2.902942
110 62.221009 71.705861
111 69.948639 91.607957
112 40.905830 69.679860
113 1.264269 84.264191
114 88.171876 16.634348
115 36.181852 42.187464
116 1.211604 98.319953
117 37.987876 1.140043
118 33.008314 74.290900
119 11.005432 48.712784
120 2.355471 58.957887
121 32.739987 27.901084
122 80.010544 36.282572
123 45.564842 38.994529
124 78.336609 96.540960
125 4.036545 3.361483
126 32.568735 72.219401
127 17.709454 45.893862
128 27.958048 29.335408
129 92.562783 61.396478
130 92.135544 83.231439
131 33.770057 92.035444
132 24.733923 96.145092
133 68.339255 65.116787
134 88.484733 61.460189
135 44.343878 69.294823
136 95.798683 56.037742
137 25.314152 48.935497
138 74.426011 59.977725
139 69.320399 54.550439
140 58.674752 59.233895
141 43.407575 13.084633
142 9.077547 82.427878
143 77.155321 41.038524
144 77.480372 2.434023
145 84.003435 32.549565
146 98.924709 49.429990
147 1.503221 79.664277
148 61.078473 22.958443
149 4.820032 38.038199
150 67.322596 6.300839
151 77.053753 92.533024
152 20.830511 58.608882
153 54.035465 35.607217
154 58.469490 35.214668
155 3.106314 93.541707
156 13.249273 29.785146
157 52.041434 45.935866
158 52.882357 62.654957
159 78.054986 7.292027
160 9.107135 14.440862
161 55.711320 83.492811
162 81.813406 22.710858
163 43.759744 56.163108
164 69.786475 68.999525
165 73.901506 31.078378
166 75.043910 93.452005
167 47.888901 15.249947
168 97.186666 39.466496
169 87.690981 26.442255
170 35.322042 93.009564
171 43.857440 8.009443
172 81.006531 60.029139
173 35.780907 16.149568
174 82.121248 97.881473
175 26.878641 13.176224
176 29.143901 76.469342
177 98.135664 96.118987
178 98.775073 82.748250
179 66.780922 72.247641
180 94.144094 63.059066
181 58.409952 73.305173
182 98.608202 6.542783
183 1.204971 18.045680
184 5.356610 76.458480
185 28.826266 70.638021
186 59.577002 88.314161
187 59.848145 1.197948
188 11.546911 47.498835
189 34.433186 53.791467
190 36.219727 65.360564
191 60.249692 56.527375
192 23.583390 9.467505
193 80.015786 45.895170
194 12.236475 75.906922
195 79.836942 32.092353
196 69.913709 22.572966
197 87.620755 29.656020
198 41.318202 17.190848
199 22.994303 32.798843
200 15.422486 39.042880
201 64.495173 19.017591
202 95.645104 35.792323
203 42.028384 36.258039
204 23.698693 85.086648
205 26.214098 26.821853
206 19.202227 55.359965
207 87.245924 96.963651
208 94.891476 44.134489
209 78.086914 43.282393
210 26.252834 85.129423
211 73.046222 81.194367
212 87.253084 65.894625
213 45.421607 3.133152
214 11.524088 1.830429
215 95.778794 18.955088
216 52.706007 53.421143
217 67.835621 51.908678
218 0.771896 4.306588
219 54.168212 96.331030
220 90.771305 58.796363
221 53.608032 25.222081
222 99.503584 92.669792
223 50.921955 90.775196
224 9.775073 25.211710
225 91.394689 87.983833
226 4.748477 22.538913
227 59.249999 47.977578
228 86.012838 93.481695
229 57.851248 76.845448
230 72.878591 41.763388
231 1.775720 13.055095
232 98.898014 75.591651
233 37.388114 98.049567
234 16.256127 95.364779
235 77.955539 67.836209
236 83.661740 30.629399
237 9.885424 29.037318
238 25.274288 73.988618
239 1.122057 28.198259
240 27.508798 77.885135
241 33.415259 92.430883
242 96.066935 3.002889
243 48.719477 17.746171
244 14.322498 13.262690
245 68.134936 54.064507
246 70.011956 30.644487
247 64.299705 72.494642
248 31.340730 59.835829
249 91.153673 74.875476
250 52.316341 62.116795
251 5.680945 83.660500
252 26.914333 90.633370
253 4.651263 26.226732
254 86.225731 66.974634
255 53.045356 64.383796
256 97.275590 33.396410
257 37.740242 82.110081
258 8.915714 46.882825
259 8.114262 8.965349
260 60.621720 94.791805
261 28.249895 58.217044
262 21.994802 48.557782
263 10.693354 25.145411
264 31.805382 37.100170
265 60.904717 61.057626
266 75.128330 98.282206
267 40.811520 52.929213
268 63.133876 17.717143
269 93.771840 71.078461
270 34.474854 3.513201
271 54.589625 88.207919
272 66.715514 80.491748
273 51.057237 81.118216
274 29.459751 45.904421
275 78.677126 59.253084
276 2.622372 16.858804
277 94.360519 36.692620
278 41.997735 82.547351
279 66.209499 4.881910
280 59.295288 77.700779
281 50.142959 9.847500
282 57.614996 31.008462
283 43.531866 69.537647
284 6.214422 5.842176
285 34.195805 18.007191
286 54.794757 56.330558
287 26.033005 88.015565
288 50.242723 11.816598
289 87.790655 44.882533
290 67.681223 39.304866
291 18.343694 88.669192
292 71.190308 32.527756
293 11.638422 40.035314
294 85.552879 17.905688
295 28.656154 25.086535
296 69.171026 94.623540
297 35.456725 88.820799
298 19.373896 22.677478
299 62.015590 54.686432
300 90.330374 18.835061
301 92.838634 32.749702
302 39.521166 5.799126
303 93.841921 47.143095
304 86.588264 53.075612
305 27.405586 68.283176
306 24.132991 40.571703
307 55.698630 92.088965
308 40.355691 35.636373
309 4.005383 96.631438
310 53.069289 11.952787
311 33.948133 25.999391
312 55.722948 39.979896
313 33.922212 35.104993
314 10.886426 52.614541
315 92.266202 56.662754
316 80.545295 97.689493
317 62.431139 36.891394
318 73.568724 71.933993
319 61.313493 61.866274
320 81.740024 1.318337
321 3.556036 39.653121
322 89.079488 6.846374
323 68.058162 77.303253
324 31.134032 67.904358
325 69.667753 81.888036
326 12.545814 73.214936
327 56.983948 30.282495
328 9.135986 14.658128
329 39.021070 69.201401
330 85.386039 12.665358
331 28.988944 34.372706
332 30.191592 98.749680
333 61.081884 28.631243
334 2.200879 27.766682
335 43.615399 4.923409
336 90.211073 23.755182
337 1.901223 61.805106
338 47.255003 91.711247
339 95.529680 49.408665
340 3.642523 78.596110
341 56.111142 35.654288
342 92.033324 42.302024
343 69.247661 34.300507
344 86.157134 60.406221
345 5.362323 45.738425
346 78.892395 10.814119
347 4.433450 20.458247
348 56.264754 53.942847
349 12.289331 31.838302
350 95.095032 12.797311
351 83.255277 73.390389
352 77.535430 90.794038
353 69.675196 11.152444
354 12.357359 84.504541
355 84.505691 70.802258
356 88.425929 24.575561
357 4.527180 31.949364
358 96.740068 16.950851
359 59.994078 27.904293
360 97.582371 62.664572
361 52.062233 57.265152
362 61.240393 27.700808
363 7.176012 44.541176
364 78.722529 91.691982
365 89.938543 39.867727
366 22.722299 40.407966
367 83.134466 76.162174
368 19.763084 17.487171
369 74.463495 4.866085
370 5.256543 54.694087
371 41.102566 1.785466
372 2.153380 44.154682
373 39.520482 56.136457
374 11.060502 65.403036
375 97.747306 88.900486
376 16.390606 45.075820
377 95.202597 33.227375
378 21.153947 38.961425
379 67.514345 15.286660
380 20.075625 20.405165
381 2.647213 97.131162
382 40.507625 34.140121
383 6.689089 95.298883
384 45.839783 64.170405
385 11.705382 24.050238
386 83.390934 56.944961
387 90.689216 8.888000
388 30.930274 71.053633
389 6.886043 14.337322
390 87.661337 53.949297
391 97.331124 84.314097
392 7.617101 78.310742
393 85.905051 56.729281
394 66.645410 29.027993
395 42.121217 75.931725
396 55.433081 60.044127
397 75.609347 30.425804
398 83.116827 90.294593
399 12.768458 46.600451
400 43.179449 91.097008
401 63.454275 42.085380
402 22.387726 45.526673
403 67.823532 67.464843
404 1.870675 12.678558
405 80.312276 25.061464
406 75.953383 56.624620
407 98.468276 85.547422
408 27.310194 98.848346
409 87.143094 27.905986
410 16.030703 79.859379
411 91.871057 62.203286
412 88.216003 44.872982
413 12.437623 59.155247
414 30.153458 31.172563
415 14.182996 79.451240
416 16.680089 83.971674
417 15.687472 95.586424
418 80.488052 71.455104
419 86.663383 54.888274
420 88.133678 14.374365
421 34.283631 38.108590
422 59.058390 27.930085
423 90.613807 37.989175
424 87.376414 61.460758
425 28.753872 10.721434
426 94.645696 97.073361
427 65.222502 87.151300
428 75.439998 73.987014
429 93.499156 50.310370
430 39.822667 69.874911
431 81.289798 43.339821
432 71.566961 49.785719
433 56.124353 12.086455
434 86.866877 91.719537
435 66.652892 67.952348
436 13.080710 7.250537
437 32.830366 57.575240
438 99.142706 91.388188
439 71.526912 58.102829
440 81.570791 68.888063
441 58.636685 14.297419
442 5.029207 62.649295
443 22.713811 81.912110
444 9.123040 59.125715
445 50.929203 60.187379
446 3.101488 16.911210
447 96.244742 60.319939
448 78.578478 55.683230
449 45.653313 65.299377
450 41.884163 86.709564
451 45.711112 62.108080
452 42.309409 80.191765
453 70.262151 79.376369
454 56.803697 15.135915
455 61.029483 9.333347
456 27.388885 13.051661
457 98.526623 83.106498
458 53.590090 15.805948
459 63.745727 99.792673
460 33.120611 34.278699
461 90.096044 10.520457
462 89.408836 93.344319
463 94.622372 46.907077
464 49.455138 57.282692
465 3.615868 85.463608
466 50.517682 43.370844
467 19.357340 14.746277
468 53.493601 88.628127
469 55.829421 8.834223
470 26.904996 23.277134
471 28.835166 46.923004
472 18.148970 60.197988
473 56.240879 75.327390
474 6.164333 82.848029
475 33.813713 45.334584
476 10.708851 98.413775
477 68.336900 39.010713
478 17.293966 35.144272
479 3.370596 83.211035
480 81.945552 95.121093
481 92.632515 50.483595
482 45.226716 61.743457
483 54.091998 1.513893
484 16.720613 12.562888
485 53.164376 12.509967
486 75.627443 89.806415
487 44.956900 31.259516
488 27.059304 41.613882
489 56.358686 65.687746
490 33.861213 61.060504
491 54.702091 53.919764
492 39.512048 2.155223
493 23.068310 33.140386
494 74.621551 43.391570
495 37.381159 21.181720
496 67.416846 27.911276
497 74.781090 11.444151
498 51.644287 80.641282
499 45.040700 67.922001
500 59.081398 2.822068
501 25.744519 70.014063
502 7.566029 78.541179
503 89.584377 64.744660
504 51.531703 80.587633
505 99.018754 99.582292
506 13.008628 99.615164
507 65.136526 23.443577
508 82.042288 6.337888
509 34.153345 6.612985
510 13.220095 6.723035
511 61.151732 28.432153
512 45.046714 34.737100
513 67.002397 95.415509
514 59.563718 62.145006
515 24.005565 62.313834
516 31.364969 97.907142
517 46.159364 48.696506
518 51.208141 13.678090
519 40.625406 19.941917
520 31.040666 19.784930
521 86.130899 30.367345
522 89.038519 3.342948
523 2.580698 96.370724
524 63.617070 81.769767
525 64.281529 15.939475
526 7.060693 31.864143
527 6.878032 74.537874
528 27.632675 34.029495
529 23.489988 42.507990
530 14.822559 12.537036
531 47.839474 71.594314
532 61.702286 46.909989
533 21.363483 4.381946
534 61.495774 58.402508
535 87.787071 85.449650
536 89.957441 61.710624
537 11.481548 49.186459
538 23.292996 14.377530
539 72.724436 19.159171
540 4.833246 28.116634
541 60.821011 7.256354
542 18.806558 63.140397
543 12.964091 45.365302
544 83.215024 54.363070
545 43.030574 79.629734
546 25.634138 20.504575
547 10.273690 5.872394
548 20.155938 52.919190
549 93.101326 30.825660
550 24.968630 22.691157
551 45.819392 15.024605
552 95.042608 27.710874
553 91.979174 93.858320
554 40.222545 61.069270
555 1.522340 12.680020
556 72.521122 88.057317
557 46.467805 48.322295
558 57.024343 32.518917
559 43.672651 45.350744
560 15.876753 3.974700
561 51.128036 38.504442
562 83.868314 64.140679
563 95.220122 87.955816
564 15.330966 27.702937
565 27.413036 73.800130
566 82.003283 62.643692
567 71.941246 0.824871
568 73.102407 56.330281
569 50.751783 32.255743
570 78.527311 68.911034
571 49.301895 34.297398
572 64.090458 80.329287
573 75.117811 78.472117
574 89.685671 40.576619
575 76.198589 45.328892
576 65.815150 3.376961
577 44.249273 0.360344
578 79.222906 79.630078
579 40.217851 41.150250
580 31.304333 96.772585
581 74.523283 37.103111
582 16.977691 59.125736
583 4.868275 65.778708
584 93.967990 20.562921
585 40.818421 79.964115
586 43.701567 93.247525
587 30.000188 25.128122
588 37.054945 1.515082
589 0.293818 77.067031
590 1.426332 34.726311
591 57.416063 68.571576
592 52.116595 2.075983
593 73.386500 34.451431
594 94.602843 6.797057
595 93.804432 6.506283
596 69.149410 75.791280
597 40.310152 97.564996
598 47.262714 28.553427
599 24.820295 20.151159
600 34.330318 10.914149
601 13.230754 67.778491
602 22.832463 9.968499
603 11.907500 65.373578
604 8.016416 19.863441
605 52.066640 75.755826
606 96.089532 91.674615
607 66.261264 1.973712
608 25.096514 61.109641
609 58.204131 9.630296
610 78.221453 44.251359
611 98.404160 91.348854
612 2.807637 60.952020
613 39.537909 36.948185
614 43.528513 15.281996
615 23.287863 77.132823
616 74.599852 61.201095
617 95.530089 40.636456
618 93.384452 45.423391
619 71.242949 74.725501
620 46.939954 16.033573
621 2.154749 36.793908
622 29.204560 60.933865
623 70.623650 95.341481
624 18.855804 76.357866
625 12.171308 63.769321
626 65.567379 68.203368
627 17.367978 69.434939
628 30.768695 74.699021
629 28.732399 53.819668
630 79.686062 33.160911
631 27.082095 62.261243
632 80.952477 55.925309
633 84.109660 59.671307
634 10.833582 94.268182
635 45.167184 34.265694
636 79.631527 27.799231
637 60.565329 5.105582
638 27.948935 72.360792
639 5.280650 97.621027
640 74.341770 89.944920
641 84.827928 64.828518
642 62.287043 22.133195
643 18.959870 84.385521
644 79.970573 6.699296
645 9.034518 51.535344
646 19.695908 7.488513
647 81.560546 89.327550
648 20.786806 39.335557
649 65.821014 73.102299
650 48.490456 54.813647
651 92.028802 8.001484
652 31.900460 2.426106
653 43.681601 85.564169
654 89.420568 52.715628
655 2.782180 30.458373
656 56.226011 91.031818
657 61.728597 18.905405
658 55.861501 54.006608
659 17.450942 97.968375
660 45.355788 15.619292
661 94.569512 76.965052
662 21.965092 71.345379
663 43.950959 72.778272
664 60.903359 0.727687
665 94.617524 0.649024
666 48.148928 34.990152
667 59.124029 86.168927
668 66.910506 38.541555
669 93.665835 77.898472
670 96.313624 34.322454
671 61.466614 17.771056
672 83.459910 46.860714
673 8.139085 76.494112
674 85.501729 51.859204
675 5.261514 21.419044
676 60.052812 17.249788
677 23.994677 54.195987
678 73.047972 58.518319
679 19.029166 76.364984
680 65.396361 31.652593
681 23.590929 58.332224
682 59.011223 28.536814
683 37.729355 60.938184
684 65.837892 47.821288
685 46.970502 34.066563
686 91.395007 44.752793
687 94.643889 66.443389
688 95.245082 23.434989
689 89.565505 95.015861
690 2.167293 82.362118
691 43.558851 85.298453
692 21.804065 61.835040
693 99.762259 24.521788
694 5.823707 0.272811
695 74.380275 5.323840
696 84.561332 4.686184
697 82.912071 93.871082
698 86.711370 80.814696
699 44.600849 3.821955
700 76.167093 82.078862
