500 500 5 COORD_PMED seed=20260728 source=pmed21
CUSTOMERS
1 87.631726 96.780414
2 45.134503 84.307640
3 85.053014 58.449674
4 65.934630 74.285704
5 48.045936 77.995873
6 76.397422 94.316745
7 39.011619 77.364968
8 4.495221 27.287816
9 28.987927 18.945533
10 23.502739 54.826173
11 73.902120 10.377139
12 29.138696 15.069126
13 9.643238 29.585839
14 13.833630 68.599364
15 22.337444 50.582108
16 12.572344 58.090875
17 41.369270 13.776947
18 25.506914 4.090582
19 63.701105 64.066807
20 97.080737 97.087959
21 35.217268 62.552748
22 44.207520 54.567683
23 11.493480 76.294563
24 75.815823 34.231403
25 69.647545 19.746238
26 5.041278 51.259147
27 49.732016 62.536737
28 89.571530 84.364789
29 26.308463 10.862343
30 29.066919 53.939262
31 18.527245 73.700948
32 67.036127 83.260536
33 57.253419 36.143517
34 24.037657 3.690599
35 45.797400 82.380243
36 43.329862 69.530909
37 80.938365 16.346489
38 93.527080 42.173500
39 12.965780 68.400635
40 79.233345 2.000513
41 84.723209 52.566257
42 36.937462 9.093195
43 15.667074 89.945641
44 19.896651 94.548857
45 54.088924 53.391666
46 93.862786 61.043617
47 27.269226 76.622895
48 22.986823 66.984907
49 38.380977 60.976605
50 83.705834 19.095627
51 60.623976 35.706336
52 94.662794 47.088880
53 24.229305 33.849208
54 34.710962 85.917976
55 40.068685 89.543470
56 28.809287 26.317737
57 70.497170 28.673056
58 73.878137 90.164294
59 20.577339 56.528233
60 49.177826 0.649833
61 66.216363 46.799264
62 0.494846 8.671495
63 49.623630 86.945075
64 85.818658 12.673630
65 58.140074 24.075523
66 39.841863 9.074611
67 93.971744 29.532133
68 13.815234 83.625292
69 81.931795 94.721333
70 80.576342 23.614511
71 47.014096 86.912373
72 7.881982 69.986163
73 9.692083 16.838652
74 70.153550 77.435326
75 44.152983 92.630605
76 34.011662 33.057665
77 42.738028 62.000609
78 62.991273 37.071011
79 28.972676 71.922504
80 5.221999 37.797420
81 22.833802 66.278540
82 35.201745 92.769553
83 69.333444 92.133753
84 11.063604 30.559893
85 20.181008 96.916538
86 7.947427 86.985752
87 4.175725 1.586917
88 33.876269 65.684224
89 36.873179 88.492613
90 42.587610 65.018525
91 84.669189 94.482609
92 98.497021 71.004449
93 98.776541 21.007979
94 98.616706 20.704123
95 30.224714 0.663773
96 17.744136 66.953682
97 65.714683 88.907393
98 57.379483 56.342973
99 42.632156 9.294503
100 69.426169 38.639754
101 55.520140 68.608195
102 48.475207 62.990170
103 74.018962 33.349907
104 44.087487 48.073002
105 25.582973 60.394803
106 88.109386 26.534573
107 92.058313 74.146795
108 28.621211 67.309482
109 90.326390 21.982736
110 61.724056 67.410732
111 51.958689 38.632382
112 67.623971 16.389010
113 91.257573 3.901281
114 96.840653 50.638734
115 53.180891 87.687617
116 80.730413 94.041950
117 20.696039 66.196286
118 27.567696 78.181223
119 57.929755 74.964409
120 98.825102 77.405941
121 59.328527 42.020538
122 39.119410 72.480310
123 58.837414 82.513744
124 2.867096 47.411329
125 54.090041 89.317468
126 97.938787 62.503806
127 61.371907 99.504282
128 71.868598 42.651560
129 76.054238 62.231888
130 59.958616 47.321425
131 84.800243 84.528053
132 66.128458 36.309374
133 26.164521 80.810112
134 51.318124 1.283322
135 53.025858 46.631613
136 83.897087 63.527735
137 50.944613 78.574605
138 15.168200 63.842735
139 9.928454 28.230033
140 97.465138 70.533455
141 85.237938 96.677745
142 62.527378 30.145053
143 35.040608 81.079145
144 95.050033 13.973522
145 97.720664 33.591223
146 74.857965 26.650103
147 73.643813 24.870913
148 77.232843 41.589243
149 55.749522 24.358255
150 12.425699 96.045403
151 13.039746 33.667023
152 41.389457 96.073295
153 44.505267 20.033727
154 61.689943 58.439973
155 95.039442 33.353399
156 82.822913 95.525483
157 83.295980 97.332302
158 34.971155 44.262134
159 65.085537 93.644810
160 57.513018 43.308095
161 64.809248 61.137909
162 46.581367 32.162289
163 4.061907 38.483880
164 80.886564 11.977527
165 73.362991 74.088746
166 35.296117 31.888260
167 92.678487 54.185126
168 76.528166 59.274816
169 76.980084 39.037857
170 64.772750 52.340587
171 50.701021 54.567718
172 25.244274 64.971998
173 81.018090 38.773292
174 55.134354 60.497650
175 4.939355 16.053240
176 91.901980 6.343274
177 1.390775 98.446680
178 18.702164 95.515466
179 30.580346 10.148148
180 35.289464 63.833587
181 84.285826 80.695037
182 28.370852 47.556467
183 49.888133 43.593313
184 89.626349 57.753514
185 53.727289 57.346858
186 10.237629 62.694157
187 45.589666 46.890124
188 97.066890 4.546537
189 92.416417 18.877229
190 64.767465 11.326111
191 60.176366 8.045401
192 9.118417 96.282752
193 95.371608 19.177908
194 93.014922 76.555105
195 50.894332 94.502008
196 84.563403 96.008074
197 49.954028 96.749022
198 35.124025 74.650032
199 71.164628 65.791362
200 14.634009 63.328725
201 84.482364 49.702205
202 27.443408 77.119239
203 60.090420 68.230292
204 35.445962 9.031433
205 16.178703 26.568693
206 10.877361 92.169538
207 61.576744 60.859417
208 3.115103 10.832825
209 51.458809 7.015318
210 3.808456 96.141315
211 12.614503 6.761672
212 13.737120 38.842994
213 14.955978 27.460913
214 2.404732 67.918685
215 34.637288 24.684068
216 9.439242 23.638414
217 44.922615 91.559180
218 22.705577 62.240793
219 97.377773 60.078888
220 53.916011 49.672756
221 78.574758 21.353359
222 12.932327 90.222535
223 5.791233 85.413792
224 72.983678 21.458352
225 60.948400 8.627725
226 96.106109 58.541677
227 41.148486 85.534123
228 2.255944 13.067761
229 71.349774 73.709590
230 19.676823 90.574595
231 51.352091 58.320926
232 60.993275 12.046173
233 32.356682 66.502377
234 53.051769 31.740702
235 82.670451 74.726103
236 94.765836 32.632140
237 52.971867 14.776357
238 18.422739 37.584326
239 80.372370 23.921531
240 29.768690 16.845028
241 18.257636 79.407100
242 78.921349 88.465194
243 93.792638 90.397116
244 77.358650 99.714855
245 45.766819 61.794424
246 89.856979 27.158594
247 39.547859 56.328509
248 91.420203 26.262313
249 75.552277 67.660145
250 71.523346 32.468629
251 36.409261 55.824239
252 6.546466 30.105874
253 39.789883 33.771664
254 78.884097 40.519759
255 25.983480 81.868138
256 38.338590 8.913833
257 6.307316 94.929499
258 67.375133 94.950405
259 0.541876 34.430995
260 99.965602 52.659032
261 86.860839 42.519175
262 80.182051 14.799375
263 71.885836 61.530335
264 58.698970 14.598107
265 34.169266 96.277041
266 88.181549 5.416208
267 1.610628 88.971535
268 93.125777 58.855428
269 8.058471 72.796803
270 62.255048 43.796585
271 45.913663 37.544567
272 88.204130 35.421152
273 69.130691 22.314054
274 56.947702 75.584645
275 93.349126 20.430640
276 47.126693 30.013318
277 81.170261 59.662543
278 28.073265 62.759708
279 83.996404 4.570968
280 9.859014 67.680993
281 88.680402 33.724033
282 91.314526 19.998527
283 81.097324 86.875364
284 30.745078 28.464040
285 50.390835 16.867747
286 62.824851 67.045932
287 92.678859 50.343294
288 72.527770 57.159362
289 92.259707 35.854323
290 59.378240 55.633855
291 51.604336 65.765776
292 12.666619 16.412503
293 7.268426 44.216296
294 11.909750 93.288125
295 96.404665 85.006086
296 17.819549 97.976322
297 49.161133 21.545040
298 24.985577 50.362429
299 36.186655 50.105990
300 34.317849 2.136204
301 52.349162 17.226394
302 67.634129 50.935603
303 93.832046 7.277191
304 95.792959 71.836731
305 38.957312 55.415009
306 64.243664 34.293851
307 36.622544 64.772559
308 29.968436 56.018224
309 70.082982 84.965419
310 24.709832 33.756161
311 65.678829 43.715762
312 76.455587 88.278190
313 11.907068 93.898332
314 5.129325 2.182678
315 15.747664 43.472121
316 66.228697 56.121144
317 29.704844 39.181065
318 75.058300 82.961799
319 74.359576 76.926216
320 21.735445 74.472556
321 5.884386 1.141960
322 35.975334 77.163840
323 16.226438 26.571515
324 0.887161 69.391368
325 52.942999 6.390778
326 51.677009 84.529764
327 27.362513 50.666963
328 66.206290 15.711226
329 14.969796 40.506375
330 66.714009 34.009001
331 20.523307 32.777774
332 42.199261 73.536323
333 86.216650 29.722897
334 72.368446 16.505381
335 36.614936 33.295654
336 43.559853 32.940410
337 58.991832 60.729207
338 64.263595 46.198805
339 20.179492 67.939294
340 66.761873 3.459505
341 20.724413 55.804462
342 59.921266 80.480731
343 55.002459 8.011643
344 4.557638 43.663950
345 35.445582 4.279688
346 62.894247 35.682894
347 16.989880 39.558932
348 86.821064 70.316705
349 72.595387 83.649913
350 60.794187 48.022650
351 44.433660 62.459477
352 30.128666 48.215688
353 98.869213 80.663338
354 43.062280 73.002303
355 27.110241 20.070437
356 64.174250 15.457486
357 66.844950 40.413071
358 45.197296 98.466561
359 25.891289 98.486440
360 85.424213 55.414813
361 61.532651 51.203060
362 95.574594 70.232490
363 37.432253 77.404805
364 69.824991 82.414145
365 12.971119 46.390973
366 46.359529 54.197774
367 80.320345 24.020883
368 61.199353 66.751050
369 51.493982 39.287443
370 55.320978 77.338188
371 22.013969 37.729452
372 83.291010 4.658443
373 86.063768 64.988248
374 93.870149 0.530836
375 64.518301 99.092513
376 57.500355 62.823792
377 82.572217 14.693775
378 45.446889 72.633425
379 50.919468 48.562997
380 45.618035 67.552641
381 48.391174 70.650578
382 28.480697 39.582263
383 26.288311 78.936150
384 90.671505 63.397453
385 33.315096 4.612260
386 96.182507 23.728984
387 12.180146 16.049026
388 21.879142 71.628036
389 94.597557 18.808504
390 4.872432 50.335036
391 70.309727 60.794824
392 84.961053 14.500996
393 82.751867 65.243526
394 79.833423 63.552557
395 63.437861 17.504330
396 77.075558 75.773719
397 44.450559 27.407163
398 9.188543 59.149300
399 97.188615 46.807129
400 45.481792 53.017508
401 9.828434 65.160904
402 27.593983 1.687638
403 29.373796 30.739442
404 96.338630 9.338909
405 11.351438 61.233602
406 55.156088 76.899866
407 58.006626 52.772042
408 4.934773 81.831733
409 68.422381 12.039800
410 28.346807 48.251932
411 49.445136 38.273764
412 83.479598 4.158245
413 55.132623 29.327751
414 57.377374 88.651457
415 59.656927 97.495117
416 77.518798 1.268373
417 8.165735 37.351949
418 56.694215 52.756351
419 87.069662 88.076286
420 39.402693 81.700531
421 90.597807 59.183337
422 89.993440 90.286225
423 83.351405 99.453238
424 79.109393 6.273665
425 77.484570 48.576530
426 61.085967 60.817318
427 89.539086 4.011577
428 37.446437 36.986835
429 90.749539 85.323023
430 88.210234 36.921553
431 67.384668 23.447222
432 58.301811 10.685023
433 41.569668 72.631753
434 66.549127 56.230874
435 70.272872 41.385152
436 0.767757 90.456413
437 5.736000 74.971392
438 29.651528 17.477011
439 13.103586 25.876379
440 55.843310 60.425977
441 4.414310 38.103924
442 87.312504 27.178067
443 10.016253 52.898951
444 87.367504 46.165666
445 12.046902 23.302250
446 27.321078 12.092316
447 70.254279 62.821976
448 89.456000 37.093608
449 11.200872 7.148901
450 75.945369 4.828906
451 21.097104 92.642120
452 78.728196 33.252281
453 83.854425 48.269666
454 84.250101 18.962674
455 75.898021 23.528756
456 88.005774 84.145202
457 81.692005 54.180339
458 90.273534 16.019627
459 0.432807 62.519897
460 49.134089 14.181344
461 91.028923 27.475689
462 96.121001 57.743021
463 95.172259 21.967002
464 13.411226 59.276771
465 43.204163 5.932394
466 20.497414 10.272348
467 36.744513 91.156432
468 1.612107 96.362259
469 20.946497 7.772418
470 77.160955 51.009092
471 7.192727 34.380395
472 46.662105 89.186387
473 20.841128 39.559614
474 63.331712 32.499907
475 30.560986 18.495358
476 93.868855 47.079155
477 8.685687 95.857908
478 69.769100 83.847446
479 26.336522 82.928094
480 38.936471 94.970789
481 36.236152 39.706016
482 2.130784 27.431441
483 24.473951 66.399577
484 62.433280 97.294582
485 58.856849 20.687933
486 37.886093 26.715776
487 45.085475 24.039409
488 33.328546 59.203643
489 42.658809 3.785140
490 78.086381 90.207017
491 73.245155 88.996457
492 42.385914 21.223960
493 17.566198 77.496830
494 12.944110 27.441411
495 50.491466 12.289281
496 4.166632 6.364424
497 5.556612 44.454256
498 87.924058 46.469153
499 33.358398 56.447603
500 91.387581 88.037293
LOCATIONS
1 39.729925 78.656920
2 53.922291 68.802632
3 2.845255 97.633625
4 68.016398 34.753381
5 85.038704 97.065003
6 29.900070 56.971464
7 53.963218 21.954438
8 36.864573 38.326146
9 1.037863 65.624245
10 68.288264 55.873299
11 66.167294 49.663887
12 97.533576 18.830704
13 98.577643 16.342082
14 66.556911 78.148994
15 19.042145 26.196001
16 90.086872 10.408441
17 37.607408 17.759521
18 0.372431 89.772830
19 59.526804 9.802800
20 72.337747 9.365182
21 27.721277 98.054530
22 53.846188 95.461007
23 66.259487 9.975773
24 56.795258 89.100342
25 38.800005 20.047587
26 61.549872 71.717248
27 64.252784 42.427334
28 86.755317 80.041215
29 58.623354 47.400689
30 20.143047 78.828953
31 30.409093 10.047345
32 32.078902 58.042234
33 6.839522 95.955037
34 30.388562 14.268903
35 70.230665 22.768169
36 0.676219 6.268414
37 50.307426 84.154833
38 65.803703 19.586889
39 62.436815 52.720642
40 43.842332 70.174689
41 92.910266 85.418419
42 87.941294 50.070761
43 47.954782 34.255466
44 97.138091 79.256646
45 51.282186 58.506651
46 16.012110 90.927668
47 2.202024 95.407567
48 74.947487 98.381254
49 93.716389 80.939454
50 75.300782 23.345355
51 68.051215 74.856208
52 82.898313 8.148257
53 75.953572 81.149734
54 26.460317 93.583544
55 29.755381 64.335492
56 52.897682 76.670879
57 94.046621 55.063342
58 55.409226 4.703202
59 27.288146 48.133407
60 21.733498 71.622002
61 75.003263 36.247549
62 46.112591 63.511589
63 81.498136 33.753788
64 91.727890 48.547798
65 18.381845 18.826105
66 12.319900 48.855683
67 98.486206 68.463901
68 69.877116 94.597148
69 21.723427 73.547500
70 90.179479 24.944097
71 65.912635 43.389654
72 62.829657 41.377922
73 40.795436 20.941605
74 37.111337 52.219275
75 60.214224 27.086688
76 48.872880 90.954779
77 27.582214 44.251665
78 47.035292 11.848725
79 70.410856 51.390019
80 42.842539 32.000165
81 21.868426 55.163837
82 99.335920 34.943193
83 52.487731 80.814671
84 40.823843 16.854518
85 31.985076 77.083230
86 95.737691 39.761556
87 89.978630 19.954697
88 4.601731 66.335154
89 36.706327 86.318793
90 38.534966 6.812866
91 44.980942 45.196714
92 12.132535 69.374301
93 41.481690 48.349785
94 5.784528 89.483497
95 9.943869 48.701354
96 84.110732 95.549545
97 46.085912 4.298571
98 90.112511 18.372108
99 90.968770 65.298927
100 70.613042 90.223486
101 83.238381 16.763881
102 12.394736 70.179026
103 16.324108 11.294600
104 19.074072 97.025263
105 88.831863 5.769428
106 31.704738 45.261500
107 26.580188 29.697436
108 94.020500 53.379998
109 90.075555 57.687970
110 98.173720 58.741684
111 60.046990 39.253584
112 0.386041 24.979007
113 98.593554 35.172378
114 13.154538 72.509731
115 29.295710 45.184000
116 29.269401 85.362682
117 59.471641 32.693429
118 28.657988 40.109969
119 1.885899 82.161557
120 11.539378 88.686724
121 40.759090 65.930187
122 10.121533 75.285905
123 43.695979 75.206096
124 68.969520 60.949582
125 28.401383 25.954909
126 52.292051 14.822335
127 16.956036 88.836306
128 33.582259 8.148534
129 6.921619 38.621023
130 9.623594 30.524264
131 85.578260 60.981838
132 62.663831 62.684163
133 25.782038 18.876318
134 85.115047 78.999029
135 89.051669 87.998549
136 93.420197 61.953296
137 61.788287 48.856954
138 6.069779 28.832167
139 97.075299 82.221556
140 83.569208 11.310108
141 27.915104 85.499223
142 37.354516 70.332212
143 74.443768 51.075698
144 28.692258 55.836786
145 29.336851 38.348686
146 77.197949 2.942152
147 99.942226 9.230764
148 52.651252 56.367799
149 35.374540 73.874653
150 13.661786 32.699085
151 86.978575 6.296441
152 34.595764 98.947136
153 9.022405 23.251362
154 57.576817 92.565027
155 13.946242 88.482378
156 37.265452 51.835139
157 82.706832 80.023930
158 0.585672 59.473081
159 44.957444 11.943354
160 51.190470 1.442139
161 77.231448 60.729242
162 43.979015 25.006249
163 9.806443 82.294246
164 45.908934 26.400164
165 43.879037 7.087458
166 38.791160 36.378699
167 43.427562 25.052788
168 81.429917 26.570968
169 81.949191 71.987602
170 29.108281 74.210309
171 29.649619 25.691899
172 22.277298 87.835504
173 66.106094 60.705259
174 37.952661 52.753094
175 60.370421 59.591089
176 39.783005 52.668572
177 86.145975 77.237711
178 53.052822 3.538301
179 6.845331 93.666060
180 91.947345 48.925088
181 35.839363 67.515525
182 86.859045 59.654291
183 31.420432 26.500418
184 29.727554 32.814794
185 33.876294 86.417718
186 6.678039 3.638160
187 9.794719 26.099511
188 63.854807 19.462861
189 60.286008 7.363250
190 58.241717 75.088568
191 48.877406 94.631440
192 27.679345 28.784102
193 81.834880 88.469948
194 37.687063 56.635809
195 76.569127 98.812996
196 55.438911 3.826009
197 75.469634 65.403214
198 94.213090 12.186751
199 62.142925 86.563244
200 1.855360 16.058412
201 94.397650 5.233818
202 37.992828 93.466519
203 8.804121 45.381996
204 50.407833 48.044182
205 27.555702 50.531204
206 16.591989 24.861557
207 78.040031 7.418637
208 54.166308 36.038365
209 17.926179 94.804274
210 90.424900 99.364587
211 3.935525 85.680908
212 83.965305 17.211895
213 72.521401 25.987233
214 41.479018 85.074418
215 10.415143 67.001940
216 75.296031 68.378076
217 6.295929 76.014497
218 94.371251 68.596670
219 29.159458 69.501408
220 39.144276 85.894310
221 63.307846 64.540256
222 34.419840 36.502840
223 80.772373 35.299715
224 57.818958 54.620783
225 10.993089 88.373843
226 12.840370 97.674851
227 69.882183 41.346086
228 45.963352 94.684310
229 16.687751 10.994202
230 4.504328 30.640511
231 52.854075 98.592892
232 11.989799 27.260190
233 12.964665 29.724396
234 62.740416 20.819331
235 64.227510 18.412299
236 54.560293 91.977169
237 30.930562 84.563560
238 71.769195 37.986978
239 9.156929 76.262886
240 22.662357 66.874112
241 71.788055 36.166378
242 82.596105 16.449308
243 57.393331 3.074806
244 6.729288 67.774327
245 25.631866 70.928927
246 43.873659 86.401223
247 93.531636 22.082916
248 31.674749 48.589377
249 31.325295 27.031242
250 25.579269 25.552880
251 98.463831 14.870683
252 58.964413 93.267042
253 94.544245 99.655067
254 65.003751 20.587772
255 20.443095 3.148206
256 40.648711 46.165882
257 60.068377 5.054966
258 24.450216 14.386499
259 52.713532 40.379158
260 54.045099 46.144739
261 3.610161 94.359937
262 87.187618 86.463049
263 83.290251 79.366736
264 62.580231 68.070801
265 19.199962 30.599023
266 16.335784 35.705627
267 80.011147 81.833682
268 40.718635 51.010533
269 34.846582 68.156991
270 69.388644 80.393322
271 62.220630 10.101301
272 83.065725 18.800209
273 39.281025 69.236765
274 26.647721 96.952637
275 1.006222 12.243079
276 1.042162 29.005143
277 99.072254 19.561199
278 14.821011 32.222666
279 14.445928 8.356522
280 73.666655 31.186616
281 8.549459 87.265013
282 93.550451 70.713544
283 31.126471 99.899332
284 32.747399 92.521308
285 78.133392 63.987374
286 51.547527 17.271685
287 63.485518 17.940295
288 60.746351 12.376015
289 39.022051 68.726218
290 6.488935 7.117677
291 19.579054 37.798850
292 63.986862 95.953339
293 72.410292 69.414586
294 82.286037 63.215679
295 24.661549 10.183501
296 3.961621 19.306532
297 56.795349 28.274807
298 19.884583 89.767096
299 68.895187 97.724093
300 22.784722 96.171953
301 3.778690 83.099814
302 9.094209 99.330781
303 92.124740 42.017286
304 34.950588 43.765449
305 10.289867 87.653417
306 10.314453 88.610848
307 17.432297 48.797922
308 23.643955 22.944272
309 50.762827 71.357782
310 20.139521 14.061149
311 38.632184 59.879076
312 25.824644 66.896393
313 89.704435 95.360458
314 75.036852 48.819547
315 21.455503 40.772611
316 16.710136 32.428720
317 62.228071 63.542187
318 96.605567 93.732635
319 65.346750 45.318369
320 5.458906 71.263539
321 50.884444 37.842278
322 22.077691 33.959334
323 22.499797 54.371992
324 60.945761 49.290566
325 85.707383 14.273080
326 12.830402 75.689245
327 65.662618 53.156716
328 96.088466 44.014327
329 72.886055 3.029578
330 46.051424 49.764387
331 45.492815 49.689654
332 19.289802 5.575043
333 61.105699 0.908111
334 17.083822 87.333044
335 21.075087 98.181920
336 6.933407 55.364707
337 98.787966 36.214584
338 24.756347 85.575060
339 86.215943 30.665851
340 53.189519 22.934874
341 20.502287 79.786762
342 1.914520 70.124289
343 53.969053 47.168311
344 56.097071 11.319431
345 52.689873 28.153114
346 49.954172 50.947946
347 6.428872 49.220581
348 48.276439 77.161653
349 39.206419 60.536823
350 11.246900 93.519174
351 25.645356 81.088811
352 55.562501 92.523357
353 69.263225 54.051533
354 92.704034 61.622956
355 43.352926 55.117357
356 66.886885 99.156364
357 93.026841 94.011392
358 52.055086 12.459753
359 40.394647 41.889466
360 7.227739 9.118635
361 75.876570 95.979545
362 24.899285 18.734907
363 94.007039 53.471781
364 24.098387 42.850673
365 60.912409 93.119279
366 98.041627 38.825891
367 0.439048 82.379612
368 17.740952 76.437250
369 11.572899 4.838404
370 74.537961 0.861269
371 17.155451 46.924949
372 14.956401 21.925646
373 85.418368 14.387620
374 72.477986 84.503415
375 28.028473 13.659093
376 8.970705 79.291070
377 6.941630 26.930414
378 5.256272 22.235565
379 77.294456 78.428000
380 16.343497 99.659956
381 31.082818 3.141046
382 63.497194 72.719634
383 60.129063 94.764001
384 12.196312 63.788235
385 69.855154 6.711765
386 97.160756 48.321942
387 57.851238 76.819086
388 0.631026 88.019589
389 56.024633 92.041473
390 97.950239 73.449668
391 88.133135 79.184284
392 90.420058 54.241694
393 73.041744 64.344555
394 89.574194 25.268410
395 74.222678 25.467836
396 81.629038 9.475158
397 93.865970 22.163680
398 27.485565 32.672261
399 36.302355 35.905830
400 73.936872 67.319068
401 12.677698 75.498903
402 91.699868 36.867544
403 45.245428 17.406640
404 55.220973 56.349436
405 84.474992 36.222395
406 21.120433 87.960752
407 95.968869 8.558586
408 86.457577 54.617135
409 36.132507 18.739429
410 97.608304 48.149640
411 11.901037 92.153644
412 75.584637 25.566270
413 53.365231 20.899816
414 37.251304 66.302939
415 81.168829 25.527840
416 79.679301 11.886749
417 13.443271 3.166557
418 95.006598 17.614275
419 47.450430 70.318621
420 8.835210 6.595393
421 93.310671 31.890172
422 8.071014 2.193864
423 51.260147 68.210540
424 17.757213 65.614358
425 44.522992 76.682633
426 48.965720 96.850449
427 71.065204 62.261681
428 70.706339 45.913837
429 61.391008 12.220237
430 48.880966 31.026164
431 20.090340 8.370320
432 87.877910 29.508162
433 1.841753 93.948622
434 90.535763 36.335966
435 70.959413 86.792025
436 1.913325 55.297944
437 35.967078 82.651835
438 40.286620 60.980862
439 99.182243 50.040317
440 87.813180 3.259721
441 24.610634 22.372900
442 27.783845 56.555875
443 12.480743 80.728901
444 26.388042 47.086455
445 24.419327 89.802275
446 12.867790 44.387772
447 18.552515 89.881960
448 86.506509 72.711625
449 93.661699 69.800481
450 44.195379 98.134149
451 24.685186 76.606444
452 72.638290 93.044934
453 92.395743 86.836923
454 52.575088 90.917218
455 8.635338 21.492557
456 53.543676 39.289991
457 91.882334 30.364856
458 50.413708 20.630891
459 29.275112 80.925616
460 64.803912 45.989092
461 59.414777 95.544539
462 60.297888 80.768567
463 30.400495 42.448750
464 32.969901 43.406698
465 3.132513 82.877116
466 92.003272 85.086815
467 73.733208 99.736524
468 38.036984 82.682973
469 42.910797 61.800498
470 97.293523 50.646396
471 13.432647 6.561560
472 67.794683 27.408987
473 38.203526 63.608780
474 85.061800 83.924987
475 57.122345 77.823098
476 70.761671 52.329039
477 66.864288 53.425817
478 23.912921 56.756939
479 94.188766 73.028925
480 85.482779 50.227771
481 49.085795 67.600656
482 60.853055 15.776054
483 54.314104 51.793384
484 16.454705 40.530707
485 16.420097 28.433105
486 88.075681 73.692034
487 75.759625 61.462357
488 58.508105 24.345515
489 34.382523 85.352826
490 23.860757 52.685778
491 49.829696 43.883851
492 99.157101 79.741858
493 73.281807 38.053503
494 87.645700 12.516086
495 30.963939 0.306609
496 88.308159 90.696963
497 17.593071 72.016823
498 84.237755 74.091432
499 58.741936 6.216910
500 46.713655 17.445558
