400 400 80 COORD_PMED seed=20260726 source=pmed19
CUSTOMERS
1 10.123729 69.545753
2 63.805743 91.559025
3 70.456511 18.197611
4 26.755461 6.356822
5 35.648737 99.330704
6 99.131902 94.124044
7 40.394032 5.333709
8 52.288041 15.004340
9 89.006960 16.139693
10 16.740239 19.821490
11 82.710565 10.044379
12 37.955626 60.349148
13 16.784732 71.511992
14 15.903229 42.811686
15 1.969768 59.738572
16 56.239222 49.391218
17 34.689591 85.344916
18 3.552132 29.243088
19 4.657375 6.065992
20 4.135967 84.894556
21 0.528346 53.111382
22 45.936473 46.551615
23 45.191268 33.071224
24 79.163977 65.432703
25 23.394395 9.424477
26 73.281584 40.440515
27 9.629799 26.100914
28 84.075241 43.344713
29 16.157028 80.484069
30 25.298709 97.054756
31 83.721807 13.949730
32 42.422283 19.281987
33 81.971603 73.746186
34 86.265548 51.233806
35 60.944847 76.813971
36 86.590857 95.126601
37 98.327412 11.069493
38 29.033836 28.107460
39 13.743745 88.172533
40 46.313885 83.487082
41 88.782444 0.647040
42 53.189075 69.361981
43 89.048122 91.464906
44 78.197262 71.345082
45 20.607146 9.987564
46 9.910773 4.127201
47 47.182951 72.945539
48 50.241299 30.819544
49 7.733009 13.866042
50 90.940653 21.922494
51 96.709303 40.884185
52 13.321939 78.190181
53 50.996255 28.242201
54 40.113343 53.648475
55 5.202647 72.114178
56 5.811794 90.670392
57 40.681691 80.620353
58 95.223152 55.798443
59 65.447157 98.233557
60 57.603590 12.159071
61 67.497591 25.008868
62 37.303077 93.329725
63 21.702963 70.819360
64 50.785236 92.898747
65 63.896483 82.966540
66 2.910958 56.828598
67 63.722576 50.277608
68 27.245290 86.363579
69 89.799284 24.796020
70 36.105931 94.611673
71 89.298385 30.865345
72 10.080705 42.079417
73 76.783819 24.461853
74 17.074897 26.604246
75 48.465106 42.814412
76 7.620173 39.236630
77 29.010245 49.875712
78 63.992224 87.032128
79 24.285076 6.888084
80 12.957022 10.767500
81 28.164677 56.099287
82 38.812356 97.266397
83 70.318622 58.029140
84 26.207409 70.700031
85 79.759360 71.623064
86 72.368461 30.676334
87 60.609832 28.560202
88 46.297161 99.688104
89 73.831512 40.323722
90 75.022120 0.224646
91 87.029214 78.673209
92 79.706681 37.091754
93 61.167159 99.066845
94 60.028042 43.391324
95 78.117169 88.225438
96 16.212656 56.284260
97 6.295600 41.517023
98 45.608486 34.321183
99 7.204954 27.248837
100 27.321676 15.071171
101 63.603839 42.958101
102 24.721471 79.558072
103 2.047790 98.162178
104 21.869020 24.424806
105 45.960367 4.633325
106 7.062377 19.220382
107 11.355684 81.898200
108 95.343921 73.305113
109 23.405894 67.901362
110 62.874911 70.922037
111 98.227015 9.581251
112 34.829634 10.663355
113 7.718236 8.879814
114 8.695935 42.784942
115 92.106295 53.066216
116 22.954995 54.567039
117 76.816093 20.107298
118 7.717088 42.178986
119 80.750905 65.204383
120 6.636305 84.678646
121 10.831034 88.569832
122 54.922581 60.145522
123 84.581832 81.121616
124 90.237489 10.631348
125 90.184880 77.476370
126 5.885982 85.409959
127 67.786647 89.899548
128 86.597335 87.526070
129 99.611159 49.253819
130 23.920444 20.030712
131 80.024697 46.894770
132 65.986256 30.164926
133 46.765739 38.249918
134 17.829505 21.303618
135 44.889549 5.673275
136 15.178166 33.561573
137 82.987401 31.068387
138 24.050713 27.007779
139 51.682156 4.208059
140 91.763234 30.386822
141 69.328292 80.675305
142 47.349915 49.047904
143 62.939976 44.848572
144 96.393359 26.628219
145 71.462601 27.401719
146 98.637862 43.646555
147 74.422759 3.867507
148 0.362999 95.111874
149 51.049037 85.752770
150 56.106295 40.394437
151 79.160530 77.448359
152 48.314348 10.927601
153 55.127612 43.327265
154 19.874556 60.022332
155 76.943516 47.132605
156 41.672438 71.818106
157 23.038876 97.376362
158 81.223302 25.508709
159 95.047307 28.169638
160 96.011630 67.314482
161 83.130599 83.644912
162 27.481458 51.498495
163 53.613159 64.419294
164 84.235340 69.699543
165 46.371945 75.127907
166 16.294674 30.817209
167 95.531436 43.641744
168 77.041379 42.264489
169 95.256545 47.183859
170 91.096695 69.447502
171 72.155587 62.241414
172 16.938404 33.650961
173 38.370621 91.913828
174 89.668134 68.346574
175 19.412665 31.022995
176 36.671101 25.216287
177 85.931222 42.686766
178 62.057215 84.912702
179 70.824387 16.891921
180 7.684133 93.590343
181 53.586409 98.936635
182 86.616121 48.336262
183 42.056652 74.411884
184 58.808241 56.464413
185 60.463635 60.558553
186 35.286842 34.960889
187 11.251777 92.166388
188 11.673828 64.723892
189 22.102933 17.669072
190 98.971444 69.780383
191 30.778916 21.393881
192 42.212228 96.892562
193 15.805247 56.446843
194 48.359129 2.021575
195 90.005641 93.380986
196 22.788181 78.455179
197 82.286144 92.441883
198 63.695931 73.739614
199 31.230682 10.381787
200 21.564593 92.953711
201 16.246341 83.398362
202 53.517013 14.148177
203 69.275725 98.683245
204 67.931909 69.820757
205 95.430176 64.817647
206 79.323774 30.513994
207 79.202056 50.849100
208 28.539854 54.058282
209 90.263733 89.047456
210 86.552126 40.346294
211 57.121355 95.139056
212 52.190547 95.930669
213 66.806980 74.330208
214 45.944514 97.164422
215 29.488395 71.201570
216 18.844589 5.315395
217 34.131275 14.348617
218 57.020833 95.680555
219 58.527535 37.558397
220 51.959225 72.092507
221 4.916454 9.761553
222 52.296568 90.928282
223 44.381370 89.764820
224 22.505279 36.584238
225 13.844469 77.595634
226 75.221435 66.397848
227 75.020721 65.409140
228 7.980577 43.908203
229 40.897560 39.790710
230 13.061781 80.279106
231 46.436579 14.755017
232 13.683596 40.828371
233 88.405030 99.161202
234 71.665982 42.228181
235 35.130998 65.856382
236 95.529366 87.933691
237 33.693707 92.780844
238 64.094933 91.213990
239 36.540621 25.118190
240 13.837806 1.701936
241 13.155442 95.955999
242 37.845664 76.205470
243 16.335799 98.409091
244 39.114565 47.011162
245 90.341094 6.756084
246 75.290036 71.691507
247 31.082202 21.684770
248 19.314680 47.369357
249 83.351512 21.206881
250 82.207134 19.424560
251 82.492842 45.963159
252 59.571461 79.388942
253 71.572991 7.959714
254 38.155917 42.782070
255 62.734436 54.706617
256 66.302425 28.483232
257 41.131190 3.722853
258 50.489276 56.514172
259 3.319304 82.825637
260 97.051156 95.954301
261 82.859149 61.913675
262 84.259753 76.662351
263 0.452562 40.810131
264 53.537818 99.407103
265 16.019691 56.594617
266 14.228661 25.916700
267 92.174739 90.797319
268 82.216602 15.055857
269 18.078154 2.111361
270 97.803859 77.152959
271 48.504650 69.867557
272 2.798804 84.398984
273 52.476936 17.962643
274 27.796239 22.022582
275 81.390332 42.994287
276 31.883529 23.443023
277 72.968822 65.559876
278 60.587580 79.340308
279 42.712590 38.228790
280 9.006267 85.009532
281 86.282672 64.509560
282 26.553483 20.392122
283 82.586957 98.687364
284 91.160841 52.780155
285 14.575972 83.506342
286 34.614148 45.077639
287 23.982968 89.106736
288 76.342681 27.564243
289 95.111243 26.382628
290 51.388998 72.877240
291 13.176574 89.092563
292 91.090149 27.270524
293 36.136084 52.959111
294 18.964019 55.845524
295 78.633439 60.449976
296 93.368263 85.600917
297 63.264971 42.222895
298 8.562738 71.578414
299 13.667534 31.125385
300 93.660229 41.693307
301 95.409633 0.952314
302 4.868615 76.847224
303 13.293345 33.565705
304 65.916731 38.196734
305 81.379515 37.491033
306 5.057910 47.302701
307 94.604747 42.393609
308 58.902777 44.493430
309 62.088004 81.731583
310 26.550451 22.257959
311 47.100420 34.348788
312 28.263557 98.530693
313 72.856978 34.756370
314 22.464071 29.994513
315 45.030501 71.532801
316 29.454345 6.829087
317 97.793288 4.293014
318 45.468593 53.277088
319 87.861625 85.137805
320 99.971193 17.702208
321 96.610073 9.841292
322 76.031422 17.732755
323 7.565180 49.960814
324 54.525667 27.795998
325 6.490899 4.916286
326 23.707144 81.568094
327 41.556811 11.573555
328 62.538140 53.088635
329 76.725795 17.499547
330 9.550169 84.747247
331 11.200857 47.335315
332 9.670806 28.104019
333 69.878002 97.774538
334 93.867117 46.225639
335 45.564192 6.857735
336 10.488305 35.244971
337 18.246019 14.284785
338 49.608401 10.844384
339 21.294738 65.871265
340 31.977876 53.227186
341 95.205095 34.894199
342 58.777614 86.800730
343 67.327909 58.652081
344 70.229360 39.817841
345 45.595694 10.485901
346 80.820468 69.968002
347 72.894540 53.957369
348 98.637824 3.257405
349 21.553708 86.794692
350 41.126549 30.532619
351 90.799252 44.631395
352 62.573371 51.827608
353 85.836217 67.625732
354 4.426139 36.004156
355 6.288320 76.422837
356 15.866924 1.452377
357 76.706148 31.548004
358 52.104439 21.807069
359 15.308416 77.863360
360 87.349403 92.371454
361 35.799115 73.138111
362 95.916814 55.881118
363 7.104977 3.511586
364 32.845659 38.491083
365 30.752612 39.554634
366 46.003533 19.372962
367 28.715250 22.645477
368 81.952132 79.192638
369 24.182110 24.140181
370 14.924418 22.836184
371 6.995442 80.934100
372 85.978854 27.907326
373 92.815629 6.101964
374 60.112973 50.790180
375 84.525875 34.638804
376 85.420095 52.765186
377 3.262911 21.610737
378 88.295972 41.256948
379 63.043509 84.713070
380 76.352309 46.131502
381 44.869333 47.178722
382 54.857737 67.479149
383 52.658354 88.573367
384 78.635750 14.541324
385 68.112495 57.403996
386 13.615806 29.868649
387 61.971234 48.570963
388 24.443790 92.293509
389 79.640415 13.688300
390 6.294339 80.835037
391 14.341633 48.103988
392 43.298533 31.448124
393 60.256455 24.512523
394 18.708102 79.129360
395 92.996295 10.502626
396 20.430455 43.772578
397 41.156407 87.637984
398 93.660037 68.423419
399 70.288013 10.373214
400 41.472592 52.708111
LOCATIONS
1 7.395791 63.937972
2 24.473981 33.000387
3 84.415815 94.143900
4 57.239688 79.060558
5 6.183334 31.323015
6 20.580131 10.758685
7 60.817098 91.752861
8 70.764815 12.579539
9 1.098520 19.191046
10 45.115124 37.885849
11 25.258716 46.583658
12 73.485769 38.105608
13 68.000711 11.703223
14 13.495449 47.467974
15 74.544210 18.261938
16 11.179309 32.020758
17 40.663985 98.678501
18 98.509451 77.827707
19 42.474337 41.712811
20 51.846896 90.386873
21 74.012908 53.197326
22 92.627361 86.672531
23 65.725131 32.713187
24 0.170848 9.990211
25 64.258441 31.947260
26 5.333376 73.322529
27 38.930837 97.155161
28 84.303808 1.928288
29 76.726924 60.895683
30 74.501249 58.496379
31 90.117813 2.002073
32 86.588838 37.427617
33 12.769357 12.262207
34 61.911181 41.032276
35 50.218005 63.815161
36 62.274742 59.654440
37 7.409576 91.932535
38 26.521940 4.431957
39 67.342318 95.417507
40 7.147298 90.251309
41 56.955102 50.215243
42 9.356071 78.158470
43 56.319582 79.937457
44 62.755663 39.516961
45 66.015014 75.977741
46 69.923216 73.742071
47 55.428470 22.377289
48 52.880417 57.619813
49 87.006912 34.720806
50 75.756446 12.337736
51 20.303498 88.131440
52 53.574851 4.255814
53 78.127584 86.074340
54 84.415652 63.448413
55 23.945955 30.758398
56 38.580834 12.373053
57 46.544084 2.824383
58 60.108487 6.083491
59 59.135449 46.318197
60 77.692450 57.671290
61 14.237765 23.798870
62 92.306524 74.048129
63 79.525270 97.394691
64 38.270941 83.894237
65 30.961992 50.833060
66 70.028624 15.999245
67 47.813367 51.456471
68 91.594931 86.068379
69 53.519970 59.598706
70 81.816348 1.531720
71 82.583139 5.574429
72 60.834629 71.877913
73 78.119890 60.533287
74 73.669986 9.361933
75 6.960346 85.343350
76 44.387177 19.292560
77 16.110596 58.109912
78 82.245571 73.890209
79 17.892956 31.888385
80 66.783779 22.156687
81 63.666973 77.664491
82 69.366330 99.200438
83 75.818038 53.791158
84 82.440684 91.036758
85 20.781287 63.662317
86 48.189126 98.194809
87 2.216207 91.604300
88 13.242483 87.672583
89 21.550296 10.111477
90 3.871196 38.569456
91 91.110581 7.728143
92 62.362753 26.829279
93 46.466768 62.226155
94 16.194267 23.128153
95 48.519327 83.620812
96 74.687964 52.998675
97 3.862623 66.761864
98 79.646467 35.141688
99 15.333523 69.709875
100 67.726979 29.145818
101 45.593333 38.177945
102 85.637627 95.252903
103 97.417912 43.756145
104 73.203566 38.205616
105 48.591903 85.324762
106 59.291486 62.713068
107 23.026740 85.091243
108 80.660841 25.881824
109 44.202762 85.082715
110 2.922644 33.373441
111 24.861382 4.765830
112 66.288626 54.696879
113 43.936685 18.473185
114 98.603476 99.866314
115 7.509735 28.047057
116 74.204555 20.785272
117 65.840920 57.142493
118 12.309083 99.979951
119 44.551574 50.491165
120 1.697468 16.357998
121 64.316058 49.493677
122 64.280385 38.743118
123 97.269643 66.270303
124 63.636999 13.462266
125 6.126890 75.961193
126 54.546306 94.685135
127 49.519584 9.106486
128 78.195518 72.150899
129 66.495421 24.102003
130 94.937037 86.613244
131 20.874544 96.859542
132 30.500686 15.847316
133 2.245573 19.668330
134 58.149058 40.118564
135 23.333891 77.210372
136 82.078200 34.888701
137 64.835789 33.407067
138 53.440892 88.235207
139 66.221882 10.108673
140 37.681125 89.494973
141 10.711550 60.281771
142 95.666374 23.440651
143 12.951791 55.528063
144 23.257166 58.217689
145 39.097321 81.450808
146 83.683813 47.668889
147 39.033965 47.275064
148 2.883829 3.296436
149 35.835931 18.912174
150 94.919490 41.232271
151 36.306870 53.193487
152 78.502934 30.078018
153 66.324462 7.846294
154 63.483160 45.736833
155 7.654798 20.853080
156 98.555679 9.267987
157 11.581491 39.608215
158 27.825874 43.251761
159 18.612921 58.914385
160 31.256565 43.895571
161 62.156698 4.298057
162 57.122668 92.908420
163 85.821974 18.298333
164 34.797218 93.908542
165 23.652478 38.287096
166 13.251739 0.365764
167 45.722550 62.408905
168 17.862464 80.123715
169 73.920105 30.260378
170 27.778258 28.314906
171 78.772614 69.790486
172 73.790607 98.421845
173 24.417309 6.996736
174 0.452944 73.019137
175 83.068059 8.098614
176 45.781068 44.032975
177 89.706688 19.105632
178 2.805541 97.258554
179 25.920730 67.957503
180 33.395950 87.442237
181 28.816290 96.231534
182 19.007241 37.301927
183 42.065376 23.604757
184 1.192813 21.291740
185 18.946291 78.361010
186 93.389241 43.426378
187 8.345832 79.715520
188 45.474732 19.679255
189 32.857706 65.059782
190 62.948075 97.327868
191 16.965472 40.541600
192 52.291282 16.137349
193 13.945348 51.374721
194 47.625055 44.773319
195 8.993843 81.885426
196 94.205065 62.049679
197 31.803695 13.449901
198 88.531244 36.168211
199 37.106924 33.955008
200 22.513043 46.711184
201 57.986471 82.040778
202 84.889896 58.818144
203 37.767942 15.761849
204 8.179829 78.402585
205 50.902968 97.020440
206 95.516319 68.983648
207 10.454086 80.967066
208 78.449139 40.506331
209 12.621484 21.207914
210 68.874126 58.500010
211 99.668165 65.435147
212 3.011139 90.182843
213 17.823664 86.484908
214 75.745879 31.703531
215 64.489154 48.785411
216 80.844290 64.743008
217 1.098393 68.924463
218 28.004064 47.004656
219 18.152660 27.997986
220 7.174788 31.810265
221 37.705889 12.520764
222 37.823542 26.399663
223 2.724483 8.326127
224 30.030130 81.903778
225 85.639296 69.226040
226 29.697532 32.082889
227 65.914597 10.506010
228 42.593237 31.788527
229 53.798740 9.689041
230 45.835412 30.740530
231 92.376110 95.082499
232 44.871770 4.073809
233 14.030041 37.687844
234 66.091542 27.217714
235 23.544575 25.490982
236 40.341081 99.382407
237 26.738587 3.246587
238 52.536087 88.644839
239 79.662403 34.498096
240 39.231358 53.721639
241 84.199925 11.677479
242 17.620654 22.456285
243 71.817702 98.484567
244 90.960744 72.407828
245 79.867534 39.687092
246 7.696490 62.149783
247 54.257835 84.372617
248 46.385310 69.072353
249 6.058637 72.154765
250 88.921931 21.014035
251 29.590534 78.724470
252 98.715106 22.850389
253 68.939901 64.932393
254 12.826394 90.060987
255 88.574224 19.608294
256 27.353092 57.011545
257 97.953804 67.141095
258 75.026780 43.297767
259 68.163197 36.748788
260 47.728691 21.377609
261 55.322967 13.366880
262 13.831294 60.125788
263 75.627904 10.485166
264 77.333336 74.012540
265 74.850444 58.503809
266 93.336031 97.957176
267 40.263973 70.487045
268 62.635423 36.378407
269 8.411793 37.686999
270 66.044950 98.715243
271 95.175099 27.082054
272 62.686402 34.365395
273 6.999482 28.009132
274 83.916917 48.436328
275 4.801225 18.081638
276 51.366468 47.292949
277 87.723380 97.225925
278 17.356243 92.383881
279 95.995485 19.890828
280 26.676194 54.464695
281 65.845312 15.773726
282 45.101898 68.192238
283 23.632094 0.622695
284 43.543902 92.412601
285 7.081850 27.614115
286 36.128457 13.360016
287 67.222960 13.445160
288 4.545875 62.798681
289 24.634149 80.511156
290 57.584879 36.248820
291 72.985555 9.150939
292 94.719631 55.890178
293 81.207258 19.752046
294 88.168712 7.997699
295 0.363754 59.750466
296 12.537183 44.746342
297 94.508713 17.729760
298 58.696384 84.853028
299 90.565441 12.921781
300 38.447138 83.967833
301 14.527269 50.636502
302 81.750516 46.918134
303 5.824609 86.479501
304 3.921610 51.945825
305 41.754116 28.349848
306 10.940998 8.995643
307 70.522503 15.046489
308 64.960076 7.714666
309 25.284672 2.971703
310 41.461796 14.580472
311 66.580426 31.619991
312 58.204862 15.240249
313 99.219716 96.847334
314 2.865426 78.327508
315 75.426026 19.340116
316 16.169594 5.656613
317 43.871367 71.192977
318 50.150102 48.862039
319 8.570448 93.187832
320 87.704216 43.555524
321 96.827726 14.490838
322 24.215342 99.344259
323 45.253392 15.592688
324 92.399476 89.664279
325 7.737067 37.854267
326 4.468482 79.565986
327 98.025500 45.224650
328 34.987142 62.000088
329 48.429725 56.220286
330 49.085793 48.161224
331 93.635026 52.474660
332 15.937978 94.029537
333 50.413341 27.455264
334 52.637681 15.164678
335 14.309223 77.287864
336 74.128628 86.961939
337 74.870846 82.156609
338 48.244010 34.424672
339 88.634547 72.559182
340 39.916510 94.737569
341 63.508053 13.981066
342 12.763857 56.058699
343 53.568932 66.229872
344 80.948810 19.517906
345 55.700095 94.280303
346 63.645301 33.607495
347 95.668183 50.069949
348 70.529176 71.621995
349 17.837448 8.840841
350 14.433452 80.057935
351 54.765601 14.153162
352 79.208091 51.845349
353 42.068079 70.068573
354 97.173561 2.269059
355 97.324960 66.476451
356 11.446066 73.465464
357 27.856233 55.193671
358 63.470614 32.046076
359 84.854361 34.158726
360 7.390433 74.268386
361 13.220790 98.799938
362 51.951052 96.452922
363 26.558487 39.992015
364 78.638016 39.927809
365 67.885554 96.909451
366 42.594965 56.301353
367 2.568517 70.523170
368 75.691974 47.675241
369 82.018110 51.860536
370 24.430141 34.351935
371 85.533316 74.328481
372 99.594444 2.086171
373 54.012883 8.509336
374 71.099454 71.028545
375 12.134897 24.486754
376 40.781182 52.517105
377 72.241247 14.264250
378 20.444738 4.741908
379 66.693804 15.988832
380 1.939222 60.224069
381 57.260572 78.921306
382 51.508312 90.903115
383 45.749745 56.558748
384 8.472454 40.444932
385 19.319850 99.796619
386 59.363993 99.601298
387 23.733776 31.038027
388 82.860758 24.213060
389 2.574303 51.929096
390 42.922006 89.464563
391 78.282382 11.306062
392 93.816817 98.766978
393 66.927085 74.613323
394 19.846326 31.504462
395 89.253228 5.280166
396 81.672020 42.305805
397 73.563068 31.785039
398 4.849783 6.319406
399 89.233223 60.358808
400 9.747317 23.118985
