100 100 33 COORD_PMED seed=20260712 source=pmed5
CUSTOMERS
1 13.115420 38.104378
2 26.314545 74.725773
3 67.399253 47.439752
4 47.356172 83.972740
5 32.841398 39.660312
6 6.451976 20.254278
7 49.744959 85.812195
8 30.950249 94.485718
9 43.687181 82.160071
10 59.683626 99.465005
11 38.983009 32.886983
12 96.123434 26.499317
13 41.532141 48.840841
14 55.229771 62.568009
15 88.482019 12.954980
16 74.939172 87.548316
17 71.944265 67.106544
18 32.665345 28.528932
19 40.247550 52.522488
20 19.786962 64.489343
21 10.702555 32.698761
22 21.278328 98.635690
23 45.895811 51.917778
24 56.026412 72.690257
25 73.482870 31.481954
26 12.936119 22.478959
27 54.518338 73.207295
28 1.066919 38.635914
29 48.839163 75.719190
30 90.910733 41.475843
31 21.872108 43.359540
32 44.102702 44.758705
33 68.067937 22.437248
34 0.622778 2.265537
35 10.958036 62.741825
36 34.578513 90.535750
37 17.207180 40.399669
38 20.621930 76.848694
39 15.232166 53.665065
40 40.605810 62.093028
41 7.261084 17.202471
42 53.142199 26.085170
43 7.332454 85.535209
44 21.247167 3.850536
45 88.106309 28.650414
46 97.221618 29.687819
47 85.502649 80.057065
48 25.659441 36.721218
49 75.259491 73.538092
50 19.658315 45.810332
51 45.685155 58.757891
52 44.523235 74.679753
53 62.690223 16.181327
54 63.214658 64.251783
55 62.695643 59.969154
56 31.902676 72.802395
57 44.378934 98.242645
58 21.183722 31.703278
59 66.923651 1.930243
60 37.117544 63.578280
61 91.444466 64.995714
62 94.725181 55.510109
63 70.354130 10.330131
64 15.727535 6.733423
65 64.593575 1.741125
66 70.070198 88.440373
67 10.184481 8.402001
68 70.264757 28.392969
69 18.562766 45.222712
70 29.539555 51.024334
71 88.131453 24.450518
72 61.796731 81.656001
73 36.596790 77.163526
74 37.950113 33.632805
75 21.599714 62.396716
76 49.840550 31.088492
77 25.489348 82.065102
78 76.758918 47.142336
79 64.193447 69.525895
80 41.102636 44.973970
81 41.885288 40.686271
82 75.830505 59.836492
83 79.921598 58.832358
84 57.079256 21.946164
85 51.385390 59.080627
86 53.282120 12.919843
87 7.852255 82.530997
88 73.880946 51.246562
89 85.114864 33.072610
90 49.076990 82.916148
91 53.943645 19.574049
92 18.420127 44.218826
93 50.842573 26.451842
94 7.676010 3.810590
95 75.431101 77.199620
96 30.700649 3.921487
97 12.567083 59.612474
98 12.982350 91.768485
99 46.499240 9.498009
100 83.700802 48.714726
LOCATIONS
1 40.396128 9.300322
2 24.068632 19.144240
3 81.327795 49.403884
4 47.150562 76.928877
5 16.398474 64.981708
6 63.875747 13.678937
7 48.278552 80.747953
8 9.686448 66.144305
9 30.932370 41.900061
10 15.096866 9.234760
11 11.621712 28.907571
12 10.925780 69.065333
13 38.108073 89.832307
14 68.476209 40.335597
15 33.659905 13.510059
16 2.015905 47.968346
17 93.451552 33.454689
18 1.656157 39.875100
19 50.191503 50.358036
20 94.900641 97.399923
21 67.589406 73.971442
22 83.902200 87.649114
23 69.989455 53.711619
24 95.926523 43.615519
25 97.054863 28.146406
26 30.402101 34.564652
27 99.203875 88.033830
28 62.094470 15.183209
29 12.316174 15.233389
30 15.362127 39.943771
31 87.900772 45.702811
32 1.894288 22.297181
33 59.221286 80.010408
34 92.252495 28.601446
35 61.220214 97.184525
36 10.166450 88.694347
37 67.274732 23.447669
38 21.333484 93.680735
39 20.294816 21.458924
40 29.048054 16.594615
41 45.283525 56.308044
42 18.767146 31.091063
43 69.507423 13.782456
44 62.567304 62.465099
45 94.102944 29.234764
46 32.193964 84.292502
47 4.654239 51.648442
48 83.614076 34.258593
49 87.007047 99.905978
50 65.062020 58.695226
51 33.130462 73.540627
52 23.508088 71.359578
53 26.824949 64.330195
54 55.421334 23.405144
55 46.697119 1.122566
56 56.229689 54.976256
57 27.289770 82.718660
58 47.099511 74.836138
59 94.409892 46.101751
60 47.045701 68.305738
61 59.360943 40.886642
62 36.443566 21.693815
63 53.626442 36.339119
64 23.123326 23.767321
65 47.084822 54.902097
66 12.074010 11.474980
67 12.793163 79.191981
68 71.847447 42.676853
69 72.522969 86.460069
70 10.385763 0.207300
71 87.997552 7.521791
72 33.774627 47.600841
73 32.422825 69.252287
74 71.144788 73.106210
75 48.216936 14.982120
76 68.772753 61.124337
77 89.186597 97.407996
78 99.858313 72.390824
79 82.529834 60.230007
80 17.804117 77.922273
81 23.458881 61.516660
82 1.874689 30.446085
83 42.640014 56.769011
84 12.022600 56.718482
85 9.950595 57.380215
86 58.476976 74.762265
87 59.662197 27.609888
88 13.368646 50.889268
89 8.543061 32.202821
90 90.640202 58.422708
91 29.509330 57.002729
92 28.378235 78.246940
93 6.051385 95.754850
94 15.851751 98.468930
95 4.842777 42.272251
96 85.981584 5.931548
97 11.983715 17.773215
98 65.086266 67.242660
99 76.766173 41.724061
100 13.122346 95.772836
