200 200 5 COORD_PMED seed=20260713 source=pmed6
CUSTOMERS
1 28.918041 89.661280
2 63.316465 6.721868
3 68.038384 24.961695
4 46.239621 50.492547
5 68.024426 66.432173
6 18.726849 70.558477
7 53.048021 54.144705
8 91.978277 34.973158
9 56.186082 65.627742
10 46.956655 8.832075
11 34.573195 92.231019
12 75.357448 91.927338
13 75.342779 17.336241
14 68.037571 92.955387
15 48.810203 50.055675
16 33.007600 81.609786
17 88.938373 60.155988
18 59.780853 74.523469
19 78.429466 19.407012
20 35.278455 66.394559
21 71.873261 59.582824
22 46.705503 34.289238
23 11.141343 50.377844
24 13.689610 3.398907
25 31.744132 63.454932
26 60.981043 23.877429
27 1.485023 97.049591
28 74.514619 12.507712
29 94.823622 9.121740
30 14.285585 68.796447
31 86.714822 29.326514
32 41.894646 57.311011
33 5.003930 69.344980
34 77.202228 80.520269
35 5.561495 29.003676
36 4.598326 95.548613
37 80.421169 18.599990
38 17.116615 79.576105
39 45.755338 1.374935
40 7.567315 88.244757
41 98.546327 30.352882
42 96.538066 83.214276
43 41.481532 74.148104
44 52.481223 7.155284
45 28.135711 34.338755
46 49.453253 93.506404
47 20.154861 66.397377
48 78.146144 64.950655
49 10.546318 92.826638
50 29.663816 12.456963
51 3.285893 85.538122
52 19.826783 72.708916
53 67.512171 16.218831
54 95.800830 50.350563
55 54.813158 75.407763
56 19.970352 62.796983
57 61.646731 10.777166
58 71.816389 47.049568
59 84.520144 53.034488
60 44.086596 0.422150
61 66.312638 3.069712
62 96.102311 1.270321
63 86.286125 93.236475
64 15.963765 72.291037
65 1.685305 67.003042
66 9.922938 86.717815
67 54.172998 66.785549
68 27.145998 40.570918
69 55.290848 98.251920
70 52.046537 22.964226
71 83.372449 37.625958
72 26.187904 58.476291
73 40.220663 47.074252
74 28.106768 3.401678
75 30.211092 69.066059
76 9.085522 54.772232
77 57.261846 23.580924
78 31.152504 96.048999
79 80.536578 95.755014
80 44.010366 49.671447
81 76.036630 75.675125
82 20.659163 23.654839
83 19.704848 25.779984
84 89.016199 54.997450
85 26.593783 74.761170
86 57.875256 72.519274
87 13.543572 33.740349
88 13.224011 82.642926
89 59.234119 48.248423
90 17.068943 84.721169
91 53.290449 67.919282
92 5.388541 76.685979
93 64.344134 8.185832
94 0.726701 8.541004
95 23.316215 60.687166
96 25.779741 13.963089
97 34.542601 34.150766
98 25.629522 46.365813
99 57.696501 26.272430
100 38.505902 74.928315
101 55.703361 83.059567
102 95.220664 55.919900
103 45.076157 32.499755
104 80.666972 46.562642
105 64.986658 88.372526
106 10.103276 78.892400
107 83.913625 41.953137
108 15.336065 12.481447
109 82.768110 1.892050
110 19.312176 57.829313
111 73.009429 73.120730
112 39.349737 38.810688
113 58.011017 46.472288
114 53.961180 42.864132
115 30.514148 40.573072
116 77.677893 86.167202
117 23.547869 72.040376
118 54.399392 5.116963
119 70.318020 72.338042
120 88.205377 31.957194
121 75.689909 85.654011
122 72.811322 45.673774
123 83.897094 95.641946
124 44.673416 87.543937
125 18.698560 34.363307
126 45.278362 38.938348
127 2.180174 22.936966
128 53.614275 77.165061
129 9.925442 15.790362
130 91.270252 63.150938
131 56.878449 92.102332
132 62.121656 88.861937
133 30.223812 26.029994
134 65.770475 21.576170
135 45.041317 98.373261
136 88.992401 38.411025
137 59.569095 5.060152
138 98.828363 30.154931
139 68.343441 52.815285
140 86.520944 82.922609
141 0.668853 37.842957
142 90.911197 80.652776
143 68.661576 90.856003
144 42.495131 81.167159
145 52.128783 76.518611
146 32.870192 76.783290
147 26.197371 46.726743
148 69.097310 52.310652
149 94.126275 74.449199
150 69.600437 40.039627
151 94.406675 99.259018
152 47.987887 33.231068
153 94.529612 77.620768
154 95.742143 57.049699
155 12.281074 9.505396
156 60.516609 65.045729
157 3.920513 95.292094
158 55.633658 35.171376
159 62.501457 89.490254
160 63.948318 72.349223
161 92.967467 11.280970
162 69.643881 84.250498
163 38.052021 21.976550
164 86.726627 33.372509
165 40.275548 58.440923
166 87.070168 87.541741
167 31.935061 63.296405
168 16.966267 76.745937
169 85.184807 92.382345
170 16.745976 45.120063
171 7.058096 42.754792
172 19.436370 98.052110
173 67.751732 83.584231
174 97.447633 41.415804
175 74.520753 89.154159
176 40.301237 35.475757
177 37.156818 27.358961
178 57.913655 96.621808
179 91.957320 27.381593
180 82.035995 82.128279
181 77.447926 60.206659
182 23.291358 32.134928
183 56.467468 20.628951
184 20.402279 81.576592
185 4.160558 85.323670
186 27.573192 49.910286
187 31.184638 68.893241
188 3.287227 59.983928
189 40.574240 38.670228
190 95.911759 54.269175
191 54.476059 60.111280
192 55.485393 46.257810
193 18.695047 83.466274
194 53.111219 78.760373
195 8.096686 98.078277
196 52.318955 44.822647
197 60.866815 9.070753
198 82.707359 24.359063
199 42.937512 9.231072
200 86.605047 19.135015
LOCATIONS
1 46.762133 51.606299
2 2.649001 77.724833
3 97.880511 50.182213
4 76.000916 6.484828
5 7.918510 34.207277
6 82.139339 47.376742
7 65.290475 20.587380
8 27.913936 64.958092
9 26.181584 34.990773
10 10.264550 64.477206
11 64.892468 77.568095
12 31.590603 53.995969
13 89.706580 43.511792
14 92.956077 26.994149
15 16.245720 77.710797
16 27.106868 98.188007
17 76.473494 11.650447
18 21.868678 58.057111
19 21.474537 49.783111
20 77.612129 99.750216
21 51.453364 9.076820
22 40.966726 71.742360
23 22.231533 19.541128
24 43.741526 75.850908
25 70.515746 84.666497
26 40.999300 92.942296
27 44.917736 68.917963
28 53.156257 30.696357
29 69.290499 2.020064
30 47.952941 81.227000
31 97.536459 15.032681
32 17.641655 46.507117
33 98.433011 67.483548
34 22.707534 82.704123
35 55.392863 57.092965
36 36.676765 74.394574
37 46.562948 32.941555
38 83.899707 29.839891
39 43.420709 92.176596
40 4.280327 76.978003
41 68.062986 71.478738
42 10.696672 18.691431
43 62.967722 52.061814
44 64.692172 29.070504
45 31.480657 60.505628
46 10.238534 90.195902
47 4.689445 38.020928
48 13.528853 52.586009
49 45.867020 6.316338
50 26.655046 92.619366
51 31.111305 15.076895
52 99.379813 43.916865
53 35.123726 43.213279
54 11.323638 92.973883
55 95.597514 30.976544
56 66.270790 78.804771
57 50.940115 64.777116
58 2.382777 72.064032
59 51.753656 52.128417
60 58.338619 44.270961
61 86.891141 84.921940
62 85.925960 84.873001
63 37.259782 95.220304
64 46.038466 78.136764
65 28.544334 62.188409
66 80.960928 39.737743
67 46.563385 6.616500
68 64.829908 91.655208
69 24.429912 13.827230
70 86.929230 95.145069
71 9.041891 38.485987
72 33.607875 76.178806
73 7.231300 5.143996
74 86.268528 59.200933
75 70.734119 97.704160
76 90.052949 31.427103
77 82.423868 40.663383
78 86.593046 49.099649
79 19.844391 74.941442
80 75.885559 37.267761
81 16.459140 6.687318
82 44.869184 71.771029
83 65.580122 80.401024
84 1.856936 5.015470
85 87.863464 57.022164
86 10.788364 6.814078
87 2.990438 58.716265
88 12.318420 9.835451
89 75.779064 84.316346
90 7.164048 89.298913
91 59.639654 4.564186
92 25.185077 77.455168
93 83.833695 40.499865
94 68.211462 82.608769
95 31.215347 34.477091
96 6.996036 6.617526
97 71.349204 20.519354
98 33.759641 1.342661
99 44.801080 36.345866
100 53.653462 97.714441
101 76.076843 15.472180
102 46.056392 0.679686
103 51.151171 55.258241
104 72.576560 89.026220
105 54.345337 88.230806
106 61.842680 91.355492
107 66.573503 54.871190
108 72.193974 83.047137
109 93.626042 16.690747
110 86.484387 91.685137
111 35.393196 7.601200
112 10.033340 35.113791
113 88.807105 24.426741
114 7.696625 1.049247
115 24.157984 58.880799
116 76.063329 98.097952
117 64.717944 38.804164
118 27.850309 95.764840
119 58.230120 77.093046
120 73.051059 59.756568
121 79.963250 39.664543
122 55.074616 96.391693
123 8.328546 4.158361
124 84.367647 82.510138
125 26.231332 28.077928
126 72.953427 73.195005
127 98.927864 54.874127
128 73.982589 45.632373
129 16.853005 26.668743
130 45.891021 6.361307
131 80.536993 93.662582
132 4.943742 80.209864
133 24.161632 20.554164
134 79.384501 61.974794
135 98.167165 46.814735
136 43.800051 46.465492
137 52.575296 50.512199
138 99.579518 28.086228
139 11.045338 85.414940
140 61.616829 59.988174
141 99.755623 57.216967
142 4.748853 97.145446
143 66.778787 66.791269
144 46.069130 92.866016
145 60.784229 20.551263
146 27.892308 4.522092
147 95.793128 78.715553
148 65.897932 5.029350
149 31.632828 75.317335
150 82.277405 27.902954
151 18.787901 72.204718
152 59.958094 16.286063
153 57.725713 20.055659
154 20.054585 62.821238
155 23.087042 84.076071
156 47.108604 25.194865
157 2.209964 17.132483
158 30.951556 12.761019
159 47.798289 69.689421
160 23.985495 10.271452
161 96.163138 52.652686
162 3.809867 44.259604
163 50.051891 69.603580
164 98.655555 32.428720
165 64.015842 24.745851
166 32.885300 72.173789
167 91.674631 37.678851
168 39.714927 88.915458
169 76.495802 61.956570
170 24.221482 80.594431
171 86.678623 89.698143
172 24.315931 33.359327
173 7.616324 75.295551
174 71.119196 34.953033
175 22.350050 52.148338
176 68.692291 79.418027
177 18.088728 3.487458
178 25.670017 91.725726
179 70.849061 29.842287
180 98.958273 14.286954
181 25.588824 70.733995
182 63.676231 85.212614
183 97.913481 34.790007
184 84.074462 55.908241
185 79.059129 83.550109
186 25.586195 22.704494
187 14.220771 68.398159
188 7.921845 80.199167
189 90.635367 26.236721
190 31.555071 10.283621
191 0.827625 12.304389
192 8.684184 11.326587
193 3.905076 84.484639
194 23.178646 97.346052
195 36.156528 65.765638
196 16.520204 30.512415
197 24.667260 59.757684
198 50.867928 62.637344
199 74.332883 49.275303
200 81.435639 37.552870
