300 300 60 COORD_PMED seed=20260721 source=pmed14
CUSTOMERS
1 61.236297 97.017686
2 70.494376 77.641060
3 40.357024 84.487836
4 0.704754 81.329610
5 87.167908 44.504594
6 57.860410 63.486168
7 17.210094 23.861967
8 60.277479 59.818255
9 36.878225 49.130545
10 51.993186 17.201331
11 88.350068 17.021105
12 16.197513 42.028081
13 59.575395 92.071832
14 99.661226 33.391834
15 0.432362 50.220584
16 55.336654 35.383009
17 36.279625 43.007669
18 47.624831 15.806646
19 67.093986 11.150197
20 77.150780 3.232434
21 35.819767 46.849507
22 64.214348 71.223638
23 16.113109 31.302369
24 20.721798 0.909542
25 37.700959 57.707199
26 1.766208 65.776616
27 28.148498 17.958908
28 2.946899 92.159489
29 41.675181 85.367220
30 38.582204 17.498967
31 62.876408 94.925609
32 67.808894 53.842640
33 3.646241 99.168507
34 79.850299 41.474736
35 43.035014 55.256526
36 81.967215 76.523976
37 95.555940 26.551155
38 77.433791 48.111982
39 42.731307 79.457690
40 67.841861 8.736713
41 13.489294 41.839526
42 74.958697 65.501881
43 56.749668 44.045133
44 14.188465 83.432970
45 82.565933 23.660365
46 49.934965 12.887704
47 29.008821 94.932033
48 48.885875 93.285210
49 87.973259 30.288390
50 55.548938 20.652177
51 42.756882 32.985372
52 15.403983 90.243383
53 70.223177 83.086805
54 59.684920 26.317243
55 25.862223 77.042903
56 64.410178 83.095759
57 60.178350 52.568461
58 21.733831 5.718072
59 24.494813 27.222752
60 68.798393 68.621701
61 88.341984 15.872640
62 91.709741 44.436620
63 18.341852 93.581978
64 87.459718 54.427234
65 92.711848 8.455497
66 64.133588 97.860846
67 41.540819 73.382070
68 49.883294 18.920006
69 50.301792 83.401058
70 64.600492 57.963254
71 21.004561 69.391597
72 97.594542 80.921020
73 8.799939 55.126640
74 92.646482 23.787172
75 24.292251 6.380668
76 97.235964 54.428392
77 83.793445 60.320705
78 33.818322 32.431679
79 51.091748 91.832352
80 39.926908 42.421485
81 87.878977 71.834653
82 1.761951 46.577379
83 46.368303 75.537382
84 86.947855 76.028668
85 75.528914 37.550710
86 87.642529 62.109895
87 49.634803 64.833476
88 27.992772 75.100263
89 91.238752 7.592119
90 93.405766 53.253152
91 5.952636 14.535744
92 37.328985 13.950087
93 64.560483 0.290038
94 53.447965 18.246899
95 73.454140 39.633765
96 36.887927 82.960822
97 97.466379 79.975642
98 30.836859 50.112305
99 95.998713 88.038315
100 76.362498 57.023047
101 79.581362 42.761355
102 50.728590 58.887877
103 45.958718 44.112073
104 75.215802 74.074066
105 2.694510 46.936873
106 86.411593 77.574568
107 33.748847 18.851602
108 22.896455 62.910050
109 79.127271 17.995616
110 91.293031 18.283081
111 82.246563 46.967398
112 7.251109 14.868754
113 94.301784 48.397185
114 13.522643 18.788997
115 8.828857 92.667137
116 41.770607 60.883396
117 84.461336 8.600821
118 48.095915 41.278749
119 16.278502 90.904923
120 27.386431 10.829215
121 56.664812 35.147538
122 47.306972 2.459305
123 60.520845 96.086556
124 24.271634 12.813722
125 51.155942 50.847076
126 83.005444 23.729675
127 94.407259 27.949702
128 90.279882 78.363888
129 77.240440 13.150280
130 42.124185 36.348354
131 50.770721 68.194592
132 4.060154 19.931702
133 25.231572 90.554458
134 17.331793 50.381278
135 14.262670 78.352856
136 45.627194 20.827929
137 77.574923 99.885534
138 35.116770 76.935015
139 59.519364 47.867711
140 91.062923 33.254237
141 49.104576 64.734237
142 41.668940 79.359080
143 24.251997 44.008269
144 41.757034 6.447229
145 23.917428 79.117377
146 54.718223 67.856455
147 6.756933 71.933342
148 55.981933 23.432227
149 64.813475 6.547632
150 1.850277 39.975978
151 45.743893 66.245360
152 50.587933 44.764674
153 23.382115 37.761426
154 15.228347 92.560180
155 31.505975 91.264389
156 25.479353 58.232810
157 56.767662 25.535657
158 12.764036 60.086719
159 72.833549 39.432201
160 19.235332 2.846728
161 79.698580 88.918022
162 60.745135 40.885842
163 45.023637 1.173282
164 34.471982 16.641267
165 37.952924 68.781563
166 31.707025 47.169473
167 71.139982 90.186307
168 48.245384 88.798170
169 33.519573 8.836170
170 25.476691 69.092015
171 8.974058 23.267344
172 72.350495 23.060004
173 99.548540 40.279147
174 0.791885 14.447481
175 62.948574 53.065074
176 71.976563 40.413656
177 71.940389 61.067887
178 22.188712 70.872111
179 17.260821 72.187164
180 12.671855 61.739483
181 27.396774 17.917462
182 75.289155 99.186437
183 97.145117 20.804876
184 10.850191 93.123881
185 69.612871 1.614864
186 14.398666 38.503690
187 15.134711 68.417307
188 33.306725 32.788612
189 58.193197 67.106379
190 28.635451 24.261393
191 56.425258 78.078461
192 33.374066 90.462593
193 37.819547 61.757100
194 57.614390 88.888216
195 13.233012 77.060219
196 72.642061 74.554838
197 0.092552 95.506999
198 60.256086 24.353748
199 1.756117 43.221419
200 38.251879 47.407656
201 77.552413 73.403244
202 83.197542 33.120878
203 57.822783 14.169067
204 72.407791 45.859133
205 65.210136 57.618236
206 62.920579 76.599543
207 98.364090 5.838087
208 93.573547 8.515464
209 55.783258 92.611303
210 12.209867 56.229045
211 60.433019 43.902234
212 32.040337 43.840529
213 49.472386 74.746260
214 39.407304 70.201275
215 19.132908 89.297065
216 50.810683 10.496495
217 62.727133 70.511727
218 58.709114 9.584580
219 44.810224 9.686160
220 57.095802 2.198451
221 91.319337 90.912097
222 41.645002 95.602020
223 65.946333 37.975914
224 38.204712 64.717634
225 45.284638 19.436302
226 79.546986 52.726637
227 86.301143 91.715082
228 98.742560 52.892697
229 24.584629 31.222224
230 78.250201 75.085486
231 52.768173 51.836597
232 0.363778 6.762602
233 93.976655 17.845901
234 89.227296 66.163816
235 44.523345 43.124068
236 80.919626 50.705392
237 15.535011 67.257317
238 72.951042 60.900587
239 15.933515 82.004191
240 47.810195 48.371894
241 61.871926 82.927469
242 33.857339 83.489660
243 70.765057 33.676726
244 53.408441 10.308376
245 44.679392 60.205794
246 0.515761 70.688259
247 28.924738 84.313003
248 14.360641 55.738242
249 43.614766 1.028893
250 72.426799 89.457067
251 12.983290 98.493242
252 31.286759 86.115854
253 13.690863 52.805720
254 3.275879 16.756828
255 37.011540 10.242021
256 17.178298 79.822170
257 54.704331 49.150849
258 38.350848 6.768759
259 27.633860 29.170710
260 93.294684 52.983229
261 40.695240 82.998705
262 65.064213 81.713190
263 50.403536 51.681837
264 18.606746 16.862297
265 83.671125 60.859284
266 67.628266 17.048147
267 99.315031 65.069180
268 86.329882 72.191236
269 83.856268 57.640643
270 65.029290 5.142289
271 47.095267 48.881860
272 17.631713 2.555035
273 77.415336 25.059291
274 22.591476 50.133226
275 23.626965 0.778498
276 95.793694 98.352310
277 30.060552 16.648081
278 99.640054 76.661381
279 4.552730 37.830168
280 80.977080 61.705208
281 21.108295 54.798809
282 43.091826 17.208759
283 84.598107 79.285834
284 89.122877 8.934660
285 63.537387 29.890969
286 64.536917 70.636927
287 27.444656 57.319536
288 25.412489 93.236140
289 5.222807 61.873973
290 66.550042 83.793084
291 85.694931 67.398501
292 38.096496 96.323058
293 81.125399 11.246114
294 45.373616 9.522825
295 65.159309 81.956917
296 39.341522 77.725021
297 67.743364 98.319589
298 41.677373 57.234320
299 3.701432 25.156638
300 6.820591 97.547484
LOCATIONS
1 79.581178 91.133136
2 89.563055 82.470902
3 66.807878 65.924135
4 32.897208 4.471794
5 38.566585 97.369021
6 14.068236 19.906003
7 3.542440 4.566466
8 20.515281 92.289046
9 39.096368 47.144627
10 44.998650 30.359170
11 60.376843 42.180944
12 38.375047 9.436890
13 47.001513 8.484780
14 39.996182 51.204902
15 13.573576 47.366055
16 61.065629 51.661952
17 96.768631 5.059455
18 83.052961 75.158974
19 71.333969 28.972706
20 89.282352 81.216844
21 97.662244 55.038865
22 44.529925 72.402277
23 58.152559 97.393753
24 25.416359 24.986277
25 57.844535 20.401568
26 21.023414 14.044133
27 75.015278 49.451771
28 83.721510 77.135137
29 55.021853 41.112844
30 56.074694 62.621174
31 50.742823 39.271966
32 5.078990 90.835275
33 4.713255 4.264215
34 86.104880 74.393340
35 89.913760 10.369799
36 18.845016 89.335914
37 75.042662 54.323980
38 18.794195 49.397549
39 78.825774 10.351685
40 90.206572 3.150871
41 53.341246 55.028729
42 52.678024 45.704985
43 12.389835 21.569273
44 38.765704 74.190536
45 34.559294 55.750506
46 83.298749 36.556150
47 54.843518 72.555297
48 33.533652 75.104173
49 81.378202 75.282593
50 30.137271 96.986286
51 98.363895 60.980782
52 3.223462 15.062589
53 32.751573 3.205564
54 10.361289 41.176249
55 72.965732 77.044643
56 4.114308 67.136573
57 44.977045 90.613228
58 94.160967 94.584943
59 22.946103 54.963090
60 1.873331 71.589152
61 98.448536 22.459929
62 98.656834 14.941945
63 36.327841 52.749943
64 87.932165 77.594779
65 46.383308 80.050910
66 76.534151 28.645195
67 4.046723 57.923465
68 52.285476 59.192393
69 18.580565 69.952157
70 19.534141 50.355530
71 75.849571 6.280367
72 46.152546 42.553728
73 39.176286 75.632319
74 68.269583 28.994300
75 9.645232 13.521423
76 2.509154 10.649067
77 31.267324 95.727276
78 51.367871 38.334392
79 17.652118 53.315611
80 4.141233 53.258058
81 12.122268 1.426944
82 44.019639 68.778072
83 33.299532 98.960427
84 27.810002 11.218703
85 30.147713 65.751018
86 58.085640 84.668989
87 73.422758 46.412188
88 3.711577 22.948256
89 87.786083 0.807812
90 68.881905 93.351087
91 22.863382 25.436676
92 88.309642 30.846710
93 32.928270 88.263771
94 49.964331 43.473328
95 55.139109 76.077061
96 88.745252 53.088799
97 44.419789 17.747071
98 61.006250 67.190385
99 80.741701 61.818659
100 54.988019 27.571450
101 65.414223 16.417007
102 94.704944 99.000837
103 18.770607 89.307138
104 63.016818 59.279745
105 48.117423 88.143827
106 18.813610 1.276165
107 50.072756 32.672825
108 16.477551 19.462977
109 70.321132 93.795302
110 24.136363 51.029531
111 12.181457 90.101564
112 74.700155 69.190947
113 42.929787 97.949790
114 78.165557 15.773920
115 83.359298 28.036454
116 64.868785 51.260869
117 58.546346 48.880248
118 36.604605 37.978027
119 19.057929 30.429479
120 76.810156 86.861865
121 10.402807 73.634929
122 98.819005 24.180494
123 59.304778 84.220751
124 21.510945 97.722440
125 58.330064 86.792828
126 81.242375 67.626268
127 49.931499 92.693573
128 6.830586 6.027536
129 69.360455 84.172289
130 77.760678 11.016278
131 68.075825 65.456683
132 30.564654 97.760411
133 50.965412 30.553308
134 64.967967 33.442164
135 8.263654 0.650566
136 48.250711 48.246855
137 79.770180 22.334318
138 62.741371 93.301900
139 44.067900 95.363430
140 37.112472 56.600371
141 83.475509 82.144716
142 0.331838 99.106761
143 54.994371 30.580599
144 53.189685 63.386048
145 51.021734 57.330111
146 76.607455 15.880793
147 66.229240 39.616153
148 29.262453 15.813283
149 38.597908 47.861642
150 76.099974 77.926000
151 57.398465 78.563133
152 56.469507 97.104044
153 51.524326 35.463629
154 34.762673 54.247710
155 85.813792 39.619954
156 92.033019 35.758186
157 5.042198 3.868351
158 41.675495 99.945012
159 1.899869 13.557243
160 61.829709 14.467313
161 37.893644 96.469997
162 23.018012 57.580036
163 50.902976 29.266441
164 67.087184 16.743867
165 18.180414 4.096771
166 22.417022 28.767715
167 35.698773 46.362333
168 74.916073 24.916053
169 74.475819 6.708978
170 25.064279 11.234107
171 7.377135 55.520334
172 29.340692 20.966975
173 22.804640 23.821285
174 82.457758 88.728483
175 87.950674 69.318058
176 52.514895 68.720686
177 9.120527 60.702276
178 8.188381 47.840638
179 90.714892 0.420159
180 91.907482 2.883579
181 10.493410 85.940612
182 8.183903 78.031294
183 65.301901 64.059351
184 47.715594 90.133399
185 88.675410 79.572839
186 10.459974 97.383274
187 54.857812 66.059614
188 99.969986 43.608830
189 93.330017 13.223366
190 68.014437 76.456759
191 46.187781 22.370476
192 69.645340 43.954651
193 49.189881 77.659159
194 88.619337 92.572494
195 7.544513 56.819413
196 63.490340 68.446765
197 11.364904 91.923504
198 64.341524 16.588129
199 39.546248 59.782404
200 0.044272 55.846791
201 36.319003 94.950344
202 76.997110 96.030143
203 61.233020 33.574299
204 37.547080 41.111314
205 49.039283 28.133317
206 98.937549 19.463147
207 2.809728 55.907610
208 86.306882 11.439031
209 43.783904 65.229817
210 80.087468 63.552854
211 64.953570 46.744228
212 67.133200 12.947395
213 65.438135 98.635826
214 82.939249 45.193943
215 50.982775 17.086225
216 76.993071 95.651167
217 5.593149 31.411565
218 51.136960 98.632000
219 24.313452 84.683779
220 40.060738 14.072225
221 58.326197 71.093294
222 70.360524 67.366647
223 97.064617 13.910214
224 97.512636 73.174018
225 14.395471 44.898495
226 21.518467 12.616859
227 86.947827 47.410083
228 20.404255 28.246813
229 46.611930 55.859451
230 32.470161 73.890467
231 82.906665 54.383534
232 36.145985 92.730285
233 78.204345 64.685143
234 0.660739 90.900107
235 88.349647 35.066017
236 47.976577 67.458030
237 67.770826 17.056348
238 54.605269 38.025832
239 37.327886 97.999507
240 5.698873 88.271034
241 41.172317 86.536430
242 49.184256 69.529389
243 88.365363 96.885661
244 36.959219 54.378311
245 88.535597 58.043228
246 47.001214 17.605126
247 79.611886 41.264831
248 1.399157 77.636442
249 10.268638 77.553082
250 45.533691 37.470435
251 68.556834 46.115854
252 67.591557 43.985040
253 93.203664 85.505425
254 2.071487 81.647007
255 55.218647 1.442477
256 97.656226 81.456859
257 48.162464 49.187557
258 97.133068 39.538399
259 57.441781 34.420834
260 0.518839 2.799033
261 60.481960 20.470930
262 62.116527 19.180281
263 13.627509 64.731574
264 40.783730 91.646820
265 14.864283 99.396095
266 76.018522 83.697192
267 4.548515 18.666836
268 2.060589 93.610232
269 2.226928 52.779970
270 82.020904 69.709906
271 21.322570 16.613821
272 50.355063 50.586191
273 56.344587 75.546203
274 74.945885 36.801048
275 75.425100 1.675211
276 98.835426 79.712622
277 65.356613 23.048493
278 32.305717 97.747480
279 20.587809 96.854477
280 52.886359 91.122772
281 64.302802 6.603814
282 86.481272 85.536056
283 93.714362 71.821977
284 4.946476 68.045330
285 99.917817 22.574413
286 38.451240 76.043047
287 90.258391 20.803681
288 48.593477 98.192312
289 21.601302 40.656407
290 55.717842 21.658779
291 29.280776 44.167896
292 66.977200 5.386595
293 19.234781 89.608412
294 37.924500 45.954717
295 30.635634 68.445106
296 56.957792 16.849327
297 68.236850 56.189327
298 42.623692 95.088982
299 22.893159 5.830012
300 86.215632 75.870400
