500 500 100 COORD_PMED seed=20260731 source=pmed24
CUSTOMERS
1 2.478378 69.168478
2 56.372022 11.175742
3 87.978222 35.418810
4 93.379375 1.600475
5 37.960351 74.395549
6 60.514614 8.947620
7 32.103302 70.945265
8 98.300370 66.859516
9 25.272604 6.082593
10 77.518968 92.049504
11 41.808958 2.355280
12 80.582635 13.493903
13 54.019730 57.937528
14 59.652087 11.444694
15 4.550057 74.659199
16 27.786466 73.655476
17 82.501558 99.239741
18 14.608479 88.676126
19 95.688881 7.793055
20 28.746395 31.888961
21 14.480690 3.695513
22 97.497016 33.764678
23 96.791373 2.920667
24 26.321236 26.916366
25 5.488967 48.671135
26 48.337143 12.569445
27 99.708889 87.290523
28 78.973655 9.890357
29 51.019361 85.827379
30 66.718411 44.037853
31 90.935454 64.328104
32 2.090409 36.531534
33 27.085772 87.256216
34 15.059861 15.391645
35 8.089037 80.047402
36 36.101620 67.516654
37 92.710527 50.003333
38 86.508885 83.380048
39 84.578571 1.592336
40 74.696196 17.387128
41 91.364296 89.951105
42 58.293646 59.336922
43 35.051677 31.827809
44 50.967005 27.156815
45 74.582561 25.891858
46 60.839790 10.352216
47 26.614022 84.654176
48 48.421340 5.272794
49 88.068572 97.037889
50 0.133424 30.269066
51 59.255004 58.786592
52 95.542663 75.184696
53 28.512424 32.985934
54 11.079090 83.003894
55 88.685215 59.782871
56 22.865860 7.560701
57 70.570964 40.148022
58 8.317116 40.840637
59 55.316369 94.258837
60 71.910225 47.282517
61 79.912757 75.531384
62 57.410918 18.923960
63 35.519411 12.877110
64 88.356528 40.344440
65 8.900276 91.974581
66 66.177299 8.902019
67 35.223690 53.949144
68 84.700148 19.420536
69 30.050649 91.823441
70 68.329586 95.189107
71 17.986626 89.517479
72 43.261633 8.764854
73 60.508594 39.133327
74 66.015001 40.629004
75 73.431433 49.607300
76 91.569478 60.871148
77 42.363317 95.697832
78 69.625455 68.353678
79 47.111670 54.640379
80 62.789168 19.775252
81 43.947318 22.691276
82 65.768650 53.589417
83 12.490200 70.936738
84 15.463526 1.360193
85 98.936816 84.510619
86 93.936609 41.657159
87 20.945285 89.863672
88 97.466281 78.055371
89 62.607377 13.057574
90 68.717109 27.388315
91 3.053061 11.488725
92 70.108860 47.176201
93 34.969988 92.798657
94 59.287177 72.118403
95 38.402703 27.728640
96 93.224642 73.325832
97 14.560622 66.706644
98 90.297212 65.917223
99 71.647199 18.750746
100 53.026459 10.618798
101 41.799429 64.430926
102 12.228656 3.560119
103 31.432023 51.529962
104 76.894902 54.849320
105 71.035854 63.098297
106 8.461301 57.451008
107 69.528511 48.825644
108 69.191431 7.512722
109 7.038284 6.719872
110 67.174497 58.764445
111 1.744918 21.170623
112 65.035359 60.889289
113 59.385525 17.054856
114 4.815806 94.977547
115 59.560281 2.746268
116 94.007895 76.377644
117 37.331155 87.591620
118 38.907326 34.800182
119 9.920622 23.836624
120 54.232647 91.071194
121 16.389586 13.835570
122 23.533987 46.092605
123 90.883155 74.363352
124 79.613342 61.106605
125 38.661904 51.001330
126 8.503922 28.451916
127 96.681587 57.049679
128 86.290372 1.360517
129 19.941955 30.066946
130 68.109758 2.428479
131 13.672905 60.312428
132 10.498114 14.146104
133 52.735452 52.263904
134 53.476498 71.610257
135 44.374764 10.128645
136 90.450528 17.138777
137 81.782031 35.896776
138 92.268361 79.360239
139 17.420015 83.198506
140 89.884133 95.846440
141 53.695945 2.087850
142 23.156922 72.806811
143 27.093892 51.142214
144 8.536881 66.111947
145 34.218819 3.724927
146 1.125398 99.071123
147 72.196782 66.040108
148 80.742833 19.772848
149 4.975934 27.492806
150 94.899257 27.214833
151 90.195168 36.065137
152 77.429915 42.944238
153 34.623643 0.263412
154 33.079518 94.100445
155 74.330154 79.895005
156 40.371148 91.581043
157 99.760184 73.474635
158 98.268644 58.506135
159 97.648513 23.573606
160 90.399728 7.224368
161 33.986065 52.439149
162 33.274731 58.338269
163 69.931174 0.199711
164 65.278720 18.599866
165 88.560434 67.772103
166 9.926562 32.146602
167 4.556369 90.273063
168 9.433349 59.000264
169 11.636076 40.781480
170 0.947658 29.840808
171 57.178488 50.623782
172 91.993991 77.102525
173 2.309639 77.050761
174 6.434380 20.660372
175 27.683301 88.067454
176 88.312744 10.849882
177 94.507818 20.813169
178 9.157410 11.491189
179 45.020924 46.874352
180 98.729013 63.063085
181 68.592694 38.093155
182 92.918792 37.601661
183 85.904208 53.908678
184 96.520348 66.633639
185 68.287512 50.809809
186 27.074217 54.422755
187 34.214896 35.031642
188 48.225526 94.580190
189 76.125393 61.641852
190 84.582264 0.134141
191 10.151318 60.995846
192 72.753340 11.663012
193 40.008812 10.409717
194 78.138551 29.048323
195 56.599593 66.799657
196 56.017010 33.915259
197 41.874926 87.503323
198 96.276035 3.377588
199 61.729229 4.815737
200 85.539161 2.389856
201 55.037716 37.198774
202 20.368041 78.000760
203 92.205231 26.854427
204 86.721621 2.520782
205 2.708591 70.198915
206 85.315551 22.812424
207 28.843800 23.334404
208 42.176503 48.145549
209 43.007601 6.511338
210 79.154779 38.509567
211 48.390888 2.023016
212 94.166857 65.242783
213 66.461156 31.575398
214 61.483848 77.186972
215 74.298561 25.814786
216 93.067104 60.078096
217 89.416471 70.166186
218 83.868182 43.457239
219 83.106468 6.603172
220 27.105869 90.111207
221 37.966706 19.633984
222 19.576294 98.789993
223 34.452710 97.398307
224 58.899411 29.420230
225 70.865288 82.595912
226 11.492817 32.490873
227 20.481988 22.003397
228 43.140249 36.583733
229 96.472655 17.009753
230 73.616031 92.900952
231 84.988564 34.157366
232 24.130418 85.674947
233 25.891774 53.507668
234 40.676055 17.854796
235 28.850203 71.028380
236 64.554830 51.158192
237 12.446949 66.682113
238 57.978089 71.795555
239 17.113243 47.395534
240 15.723785 81.671699
241 88.517784 10.325565
242 10.078881 88.881703
243 6.432566 32.666776
244 90.203236 33.318094
245 60.937769 6.446923
246 55.398808 86.180161
247 19.812475 88.749466
248 47.282512 46.867113
249 99.094752 90.286700
250 22.706859 99.651630
251 2.030350 5.653912
252 34.896610 51.484954
253 2.172500 32.781045
254 19.216059 7.513768
255 48.570913 15.427629
256 46.999094 30.407787
257 12.950027 41.963735
258 1.267127 67.344529
259 54.839272 84.183247
260 41.625988 68.461158
261 66.075881 86.668277
262 31.364137 48.472777
263 83.418886 53.570358
264 89.555415 56.126960
265 71.082208 37.177016
266 69.440612 77.759911
267 46.943473 68.248771
268 17.625242 23.140312
269 36.783889 35.170120
270 89.464690 66.276626
271 73.006956 94.521761
272 86.683290 36.712641
273 26.259845 51.985325
274 83.679856 19.291066
275 64.998845 36.676981
276 18.650221 69.841406
277 15.310727 9.609977
278 27.515252 35.461317
279 46.343777 10.091744
280 4.048447 60.502106
281 18.127124 18.602751
282 44.933240 33.759261
283 82.141878 29.646202
284 18.678253 30.187410
285 26.637549 63.295210
286 77.609365 38.815463
287 68.447107 79.007607
288 7.806605 48.078355
289 87.052569 62.579503
290 95.500369 24.771293
291 38.686039 96.066383
292 6.988390 5.699237
293 47.152682 35.620756
294 83.681463 1.305346
295 8.325171 54.586760
296 13.834684 82.388964
297 20.917668 47.677965
298 16.777924 36.414427
299 90.417320 86.460098
300 59.984043 31.720527
301 68.364026 39.895906
302 97.190711 87.223300
303 72.259969 42.071430
304 89.198538 98.314676
305 87.478374 72.548440
306 88.199548 82.651726
307 40.525628 58.473033
308 14.970078 23.948659
309 45.176583 19.076176
310 24.161236 79.806335
311 31.243245 19.910201
312 87.240825 98.363901
313 55.480106 99.944828
314 73.488802 5.308762
315 4.438161 51.343317
316 78.932789 99.685138
317 21.055087 77.041262
318 31.777426 39.128519
319 80.109296 90.816761
320 71.496568 30.806330
321 29.538934 55.752219
322 57.633105 97.044701
323 13.286815 78.925051
324 77.704409 95.435077
325 43.047538 46.228331
326 3.601708 9.361608
327 9.664905 60.213983
328 60.622318 92.704778
329 46.782715 3.222152
330 70.278427 51.216688
331 84.700133 38.280357
332 36.579180 76.512896
333 34.283890 65.732608
334 3.298783 74.848790
335 44.825801 77.239335
336 72.479137 86.942298
337 32.987252 52.044361
338 10.375187 52.712354
339 2.127531 33.441107
340 19.192582 95.426923
341 84.200575 61.052220
342 62.499029 90.902115
343 81.250233 10.239156
344 89.606967 58.217577
345 53.431620 59.745836
346 10.857028 31.545108
347 38.240603 1.743117
348 43.672849 8.961685
349 51.883678 38.196353
350 19.270025 49.796879
351 54.585915 68.322697
352 16.211302 91.258311
353 98.300675 55.440554
354 64.773619 75.144384
355 55.572419 78.071998
356 61.556731 19.158412
357 20.479463 97.157962
358 21.302561 56.628189
359 0.902077 20.113123
360 7.814902 61.450703
361 72.974771 76.834042
362 53.490753 20.942495
363 79.810390 97.245622
364 19.896863 46.181405
365 75.168417 51.274668
366 0.461595 60.570666
367 37.058192 93.294666
368 56.781241 61.832538
369 85.202436 18.850272
370 14.088882 4.974581
371 71.801743 96.730222
372 57.276519 32.996227
373 73.913272 7.862061
374 93.812769 19.083075
375 15.419778 50.177283
376 45.064962 97.847517
377 20.903751 21.625636
378 77.195121 86.003749
379 58.626479 82.981223
380 44.986883 7.121120
381 54.119914 97.468709
382 14.640292 21.351683
383 14.220586 38.893277
384 42.583670 21.275437
385 5.953443 83.848004
386 79.306762 52.257211
387 18.584922 7.479676
388 34.039989 33.960789
389 36.911851 6.017652
390 12.723038 26.322661
391 56.231395 3.753321
392 56.840736 74.236884
393 45.206934 68.019890
394 75.240209 34.677110
395 59.824405 49.580268
396 9.507657 12.927082
397 70.108011 1.951503
398 78.839820 36.074547
399 36.042804 59.921894
400 4.367955 88.665313
401 24.358807 37.145907
402 97.652169 10.830776
403 36.784304 25.950396
404 17.330964 79.670052
405 57.208889 3.511256
406 40.212848 6.381234
407 56.836417 9.346757
408 83.645873 55.632867
409 23.647978 40.274028
410 8.669593 80.045479
411 84.646384 85.098851
412 24.688758 61.998519
413 13.802090 83.533787
414 38.702864 91.948501
415 4.964088 8.424289
416 19.970454 53.330615
417 54.610462 94.664577
418 46.385153 34.319517
419 68.425771 58.487187
420 67.111650 50.713653
421 53.583595 64.065812
422 88.279659 28.990296
423 67.668072 24.871792
424 29.355683 39.697559
425 76.138586 15.430474
426 18.290916 55.958511
427 48.706535 7.585077
428 56.546600 29.868321
429 32.198597 59.310782
430 73.727156 58.510885
431 7.632565 91.556106
432 69.509766 52.959333
433 93.702557 9.274075
434 62.033596 31.017995
435 63.844956 19.113214
436 9.830321 26.216367
437 49.525725 0.262371
438 96.711779 9.128940
439 63.412589 8.706193
440 8.781999 44.038712
441 17.581329 21.279596
442 53.652900 79.157791
443 30.752407 58.108496
444 71.443883 51.290000
445 48.983506 27.148087
446 76.976650 34.691716
447 83.052756 71.618254
448 13.557101 90.111584
449 35.650468 48.383541
450 52.460429 58.936136
451 51.444978 30.357583
452 29.491825 88.112152
453 11.742351 15.878445
454 41.327217 33.324994
455 52.190408 78.160475
456 25.780768 81.762113
457 97.263332 50.735342
458 96.762327 40.954405
459 7.153656 83.104083
460 94.576789 95.561175
461 57.203448 20.815248
462 88.699532 86.061794
463 87.805614 99.514329
464 62.875617 79.978980
465 72.826923 96.327045
466 55.780231 71.154552
467 8.928739 53.222095
468 75.841759 14.080643
469 39.605155 44.521954
470 14.259339 21.882665
471 52.034189 51.545263
472 10.597625 26.910658
473 15.648849 53.085741
474 77.688540 98.146257
475 62.167870 85.008977
476 13.539046 66.900066
477 15.982575 6.258474
478 99.571102 63.585839
479 53.244822 53.758974
480 2.279983 1.474394
481 84.579696 34.432731
482 36.644939 37.991594
483 74.116709 93.049081
484 14.357532 49.311823
485 82.098681 44.195432
486 16.587617 4.432716
487 26.646935 81.210041
488 42.677621 76.282562
489 58.400629 63.068298
490 69.784037 0.481482
491 69.603526 49.510517
492 77.609100 50.991469
493 74.820279 90.234337
494 20.677955 22.657975
495 94.720290 23.903337
496 98.401883 71.433041
497 46.469395 90.573674
498 51.554799 64.867944
499 93.918811 35.573986
500 3.109256 63.497589
LOCATIONS
1 0.493673 5.798409
2 39.060089 1.758192
3 70.387337 75.197514
4 2.942826 93.458330
5 10.737638 68.694732
6 96.667722 5.331878
7 30.786238 50.524445
8 89.144834 49.834677
9 92.362987 58.933277
10 94.722273 1.100887
11 70.849233 74.637311
12 78.254980 76.122043
13 5.095196 53.171129
14 5.198216 40.697376
15 27.737721 74.851539
16 90.433873 89.104135
17 23.502669 99.745409
18 76.463006 67.680613
19 5.238306 53.754025
20 29.908652 20.978500
21 57.526098 53.790763
22 3.654114 53.995173
23 72.826724 11.941339
24 64.457629 82.125737
25 37.955222 64.818099
26 13.398199 30.595521
27 52.142770 36.127541
28 50.766989 12.160846
29 71.394893 47.168201
30 66.835589 12.220147
31 93.369639 73.211385
32 52.255439 50.210920
33 64.795992 20.134137
34 96.634882 53.926682
35 39.793648 45.976781
36 41.399589 51.253774
37 35.845002 55.030065
38 23.435945 61.000357
39 16.315465 43.823983
40 94.328841 38.081369
41 88.607248 58.835586
42 97.510948 64.280796
43 2.133356 61.923623
44 9.667443 4.479715
45 57.158330 32.134356
46 69.538444 66.672794
47 96.919823 18.396524
48 36.337887 46.530622
49 68.081300 87.821821
50 79.371458 76.289528
51 14.284021 68.433610
52 68.408762 59.612724
53 25.554680 19.428054
54 18.245317 93.529657
55 6.626205 48.688090
56 81.275194 57.570680
57 35.837586 84.451109
58 66.795663 90.996122
59 23.375528 83.289151
60 22.891199 78.904524
61 37.844088 33.803232
62 36.396073 88.705665
63 27.409573 55.075513
64 14.843873 9.491542
65 37.437347 35.017194
66 37.363911 56.802917
67 8.156888 80.019072
68 7.095371 86.474131
69 19.815930 72.513004
70 47.230580 59.290229
71 55.017779 43.385420
72 97.084699 4.870533
73 39.050056 19.953325
74 94.365883 16.567201
75 91.529703 57.777709
76 77.842602 10.421977
77 4.601412 6.256793
78 96.406798 67.365587
79 50.747103 83.414462
80 21.679204 10.552877
81 62.392806 50.569584
82 41.039558 86.435692
83 36.112268 36.555811
84 61.930853 63.670918
85 20.536512 67.157693
86 91.274246 46.343006
87 16.387565 43.381836
88 0.413563 45.376480
89 91.833284 33.498257
90 27.288413 82.002413
91 63.239366 32.207612
92 71.640665 78.989011
93 7.947167 86.266724
94 86.276068 28.062794
95 87.931121 7.331243
96 82.474516 79.085796
97 93.022145 58.256383
98 98.063001 3.915075
99 54.281619 81.760264
100 99.861649 11.623759
101 75.700037 13.203249
102 53.582423 0.629463
103 48.859162 56.398140
104 38.607203 0.479936
105 80.019860 6.400082
106 41.143393 94.326095
107 38.857155 48.409528
108 62.132671 19.017611
109 37.723935 64.746600
110 80.079211 84.889139
111 25.229954 47.127626
112 87.287911 15.573527
113 14.625177 9.231237
114 76.575062 1.784251
115 80.082418 45.710246
116 93.230699 41.171675
117 51.393762 58.528747
118 52.962374 10.990108
119 67.518896 35.044337
120 58.517080 42.190413
121 19.742148 28.252922
122 92.164043 75.347432
123 10.134787 45.978935
124 90.243409 12.228227
125 69.029586 57.076730
126 72.086810 64.398927
127 89.671618 23.989370
128 92.023311 40.031911
129 1.631539 98.811053
130 57.431935 47.818219
131 87.921578 24.841330
132 81.207178 27.635245
133 92.067781 43.632329
134 59.087813 72.869389
135 71.095445 0.835559
136 24.579234 56.304237
137 89.979329 47.928721
138 77.047965 27.113168
139 14.770086 48.288950
140 10.944513 97.646631
141 74.015210 30.841039
142 18.882252 72.744418
143 25.119598 46.353549
144 24.269606 12.545446
145 19.336083 74.312067
146 62.925107 4.655940
147 45.752918 82.658472
148 92.400886 37.684408
149 87.311723 6.033311
150 11.719392 61.785639
151 86.104789 60.907478
152 76.271223 62.878435
153 27.818989 37.582604
154 90.003773 15.316890
155 5.829707 46.202529
156 13.584419 56.474470
157 36.840650 64.804217
158 95.996833 97.846379
159 14.365786 8.975712
160 88.671701 12.183137
161 36.525116 90.962161
162 71.537565 50.568511
163 14.615219 24.429123
164 70.198128 20.861659
165 87.097585 43.101418
166 55.752403 17.088602
167 0.287409 48.534383
168 42.804362 22.019364
169 13.201900 5.056926
170 39.602460 18.354897
171 92.482275 87.344053
172 73.236721 64.205829
173 9.428350 75.693468
174 29.401072 23.419453
175 50.384939 7.736050
176 62.814224 28.089346
177 94.450111 1.908398
178 21.422622 75.844329
179 29.919295 0.031066
180 46.199094 47.778654
181 81.722489 92.630260
182 34.552947 26.956111
183 16.005583 50.386149
184 85.152432 57.027891
185 3.368920 94.882946
186 21.141698 88.723883
187 46.727384 50.351510
188 23.663585 57.596124
189 51.803646 13.046487
190 57.888904 36.986551
191 10.583240 80.183515
192 44.498388 96.693865
193 97.329452 25.099581
194 50.313594 36.867013
195 46.702896 4.771172
196 73.577810 57.182109
197 1.270031 91.357542
198 11.780415 85.473711
199 13.501686 97.970516
200 59.516323 56.300833
201 41.315589 40.565253
202 30.250233 82.620924
203 9.811842 77.272067
204 58.640496 52.385976
205 32.437012 70.413787
206 82.241567 12.117294
207 10.700741 38.138458
208 77.835727 24.442018
209 56.176824 29.956102
210 64.522676 94.361484
211 22.643013 81.773222
212 73.325064 72.872536
213 36.506568 70.312561
214 67.540087 2.059938
215 10.349002 9.096797
216 22.289235 34.336232
217 37.853055 57.541390
218 24.236746 32.825775
219 5.005797 7.782295
220 15.970265 39.904975
221 12.702348 82.987417
222 78.551823 1.494930
223 79.726037 65.595201
224 89.509918 83.207408
225 69.468737 72.082993
226 67.086286 9.967067
227 80.561158 80.288701
228 65.222953 64.381681
229 97.279466 15.590931
230 17.774534 81.550672
231 3.929677 81.887671
232 75.915774 1.220975
233 88.377876 80.192094
234 90.066564 3.245166
235 24.862608 12.855860
236 59.109091 67.212477
237 64.655000 8.429449
238 97.077864 24.645651
239 58.287032 29.117527
240 58.577463 89.460796
241 42.406120 41.221549
242 52.954612 85.190204
243 75.430043 34.019248
244 28.725266 79.097652
245 47.106771 58.637858
246 92.204048 64.380712
247 54.612754 57.827096
248 20.019274 7.892434
249 29.576078 29.833487
250 81.712153 62.913549
251 19.832548 87.420536
252 3.474743 36.623704
253 94.854701 9.167820
254 39.568153 44.603733
255 54.175182 30.502200
256 36.851327 50.662130
257 34.421912 28.225046
258 87.782417 35.036494
259 60.504946 48.480325
260 14.426995 19.042982
261 35.691852 87.677127
262 69.904194 23.410220
263 21.068823 80.534286
264 6.885071 25.672653
265 3.641427 42.629217
266 98.992386 39.156455
267 80.194958 8.791124
268 68.826408 36.860001
269 11.060234 22.417385
270 17.606027 23.451554
271 38.975845 67.646834
272 27.290775 82.580348
273 3.509563 5.945264
274 35.097129 73.039935
275 24.623306 61.917151
276 66.670033 77.236094
277 65.003211 92.600051
278 88.866008 20.414760
279 38.331675 85.839216
280 25.623476 33.453182
281 56.765316 12.543187
282 8.331702 92.846701
283 20.908972 19.239134
284 64.018468 2.699514
285 83.016748 99.797158
286 1.380555 14.106248
287 76.080541 1.467110
288 15.826851 52.602868
289 27.200125 73.753805
290 5.196057 39.963703
291 62.393278 74.912485
292 21.196714 18.644274
293 22.814920 70.811160
294 82.762934 90.334310
295 80.174675 61.645091
296 11.297770 10.181347
297 64.947760 61.875233
298 58.327177 46.166746
299 95.529596 72.458063
300 98.966885 70.501595
301 68.508169 31.122738
302 31.581085 38.868685
303 81.537691 22.179881
304 14.346622 0.238109
305 24.651898 43.275261
306 87.819717 41.600444
307 65.213613 50.570630
308 5.163168 37.693247
309 37.592321 14.896766
310 52.519218 25.532018
311 53.340506 48.067179
312 14.009586 79.983347
313 36.393419 17.978940
314 3.857377 94.433914
315 57.595374 30.702787
316 96.022039 19.211592
317 26.721997 6.986274
318 67.921338 51.968480
319 39.623249 72.415910
320 31.992355 15.155928
321 65.109514 65.229614
322 53.157622 64.140906
323 31.493543 78.200976
324 94.468168 16.197316
325 22.914969 93.251260
326 34.106196 85.440517
327 27.335031 94.779893
328 60.499923 42.886698
329 5.042460 85.911790
330 91.327118 45.080350
331 94.441610 66.619179
332 12.362888 29.573474
333 48.820857 40.267423
334 2.551312 71.581829
335 32.691905 23.988208
336 41.318534 96.825519
337 84.580548 81.160476
338 59.663044 62.692803
339 38.314114 4.285364
340 88.905043 33.834739
341 27.562665 55.219433
342 2.682449 92.668874
343 47.485001 84.579640
344 78.300558 55.712171
345 48.789710 71.438322
346 20.481414 6.406359
347 44.157572 37.804972
348 80.276664 8.730249
349 42.617800 81.657423
350 24.159546 83.435821
351 33.112031 0.393311
352 21.879981 10.350248
353 80.469602 69.449525
354 4.071386 83.199506
355 52.182154 64.488183
356 44.647783 18.929894
357 78.191063 71.390464
358 50.617778 62.743548
359 66.872327 46.473269
360 81.953132 67.576843
361 8.287161 96.283829
362 57.758519 80.873280
363 89.289845 62.308059
364 6.045548 63.881254
365 3.645455 91.254988
366 18.042899 18.879607
367 7.918455 57.863594
368 65.711660 34.908491
369 99.733260 56.628579
370 84.714079 95.100413
371 86.185407 47.156279
372 10.339935 81.231619
373 31.514114 93.400085
374 71.429422 85.045585
375 18.165847 57.866149
376 17.990193 40.578579
377 50.822106 64.963391
378 90.781611 36.508613
379 72.560991 65.634444
380 99.433166 12.444702
381 11.438110 17.803570
382 52.598113 9.343988
383 49.688581 25.524971
384 57.508792 38.942772
385 88.092791 35.827930
386 7.605567 60.261312
387 5.956775 85.000736
388 38.493359 44.067890
389 64.877397 35.386115
390 14.367183 14.211678
391 59.209026 0.158186
392 77.692812 36.504694
393 31.465414 13.052560
394 67.752089 86.340721
395 87.545726 31.383980
396 41.668925 23.937625
397 85.907335 65.421252
398 28.578430 2.043717
399 84.169749 63.793471
400 76.230068 39.002893
401 19.533106 34.922286
402 44.645164 19.430803
403 4.698245 76.625747
404 55.117339 80.759992
405 10.227110 60.282134
406 37.764253 66.540107
407 79.187986 17.740997
408 29.331467 64.790698
409 67.694507 34.662898
410 65.900305 46.788495
411 89.881311 56.102061
412 72.591898 38.198886
413 64.345000 97.502546
414 67.439317 69.785447
415 48.210295 95.037702
416 82.137254 70.839560
417 96.754436 99.000828
418 31.044679 42.501522
419 37.670047 37.789070
420 18.846154 73.766068
421 20.275613 62.289272
422 46.711917 68.523180
423 35.265837 58.683287
424 69.241057 41.250837
425 29.167089 12.818553
426 21.118234 43.362789
427 63.086982 20.055867
428 30.814494 67.932757
429 87.811281 26.554329
430 23.619961 70.788922
431 98.414413 84.827918
432 78.419749 1.367030
433 15.920179 11.791184
434 29.237295 0.006756
435 40.239258 87.215881
436 48.694579 90.294892
437 16.154284 50.976646
438 88.182417 4.928290
439 75.289560 8.525880
440 45.449723 63.522641
441 31.283859 62.543946
442 54.481593 86.368364
443 86.408493 65.736490
444 98.227604 60.416749
445 18.146605 47.964657
446 26.640918 92.883375
447 23.539429 36.674291
448 58.819433 80.355753
449 37.749138 44.774631
450 88.552736 99.157048
451 41.595126 15.767820
452 8.214279 74.937170
453 84.232667 58.410231
454 88.635604 18.637394
455 57.368507 18.591224
456 62.426499 22.997089
457 93.439528 77.768518
458 9.096493 90.244045
459 49.205678 10.906368
460 89.643688 62.748767
461 0.800260 29.606467
462 51.245315 11.808968
463 16.247876 93.209615
464 70.565768 0.902713
465 96.626577 96.068673
466 19.220246 20.887826
467 38.612011 9.291532
468 76.883312 9.913758
469 68.600049 76.107218
470 90.207183 31.857347
471 38.720854 46.291484
472 82.203839 25.315971
473 73.858157 84.304651
474 32.131402 92.320444
475 67.554731 26.478474
476 55.171394 80.521246
477 0.452657 86.366708
478 6.916853 18.635287
479 60.667117 33.621658
480 0.650421 88.015241
481 91.049417 51.113122
482 1.455157 87.225262
483 90.083213 90.077138
484 61.272353 90.079288
485 84.569480 39.916447
486 5.425647 79.636636
487 8.851874 58.764059
488 52.987798 18.686026
489 54.863743 21.599561
490 28.839615 8.473636
491 61.320792 74.052735
492 64.483115 25.681096
493 93.481804 60.310597
494 47.849106 26.042633
495 63.686421 26.726326
496 11.599472 6.032343
497 99.357569 62.053877
498 80.810417 55.145498
499 87.378403 20.276451
500 65.263410 5.605380
