400 400 10 COORD_PMED seed=20260724 source=pmed17
CUSTOMERS
1 96.320188 99.014049
2 55.420061 66.436075
3 43.672456 74.675857
4 22.308099 55.784894
5 30.647995 21.302532
6 61.770312 85.025816
7 33.651794 92.692311
8 70.038794 63.143686
9 90.497817 42.529292
10 27.889470 15.342028
11 63.459249 9.504741
12 86.927721 4.375649
13 26.714929 44.944375
14 98.781627 5.257886
15 72.918198 7.497938
16 50.430550 75.519429
17 84.082075 10.788342
18 11.703777 22.675933
19 42.535095 61.163255
20 10.542703 52.077044
21 0.836138 27.520721
22 43.154169 36.883430
23 55.854309 8.932632
24 1.685946 58.261897
25 86.478331 9.709222
26 4.379717 15.678640
27 12.196239 78.146021
28 5.798494 32.798442
29 78.652055 66.110448
30 33.089336 0.400444
31 66.085806 3.384034
32 13.341484 97.666176
33 76.481844 42.781860
34 70.281266 59.530167
35 7.688059 10.636035
36 88.310216 83.632743
37 33.806833 89.179236
38 97.890661 74.930875
39 22.580514 20.162921
40 81.254920 99.665543
41 86.657100 89.783044
42 67.472139 53.423924
43 47.247266 54.862527
44 83.958722 67.565804
45 30.246672 57.085985
46 22.413894 42.812094
47 40.329535 71.295122
48 2.902930 27.950154
49 91.436332 96.179674
50 83.486993 94.788237
51 51.562687 96.488198
52 7.458463 74.198888
53 37.640619 3.256590
54 90.932645 65.874037
55 2.804966 38.584407
56 94.887664 41.124320
57 53.054205 3.100536
58 41.948250 61.986469
59 66.007198 62.984407
60 66.420465 74.911271
61 70.742145 43.237439
62 57.588207 94.109897
63 75.109797 15.697897
64 7.846310 75.847629
65 72.934015 0.162052
66 41.035909 31.608979
67 67.322439 56.161360
68 57.465122 2.595793
69 5.556262 37.657583
70 58.997578 53.667901
71 1.098115 28.531988
72 18.036581 71.926033
73 49.262571 10.374561
74 14.007228 5.458657
75 47.968379 28.939055
76 26.360675 72.960209
77 27.166533 24.791053
78 17.930360 98.880084
79 53.067979 33.911232
80 55.849056 32.930131
81 25.694717 34.530127
82 17.216035 9.337153
83 6.737231 8.042590
84 21.960844 47.315921
85 74.382081 85.835253
86 58.502331 91.910385
87 64.527164 87.225619
88 41.168874 26.319139
89 3.801126 86.330155
90 46.502775 92.330491
91 34.352242 83.697277
92 61.475849 74.234176
93 62.488982 6.743922
94 12.917211 71.244329
95 60.113926 60.290747
96 81.659054 88.116666
97 65.787455 90.910513
98 19.512284 94.416394
99 25.470428 15.679088
100 17.118893 91.634883
101 30.636899 75.773174
102 89.612164 15.748951
103 11.493755 85.747346
104 77.750501 79.609896
105 16.713612 58.737480
106 23.386486 71.291128
107 12.804469 44.848999
108 47.006767 81.808957
109 75.923430 41.521568
110 56.577467 26.429883
111 30.817854 9.482082
112 41.272051 69.940911
113 11.880999 65.409389
114 78.722106 51.284489
115 78.801517 83.902819
116 84.532082 22.459978
117 48.170524 16.393472
118 20.442491 77.032872
119 2.412565 62.819220
120 87.567911 70.737873
121 50.368229 2.615399
122 64.189986 82.380897
123 30.986598 70.444177
124 20.446299 90.427595
125 80.320899 33.482580
126 39.987102 93.739023
127 19.864024 61.441601
128 57.127151 13.733032
129 66.662572 49.784091
130 62.389158 6.453271
131 87.352698 92.355245
132 37.566540 11.391554
133 89.904218 16.300525
134 84.488034 53.352109
135 94.520768 58.065508
136 27.170682 5.027154
137 27.129964 46.601781
138 99.163656 32.970560
139 51.367649 20.509342
140 95.293454 5.753015
141 17.435651 25.660252
142 57.100576 67.464624
143 24.909640 42.300683
144 36.919378 21.465729
145 67.723586 96.688009
146 32.182989 84.133663
147 70.848804 67.989280
148 41.414345 62.218707
149 30.211678 47.709882
150 50.217849 88.706859
151 49.621145 44.933117
152 84.024056 89.583974
153 0.576820 51.703392
154 76.686022 82.452492
155 35.744293 21.948895
156 83.273432 69.834250
157 88.689493 77.937359
158 74.252142 11.621207
159 31.422572 47.891197
160 53.232871 9.143681
161 70.152107 37.223269
162 0.176719 6.819836
163 18.509968 32.062372
164 40.314226 82.842133
165 3.468405 99.183314
166 69.821790 13.573701
167 33.508721 34.049739
168 6.442529 2.122347
169 81.996131 30.162169
170 90.535380 0.608829
171 60.639018 95.343860
172 29.318865 32.089729
173 57.260077 15.180241
174 63.641633 64.587169
175 18.938274 88.116625
176 66.571039 70.289909
177 34.383505 73.528386
178 37.653590 82.173348
179 29.483425 0.671339
180 88.731108 33.780376
181 28.293541 30.238097
182 20.527656 19.517380
183 34.726974 67.912835
184 86.650901 89.472386
185 85.494171 84.403288
186 80.378263 48.605127
187 87.015727 94.478702
188 40.313416 92.695446
189 25.081183 78.871634
190 98.969584 94.267253
191 30.629302 25.790442
192 29.354862 95.088183
193 54.630694 41.374760
194 33.991611 31.081651
195 47.756808 87.340124
196 15.057052 14.804011
197 70.047317 15.977597
198 22.704835 71.923807
199 9.093724 61.651865
200 44.489166 11.976836
201 35.986348 6.593785
202 50.117040 57.658663
203 19.998110 68.993440
204 95.375484 69.759956
205 21.383994 46.350140
206 49.685827 15.662166
207 11.759487 75.235226
208 70.327581 61.108168
209 82.201015 23.819439
210 79.198771 86.116040
211 72.808459 21.635570
212 12.973657 92.448839
213 14.976484 51.541438
214 73.799758 37.634921
215 87.705381 83.899507
216 57.668202 20.183295
217 83.055451 99.779517
218 80.731381 65.954117
219 45.927780 82.942264
220 98.055577 64.569030
221 5.857469 16.873905
222 96.245765 2.604277
223 43.703437 56.590386
224 67.192504 33.368811
225 23.292313 45.307433
226 80.101492 42.952877
227 65.059983 42.435498
228 87.820702 91.072035
229 0.532616 24.338890
230 93.623525 46.537554
231 41.596545 88.856873
232 78.839773 48.623607
233 42.036779 84.673639
234 50.238472 16.720588
235 27.143649 32.657437
236 28.332439 5.293643
237 22.153665 51.764806
238 69.081913 54.547059
239 82.354135 30.923073
240 49.289533 81.098306
241 37.526548 48.298314
242 93.844429 81.969817
243 21.543531 90.178325
244 0.925315 10.540700
245 81.918859 64.674265
246 15.496613 75.373041
247 40.941527 12.368303
248 68.764891 82.708324
249 34.208802 1.088138
250 3.088116 8.695240
251 66.493198 75.524791
252 41.313021 14.017888
253 81.969134 79.030128
254 55.603978 27.031514
255 48.194239 45.271670
256 35.772912 27.493630
257 28.904060 67.747402
258 16.236445 45.706153
259 16.296075 52.372575
260 28.860725 50.042766
261 84.235807 51.730173
262 59.087725 40.124236
263 38.614404 78.477290
264 67.275094 39.644336
265 43.250582 89.330750
266 96.129545 76.726464
267 71.546517 48.758129
268 14.176577 89.988277
269 94.018428 21.193151
270 64.683156 95.059284
271 3.513165 77.483415
272 0.727061 88.408803
273 59.369208 73.011360
274 23.384024 3.434762
275 10.014996 75.033748
276 25.326435 75.101813
277 85.528600 42.739920
278 95.601611 41.844854
279 74.554892 83.646993
280 73.253512 20.119782
281 37.885680 77.753826
282 79.792409 84.214504
283 10.728400 76.158237
284 42.323862 95.723132
285 6.866940 69.760756
286 0.701702 77.233300
287 3.460587 33.297483
288 74.605009 6.644969
289 10.492624 6.410482
290 29.778508 98.866580
291 73.990632 63.888977
292 4.148955 28.488574
293 2.816618 74.822405
294 78.024910 65.079801
295 8.942721 26.440723
296 31.870110 10.468830
297 29.140752 65.111592
298 78.349562 13.186409
299 70.383115 67.914914
300 93.035527 14.299343
301 1.532446 29.880520
302 62.227290 4.939190
303 4.825115 45.899043
304 23.838377 30.864211
305 14.770290 59.112348
306 37.758942 44.244051
307 64.218764 41.154305
308 74.643937 48.990589
309 83.242532 12.344591
310 74.272273 74.974999
311 6.102274 40.810117
312 43.108843 98.745517
313 60.516925 16.678105
314 28.252148 9.808792
315 66.815262 74.856970
316 8.523284 80.231882
317 99.011509 69.936302
318 30.429001 12.595720
319 31.775555 14.738734
320 90.736528 24.758179
321 4.195669 66.143091
322 60.735588 23.796466
323 48.756591 60.044539
324 0.165971 79.696600
325 10.717707 93.385635
326 54.891526 35.004189
327 78.711029 76.938439
328 14.055882 66.837808
329 50.262016 11.414013
330 86.927587 12.232826
331 98.162740 71.992915
332 3.798012 73.348212
333 81.768251 73.527583
334 77.210789 38.592122
335 89.212880 18.095436
336 77.393338 37.737142
337 36.546278 55.188168
338 16.410988 52.615818
339 34.378202 56.279524
340 68.238618 4.129458
341 83.886954 48.848348
342 22.631163 48.227916
343 6.215376 83.753662
344 14.235640 18.631938
345 11.164076 34.443869
346 4.527359 3.165363
347 84.585455 37.991418
348 28.733725 77.670847
349 81.564544 60.732606
350 48.563044 7.071154
351 42.103294 19.028088
352 21.703579 30.182813
353 42.919868 19.060267
354 66.503016 57.378329
355 35.810463 39.683190
356 16.299728 53.895484
357 93.712437 42.134371
358 50.665396 47.636388
359 1.184835 97.936143
360 52.131598 37.204414
361 62.202609 59.242663
362 77.401594 19.658682
363 59.381872 48.761663
364 22.678607 37.780564
365 88.707969 86.843306
366 71.377458 27.675502
367 86.495647 7.074091
368 6.042895 62.589761
369 75.553099 7.216915
370 55.806834 89.928638
371 59.704413 48.992400
372 5.292977 81.925654
373 30.404293 7.023170
374 90.490208 96.298195
375 75.566573 26.767519
376 25.830010 52.901062
377 34.773325 27.824088
378 72.728323 41.137258
379 10.474793 60.650231
380 43.196646 68.394012
381 70.113490 72.113843
382 49.961693 77.019633
383 63.139587 19.550914
384 60.523310 12.170940
385 88.847382 13.937946
386 26.150730 74.702977
387 87.834888 67.614337
388 4.326803 63.024015
389 19.440307 14.893361
390 23.360122 28.992930
391 66.017856 26.109729
392 8.950327 40.719062
393 75.298059 84.605082
394 78.593196 51.754361
395 2.950166 12.445357
396 64.028141 1.985758
397 9.838280 12.477500
398 78.732350 88.388488
399 88.462335 35.619434
400 17.210916 82.389514
LOCATIONS
1 63.033276 80.527460
2 77.571501 20.712625
3 94.542511 60.092504
4 44.526733 84.983272
5 23.192340 85.473536
6 9.048838 41.317344
7 41.119371 81.683723
8 98.725101 21.803635
9 61.913808 82.480972
10 26.915623 91.595635
11 71.411937 67.499032
12 45.590478 26.960601
13 1.289726 96.063291
14 65.153976 82.091663
15 35.834435 69.967883
16 94.516177 60.707151
17 64.065174 85.835099
18 14.945531 30.665102
19 70.174519 52.671185
20 61.605330 29.287840
21 42.449273 3.459785
22 76.301732 31.105812
23 85.828836 87.996068
24 61.660134 21.064703
25 23.889056 78.986229
26 10.130337 3.280958
27 99.890388 15.111742
28 42.780318 62.523301
29 64.079865 93.851392
30 64.737450 8.060903
31 52.282710 88.437606
32 40.653399 48.948183
33 24.466627 15.249336
34 32.954484 66.441747
35 99.129217 13.223135
36 45.673339 99.547553
37 51.292038 12.788212
38 26.956418 52.259576
39 43.155860 73.887734
40 93.219352 3.882017
41 13.384104 70.191297
42 6.494369 6.184865
43 26.268252 8.364496
44 12.296798 36.556956
45 58.019221 29.783429
46 29.895334 97.262564
47 95.412791 85.836293
48 75.494962 16.338821
49 9.672776 94.277673
50 97.387590 68.988199
51 30.254266 74.106662
52 8.829071 20.854790
53 35.507750 94.097267
54 19.327020 54.944004
55 8.992078 39.636739
56 15.318057 39.712322
57 26.414083 19.574215
58 98.224924 24.077115
59 54.432068 99.086602
60 63.488359 94.658023
61 42.161725 64.255419
62 19.006467 31.282041
63 20.587614 48.873704
64 29.924847 14.501593
65 71.324683 54.680970
66 1.946731 16.257421
67 14.687446 47.878729
68 94.607306 63.579887
69 6.869963 82.120761
70 20.224143 90.515796
71 11.498823 11.232037
72 26.178182 34.259490
73 46.486601 23.299348
74 23.910260 25.466538
75 97.148281 20.059323
76 28.881521 74.908543
77 67.343458 22.785540
78 65.667826 46.466916
79 85.036114 20.928761
80 64.042151 22.021878
81 57.352361 42.250911
82 98.740558 63.528423
83 98.766899 35.874869
84 6.814213 11.893741
85 10.534356 45.417846
86 38.100552 87.539138
87 50.310608 41.567900
88 4.355730 19.463774
89 19.820604 51.385377
90 56.371299 6.342782
91 9.380170 97.247104
92 90.559149 60.787852
93 67.286832 41.277443
94 85.960512 97.277020
95 91.566996 24.713671
96 21.431445 14.018751
97 79.774845 98.917717
98 40.285828 89.775816
99 69.654087 35.002612
100 0.874870 82.079539
101 38.298524 15.824483
102 29.341326 7.670586
103 64.324105 55.438208
104 60.270375 97.433490
105 94.781051 53.707446
106 36.513940 98.837905
107 70.906547 15.309259
108 51.188792 6.775581
109 57.985067 97.384398
110 93.907029 37.979426
111 38.009759 66.888438
112 83.257458 95.844972
113 86.771617 18.609546
114 46.541543 42.663027
115 12.106617 13.731748
116 78.820998 61.141148
117 21.880808 76.277837
118 22.838741 45.190296
119 51.205357 73.258192
120 71.859682 25.137197
121 15.593135 95.024625
122 63.132121 76.785996
123 56.078249 55.913194
124 62.881967 67.819572
125 50.713223 10.931009
126 82.311274 66.604216
127 26.470793 44.829807
128 8.239362 71.393353
129 77.501686 69.278788
130 46.638991 5.432834
131 34.660024 28.003314
132 30.458532 61.269981
133 64.373101 40.365476
134 35.034485 8.551199
135 63.786855 17.462132
136 19.219455 11.928959
137 2.572715 89.131735
138 15.135762 43.743201
139 70.393809 15.803169
140 26.096818 54.043410
141 7.218647 78.648645
142 21.671471 53.516020
143 95.018636 35.711586
144 26.409058 20.628747
145 92.900614 68.094584
146 44.778756 40.972995
147 87.144294 72.265779
148 4.565669 7.874299
149 63.159411 54.397846
150 67.333241 11.953373
151 79.947894 90.742932
152 70.614868 84.269677
153 48.777026 53.655727
154 22.583224 6.433115
155 7.189817 92.519088
156 40.768404 72.275680
157 97.910426 4.020914
158 20.460044 21.229227
159 51.625916 16.498970
160 86.613869 84.854724
161 85.639873 53.318208
162 11.068558 97.307881
163 6.626233 9.661093
164 96.436626 43.849851
165 86.694459 93.413454
166 15.249920 42.623087
167 97.665473 95.582965
168 45.544749 40.493690
169 52.264898 39.356080
170 73.215278 17.706470
171 52.679798 4.341185
172 8.737111 41.156883
173 35.120766 42.621821
174 57.286748 51.863390
175 10.758532 21.038094
176 56.845993 51.856287
177 50.916397 98.258848
178 22.998963 6.992867
179 96.663926 7.097951
180 83.096164 81.398406
181 94.187076 37.097730
182 92.789767 38.709813
183 52.907735 85.183263
184 19.446803 36.788629
185 29.529882 81.581067
186 22.288650 55.690572
187 91.458919 94.305115
188 51.362416 13.256272
189 3.038530 77.313560
190 98.415775 29.468685
191 30.516486 27.433748
192 39.895611 67.972064
193 1.011111 91.894648
194 38.659224 81.060940
195 79.986555 87.962791
196 50.954818 39.750322
197 35.213775 35.069645
198 49.852093 83.653275
199 55.936229 52.535465
200 13.621837 31.246131
201 98.687478 78.137605
202 12.811434 66.987805
203 70.836125 47.354917
204 48.439486 7.651665
205 98.543781 74.764717
206 49.821696 35.853225
207 54.899468 29.110219
208 74.372211 89.820685
209 77.441544 26.541656
210 47.233776 89.331326
211 8.298017 77.274209
212 17.702963 14.648393
213 50.452377 78.114173
214 21.429012 98.466354
215 5.367164 22.283275
216 21.645297 12.920756
217 69.482067 83.598967
218 9.402540 20.790628
219 24.416228 81.681090
220 17.218070 8.943569
221 1.412637 9.305499
222 99.655376 62.579458
223 18.531013 42.971688
224 83.516221 53.042916
225 98.791569 6.274232
226 16.505094 5.988066
227 95.528216 68.752539
228 55.068095 21.863787
229 68.516641 29.703791
230 82.782813 50.380203
231 78.004403 9.633029
232 54.746134 69.133912
233 87.203336 43.931454
234 9.943343 99.365539
235 8.217625 19.575306
236 49.861897 56.484326
237 80.359040 33.193384
238 9.050490 17.260370
239 23.183332 24.636087
240 93.441869 18.737420
241 14.405252 44.224617
242 33.171217 0.719110
243 24.492175 94.110718
244 29.437176 67.805124
245 43.006911 37.233332
246 38.363111 17.445915
247 14.713618 46.402214
248 9.545211 10.383002
249 21.113880 12.761155
250 25.758831 88.019831
251 33.996914 5.211484
252 7.529490 85.952883
253 66.916545 20.880420
254 36.934863 23.796158
255 43.595060 50.301672
256 38.597909 72.368167
257 53.573714 15.682068
258 67.603502 37.670540
259 0.319363 43.958776
260 15.508841 8.210762
261 89.355344 73.899634
262 33.763654 96.405426
263 12.350563 74.046276
264 61.318365 49.457785
265 1.098542 72.080441
266 77.484433 56.450073
267 55.620567 28.380136
268 35.712348 66.080543
269 62.131933 16.286376
270 68.403616 80.438368
271 20.873548 46.645053
272 3.196752 36.607685
273 88.108662 44.633983
274 96.182342 10.865637
275 98.302585 11.299160
276 93.087811 16.480972
277 51.135563 14.431634
278 43.483269 42.808254
279 90.364280 18.335307
280 60.124789 16.469884
281 30.325051 43.277035
282 95.104583 17.418740
283 89.092999 82.747236
284 89.171024 53.431862
285 37.476574 93.341767
286 59.064935 92.599874
287 35.981737 7.000652
288 47.753323 18.126599
289 11.968820 93.794808
290 58.328108 80.873355
291 7.610154 78.041027
292 85.712591 20.816303
293 18.270941 19.443061
294 85.934807 97.994450
295 12.890189 5.029886
296 18.427364 5.454164
297 87.359980 37.598412
298 16.338136 99.576992
299 79.810037 91.602061
300 2.929136 48.376427
301 25.566873 61.372096
302 84.134672 3.431103
303 23.416548 29.971034
304 81.880982 15.432788
305 63.509591 13.350420
306 94.771643 46.173430
307 68.032980 61.421305
308 33.292757 86.491115
309 69.256712 60.840799
310 25.562785 61.213539
311 40.076184 7.663780
312 93.259304 74.915801
313 45.340064 38.813339
314 80.679717 36.464641
315 73.403689 97.130822
316 66.148166 43.858080
317 67.508804 45.506450
318 52.100830 9.715191
319 60.228445 8.614291
320 51.082920 48.736860
321 8.423706 86.247652
322 46.551148 80.979413
323 0.055739 69.012884
324 58.583199 56.121946
325 84.034265 69.269835
326 18.470945 27.309086
327 42.513020 25.067104
328 86.062995 71.678444
329 26.791960 37.719874
330 31.282577 38.587622
331 87.236511 65.391237
332 41.459277 31.689960
333 80.671817 27.256153
334 82.446061 67.141367
335 40.111382 48.078790
336 99.199643 59.254057
337 17.731693 8.260803
338 27.648202 7.141850
339 38.355024 2.263140
340 19.902182 9.628988
341 28.577972 50.672512
342 95.152893 76.881249
343 6.246390 70.154066
344 96.150210 90.991798
345 2.149471 79.260217
346 37.848990 25.269225
347 16.840400 39.438246
348 77.202181 87.294427
349 75.600975 42.432362
350 55.966419 29.693612
351 26.097560 22.765078
352 82.027645 79.693644
353 12.454484 87.204060
354 6.085006 55.790878
355 35.758062 5.496042
356 93.883920 36.952954
357 86.944633 81.893964
358 52.678923 72.826465
359 9.697136 15.644724
360 11.662900 3.704269
361 97.170871 14.708289
362 56.472718 5.761549
363 79.513886 69.383926
364 48.325007 90.896707
365 37.364665 57.506515
366 1.641292 78.782225
367 85.001514 42.315058
368 96.652761 57.035009
369 90.231302 17.895504
370 95.920940 39.343070
371 23.564114 47.094225
372 30.099237 59.328714
373 60.944313 37.185091
374 43.810586 66.724319
375 91.256922 46.794460
376 63.117195 14.925908
377 84.487214 91.142989
378 58.533175 34.492652
379 8.449934 99.355752
380 41.913328 68.831603
381 90.787068 13.339903
382 59.201495 54.265542
383 54.931000 96.632361
384 64.333819 90.830788
385 61.091541 49.893524
386 10.869336 60.324081
387 62.732276 36.431991
388 56.915002 59.715388
389 56.188741 30.740317
390 82.467926 47.604931
391 91.583910 98.360407
392 92.544106 87.671161
393 65.162580 96.389837
394 36.010801 21.300402
395 74.770780 23.749003
396 87.287577 40.375721
397 3.688856 36.790129
398 51.338558 84.558684
399 38.230036 69.817642
400 87.379454 2.861182
