800 800 5 COORD_PMED seed=20260742 source=pmed35
CUSTOMERS
1 37.536863 38.911107
2 19.424301 46.757191
3 33.680060 11.651185
4 13.648496 72.008479
5 66.548477 11.821395
6 89.952954 53.463539
7 55.833754 92.481952
8 89.830546 43.175828
9 39.611143 74.483711
10 13.207023 58.925554
11 60.404621 19.575197
12 24.065615 6.979606
13 90.962180 1.960030
14 65.948282 5.213276
15 83.296963 57.608127
16 8.324306 25.769207
17 37.810420 48.973500
18 69.609495 73.634853
19 40.991678 38.449536
20 7.292214 64.637289
21 44.959471 77.323448
22 47.761143 98.823720
23 55.456101 22.235981
24 67.912268 83.256361
25 27.051165 18.745110
26 58.495100 88.864098
27 62.703378 36.918222
28 33.219301 22.839028
29 37.541214 30.503384
30 66.567988 26.031365
31 62.143262 68.473881
32 22.715978 63.617379
33 45.158382 61.596451
34 70.834135 80.396633
35 69.492410 13.404785
36 49.066971 9.338510
37 72.391101 72.040708
38 99.232471 73.847776
39 95.132479 68.845005
40 40.830940 63.776110
41 56.358222 18.296379
42 97.346302 56.734416
43 78.386784 24.976846
44 40.041931 3.211462
45 43.877770 41.801432
46 34.579294 18.850556
47 83.431245 68.324187
48 33.736749 39.367368
49 76.316426 6.358693
50 59.189332 31.098988
51 85.417725 73.930559
52 48.530195 31.752278
53 4.641241 96.667204
54 45.224954 6.502904
55 48.121206 33.713842
56 0.492895 27.214966
57 9.370231 84.396914
58 99.210224 81.351818
59 61.800958 25.963394
60 15.024935 10.967138
61 51.487232 27.598288
62 31.742128 57.916407
63 98.309285 23.510608
64 51.767350 61.227360
65 55.849497 6.184889
66 64.027459 17.744803
67 28.409229 89.206639
68 20.613637 34.022560
69 64.774445 91.119864
70 60.279469 79.426438
71 17.200243 73.889327
72 70.512145 27.941381
73 86.079367 4.452190
74 46.103555 58.500842
75 57.636423 1.448827
76 58.606356 20.869240
77 31.970486 51.470431
78 81.217501 20.898508
79 1.001992 80.652713
80 25.400291 25.379369
81 84.172744 91.728848
82 25.985976 1.324893
83 83.964156 73.448323
84 38.986323 24.389486
85 55.167609 52.433201
86 9.810332 90.055615
87 34.452552 85.716992
88 70.898169 78.764492
89 43.541165 87.950822
90 34.769421 60.043003
91 80.189812 51.069817
92 13.503333 11.840217
93 36.246972 29.051472
94 2.908251 21.941478
95 8.851366 51.905926
96 22.898594 52.752525
97 72.681376 99.204671
98 47.502690 1.750461
99 87.650783 24.916494
100 67.984450 48.362797
101 48.088867 42.775867
102 66.105480 39.407575
103 50.491370 43.040443
104 74.946881 46.275027
105 80.025485 52.718065
106 91.952854 47.591363
107 28.369618 19.116484
108 15.507878 70.460738
109 57.958768 87.172857
110 83.467826 90.812479
111 96.225814 91.494603
112 20.486171 41.701276
113 44.754997 29.790293
114 34.719655 56.198875
115 71.651798 39.770208
116 38.435139 56.764888
117 86.017419 91.111254
118 89.615178 0.207116
119 18.294727 34.239749
120 3.068986 88.140667
121 92.925140 85.097235
122 55.831547 83.664834
123 8.850313 56.577894
124 30.510350 88.187856
125 15.500636 21.811148
126 85.850021 62.121666
127 45.659175 28.048896
128 99.564400 20.883424
129 13.910973 45.027105
130 62.485868 47.974154
131 14.450724 39.221964
132 30.520633 88.414294
133 38.909288 65.105383
134 1.890155 49.562668
135 56.309243 62.605205
136 1.703242 42.869315
137 10.505503 29.475492
138 50.540507 28.931179
139 69.860513 24.870958
140 33.941735 27.740648
141 81.667792 91.310471
142 2.413496 44.474089
143 58.636991 94.935407
144 47.875706 84.700475
145 74.085968 39.586331
146 17.330405 87.525402
147 32.007001 81.519446
148 25.328937 87.653374
149 82.907926 25.458822
150 53.146504 31.299327
151 87.939769 53.710953
152 28.804028 65.613201
153 79.840848 37.290327
154 35.724422 93.482163
155 49.167121 56.259834
156 86.755095 75.465094
157 85.608455 80.030178
158 40.044032 29.179926
159 74.964558 43.010168
160 78.659975 30.781546
161 86.686476 25.285423
162 40.534337 27.568130
163 82.630738 76.534500
164 98.351659 20.724655
165 81.097426 56.447619
166 42.053989 30.795028
167 67.364017 86.256599
168 67.210769 44.999695
169 61.023579 11.430104
170 37.033606 10.011808
171 37.926316 95.093680
172 66.670078 37.427834
173 54.248122 13.806255
174 22.821970 81.656418
175 17.005640 9.401069
176 43.885713 95.552206
177 46.944092 74.630563
178 86.136883 78.907769
179 65.651231 32.737176
180 91.648836 62.750099
181 34.643803 79.233146
182 63.648450 75.730608
183 76.586931 37.923981
184 24.696919 48.744419
185 44.445988 47.686045
186 48.549596 57.599895
187 86.365658 97.597327
188 18.543077 99.875584
189 30.714089 45.225048
190 30.503308 41.292686
191 14.990336 41.978833
192 55.913876 53.716546
193 5.421437 25.306544
194 4.179781 27.569805
195 96.101477 69.893373
196 6.892578 19.899367
197 99.454970 28.689278
198 78.390384 96.156300
199 69.840105 64.424605
200 68.290082 48.242615
201 40.249838 54.406628
202 73.562002 6.047101
203 24.817754 3.466578
204 2.123274 69.970466
205 96.606235 88.748510
206 97.598079 4.127089
207 31.082605 66.267940
208 18.053439 16.977907
209 2.560722 62.668716
210 74.756634 61.989703
211 31.258312 4.410393
212 51.606228 33.193540
213 31.600110 36.971106
214 14.664014 29.156220
215 35.285422 16.350724
216 4.432676 65.340738
217 41.308399 61.656895
218 13.337133 37.461646
219 83.807930 64.806448
220 95.610676 48.915323
221 24.230726 93.749025
222 69.861513 26.960766
223 4.052808 52.437795
224 18.865217 43.873780
225 20.496595 43.994918
226 9.267176 12.340087
227 15.653141 19.191703
228 85.443326 38.516844
229 91.341961 82.820264
230 16.264056 82.869375
231 64.037582 31.530467
232 26.474063 20.714360
233 64.189365 53.810027
234 27.104027 50.915030
235 62.977378 6.247834
236 68.561415 47.011493
237 79.085297 67.975021
238 86.455134 28.987281
239 6.698532 13.256613
240 87.416782 12.168683
241 72.006018 94.232314
242 68.950833 56.184990
243 66.698509 61.084146
244 33.453156 19.183961
245 98.730603 93.364776
246 29.504361 78.625263
247 4.303966 6.390586
248 25.695615 9.348901
249 30.288366 95.424354
250 94.078207 97.485586
251 37.396623 14.075819
252 21.625635 59.476032
253 54.522274 47.508907
254 17.561339 21.961523
255 15.881378 91.182721
256 34.308547 1.067076
257 61.440430 29.004532
258 57.994739 63.470716
259 99.169812 17.197116
260 83.919431 78.209424
261 42.563516 26.014136
262 20.892933 86.282028
263 94.557774 22.154944
264 95.735552 31.707116
265 11.735874 68.171320
266 22.555175 51.426305
267 52.839268 32.291247
268 96.856490 23.758954
269 90.822485 72.761987
270 83.133245 73.764741
271 40.500873 83.864848
272 52.703350 88.415129
273 6.791937 42.842291
274 40.624415 49.916242
275 66.917252 1.625259
276 83.195496 37.293017
277 98.048303 53.373969
278 33.594888 29.198001
279 8.236510 20.501337
280 96.025317 52.163821
281 96.751097 96.376976
282 76.596521 28.204941
283 53.756347 83.860729
284 28.379818 85.382228
285 7.567988 11.892346
286 38.972341 27.818603
287 70.784333 40.697151
288 2.417698 51.781529
289 42.128840 16.980952
290 55.432813 31.676894
291 73.016200 62.147891
292 14.031015 67.560763
293 78.658788 72.943574
294 0.080197 90.782703
295 80.842545 85.663647
296 86.916052 66.682016
297 26.689867 38.036667
298 14.159768 25.863600
299 63.981375 26.241484
300 64.062277 32.130300
301 52.559218 34.431560
302 6.291048 10.948314
303 19.673441 65.972835
304 95.554093 64.440020
305 50.780792 74.526153
306 76.965006 16.453439
307 12.576346 84.984368
308 33.673471 98.354874
309 12.649181 88.285361
310 50.774155 64.621390
311 24.131169 26.415397
312 67.296886 77.241344
313 8.679285 34.166905
314 94.006016 63.635482
315 59.177063 81.481540
316 70.939886 16.777089
317 94.307528 44.609031
318 82.937155 4.962529
319 94.935240 73.943563
320 58.086659 6.388409
321 58.409073 40.774638
322 68.763826 58.449502
323 63.945356 84.407266
324 88.383539 5.476006
325 13.710529 98.662682
326 41.916710 61.066082
327 13.264739 94.097913
328 59.447321 27.716043
329 55.863080 98.606506
330 15.686089 91.074673
331 47.609103 92.321206
332 48.379122 96.664314
333 69.638308 74.813178
334 25.335526 97.813166
335 50.280735 74.395400
336 82.719079 1.442353
337 27.736493 25.880835
338 52.939327 65.297825
339 34.416899 85.419884
340 46.757508 74.577065
341 47.731873 83.202484
342 77.189482 2.100339
343 60.409255 85.137879
344 85.791567 85.314343
345 62.728517 86.251122
346 18.963620 77.693711
347 70.472849 5.674770
348 97.477930 30.740230
349 5.034843 9.654928
350 51.928950 52.229099
351 6.597765 93.232014
352 14.343389 99.994944
353 6.869717 65.340858
354 26.930041 21.401269
355 75.978430 64.727388
356 22.448678 9.128719
357 94.874531 93.589535
358 22.886374 49.464951
359 43.243892 44.816648
360 46.734379 33.388625
361 51.587728 3.637965
362 42.028807 88.858226
363 99.523295 70.421111
364 62.507474 79.292066
365 23.798095 54.478566
366 36.238341 2.807852
367 69.687087 51.958605
368 76.875234 10.011597
369 53.524477 80.413912
370 56.828699 20.935442
371 44.131791 27.688916
372 45.164284 86.564436
373 99.368710 67.984502
374 77.446452 55.918121
375 68.635614 80.630247
376 84.220368 16.412971
377 40.194667 50.790950
378 14.348689 25.871873
379 53.894208 78.056326
380 58.706964 81.426032
381 37.452577 7.007288
382 9.045419 8.252787
383 35.335024 64.651243
384 65.656071 5.544758
385 78.969640 28.235309
386 88.552381 4.829190
387 70.549053 54.745026
388 5.516354 34.926277
389 55.835988 6.476631
390 80.767816 70.883702
391 37.262180 11.754444
392 90.703545 40.367072
393 29.480154 28.864097
394 12.768110 44.987871
395 58.128793 4.476859
396 69.458644 75.394316
397 28.736348 87.073171
398 31.959620 72.462218
399 73.074961 57.398843
400 9.126092 66.005565
401 25.738642 77.584936
402 2.054704 61.761706
403 19.731118 98.030218
404 10.757369 90.308895
405 58.122630 15.255299
406 77.469984 13.578845
407 86.521993 83.754735
408 68.609568 90.979643
409 86.306269 98.030553
410 24.117803 56.263245
411 69.582816 5.984809
412 99.409529 83.730198
413 68.324395 70.609637
414 23.205164 54.431514
415 6.901115 84.948457
416 82.586345 49.284091
417 69.612373 47.492028
418 61.157982 77.530912
419 16.682561 51.414577
420 51.997472 96.139913
421 40.272309 57.517413
422 27.645235 71.190019
423 91.215625 67.772931
424 87.839615 18.946792
425 83.182039 15.462336
426 65.978516 82.471630
427 41.593010 61.526449
428 81.889596 7.554921
429 85.525588 78.319435
430 31.348738 55.868687
431 63.454472 8.723886
432 16.954953 53.968082
433 53.012826 71.216244
434 44.026750 61.617522
435 5.289406 46.746815
436 58.104764 7.232346
437 84.688760 53.559063
438 32.846495 90.811493
439 43.695406 98.230444
440 50.142074 46.960227
441 66.909993 90.086806
442 10.577981 63.529841
443 20.947403 18.723428
444 11.553958 48.072012
445 23.358628 91.834986
446 33.370353 42.570438
447 83.365922 78.528609
448 20.718396 53.570689
449 14.065800 22.007684
450 75.139122 98.691504
451 14.483803 16.247435
452 31.611860 77.551158
453 44.256535 54.266040
454 56.510531 94.994339
455 45.333278 35.787890
456 93.254189 78.694055
457 38.171534 6.697913
458 53.589177 19.803215
459 7.421559 90.246064
460 24.913092 22.940978
461 35.561582 49.079292
462 22.253293 90.189454
463 51.390987 59.867719
464 98.776754 44.150822
465 8.933766 87.731875
466 79.687738 49.787875
467 26.715773 25.632327
468 30.314560 82.382127
469 54.804293 79.557490
470 19.223918 20.730128
471 38.360424 67.083912
472 84.376625 16.541558
473 46.411299 91.813764
474 48.588660 65.925163
475 1.036870 83.523471
476 27.158516 98.545150
477 71.972076 50.171459
478 66.503019 79.421626
479 6.151931 99.394264
480 70.559069 50.456870
481 22.783733 78.302649
482 98.637495 5.596447
483 97.366714 89.407160
484 42.159567 95.458288
485 9.638192 74.009774
486 54.089782 18.771381
487 83.676254 94.762313
488 32.035539 53.140331
489 74.652416 36.084686
490 57.659415 63.669707
491 62.147398 12.998035
492 30.252626 18.900258
493 22.224553 60.214799
494 42.202378 79.072657
495 85.479416 1.979486
496 98.602217 21.091303
497 92.209966 40.076007
498 56.100104 19.958679
499 78.253160 85.574567
500 72.908017 81.206790
501 69.733987 8.317641
502 78.945685 59.829307
503 15.391620 35.065311
504 2.760463 61.982721
505 14.746480 90.593696
506 12.773383 32.856923
507 45.761963 51.179252
508 55.472784 62.770052
509 53.078036 38.320414
510 80.723263 99.289441
511 43.603384 99.406098
512 53.080129 35.715282
513 16.670891 53.801948
514 32.149135 42.793185
515 74.383504 17.230180
516 57.713407 36.427376
517 65.076586 90.451405
518 9.692108 67.183611
519 17.642455 90.007845
520 50.769460 67.317753
521 60.210254 12.509536
522 80.521013 17.659104
523 28.707715 35.233621
524 26.324723 28.688016
525 29.099542 65.268505
526 59.024591 16.227779
527 54.594083 21.363612
528 6.673683 14.878255
529 29.038947 39.095439
530 67.890668 10.746923
531 70.799070 8.201326
532 63.135072 1.497649
533 85.487520 65.894857
534 30.823004 73.298866
535 25.965293 69.606087
536 79.771904 45.476214
537 68.921758 8.593257
538 42.333794 96.296956
539 50.412012 16.425742
540 67.045733 14.583209
541 8.091033 97.022284
542 18.366967 73.892177
543 32.436606 14.036139
544 88.098160 56.748698
545 11.578729 27.486269
546 29.209153 91.629529
547 17.095218 12.960900
548 17.976868 7.273858
549 87.537515 31.537202
550 11.513697 65.063991
551 14.541160 39.038247
552 0.795696 19.333835
553 82.514722 67.854126
554 16.287419 51.437155
555 92.238030 1.914229
556 98.310376 40.360374
557 26.319437 64.914796
558 31.705533 84.428577
559 47.879430 24.895358
560 65.858057 36.816390
561 82.919698 20.925548
562 42.167650 86.459751
563 47.043672 16.059329
564 3.433624 16.466016
565 86.243543 88.891814
566 48.004467 97.957733
567 70.072772 15.754867
568 5.546337 13.434827
569 85.937129 51.340176
570 67.352633 59.697031
571 88.229230 89.615196
572 27.488289 71.588128
573 60.815957 16.003160
574 19.387423 69.797283
575 53.349128 70.198957
576 78.160724 4.180109
577 29.727053 69.074949
578 36.215594 58.640725
579 21.381062 6.365815
580 87.017412 34.772004
581 78.345934 30.070489
582 5.865596 90.236207
583 94.713878 46.724244
584 68.853218 91.113693
585 17.207174 95.766392
586 71.362718 81.809248
587 43.022876 22.620398
588 69.677619 48.681968
589 52.966545 58.554120
590 80.127404 58.222917
591 97.786627 70.693115
592 85.133020 43.020812
593 23.015649 42.119073
594 40.662087 14.465556
595 27.648413 74.422422
596 41.744586 71.265456
597 9.099399 19.402015
598 5.483484 66.695928
599 17.000935 81.140558
600 32.689884 59.890614
601 64.311644 69.162197
602 85.124178 33.867908
603 23.501883 30.007938
604 13.300099 0.733004
605 75.234645 44.978240
606 23.737666 28.119928
607 46.468759 32.887829
608 17.706091 36.501559
609 39.559374 37.395422
610 1.836190 77.753997
611 80.966784 20.253404
612 20.456592 30.553960
613 27.940120 37.159975
614 84.481759 85.662612
615 97.609837 96.892625
616 79.277791 73.722968
617 31.836541 88.551131
618 60.247230 65.419726
619 42.663983 98.851799
620 17.612387 24.906896
621 75.187208 96.672743
622 7.928174 58.197934
623 15.575120 20.665409
624 15.979480 66.741698
625 40.580457 89.678955
626 61.118515 25.464899
627 35.184720 74.515418
628 81.144844 32.717990
629 14.539080 45.453782
630 35.120196 71.972101
631 68.666864 80.915877
632 63.246564 63.995283
633 13.278027 43.308982
634 86.554463 2.009225
635 51.622461 14.866918
636 46.394239 14.343983
637 48.931669 46.927425
638 16.694587 87.175457
639 75.984682 75.718495
640 43.461184 32.223028
641 35.640262 55.598968
642 35.936637 41.362225
643 56.271076 3.834994
644 46.494123 4.867680
645 2.944901 86.131468
646 30.211010 71.831715
647 15.888236 65.838584
648 20.249338 10.795298
649 10.362890 83.414905
650 89.447941 90.169250
651 56.672122 13.224372
652 15.409013 56.980350
653 30.099000 82.656021
654 77.778111 93.786795
655 34.724845 89.539054
656 15.512037 94.313315
657 51.520399 40.422503
658 22.340735 96.827880
659 75.620456 92.459045
660 45.323958 83.442746
661 83.466236 25.612315
662 19.761466 25.819447
663 59.136422 24.183823
664 92.772989 98.880925
665 76.481344 99.119918
666 71.956046 68.563106
667 82.848494 82.642092
668 83.796297 24.453098
669 62.777442 24.950359
670 94.873299 10.017009
671 49.039834 80.422772
672 14.337231 18.500048
673 39.946302 87.360476
674 87.738117 64.100981
675 1.434515 6.220329
676 11.113473 97.294486
677 12.446835 27.283975
678 86.718852 49.490255
679 53.228523 4.306942
680 47.331207 29.576426
681 55.298440 97.441091
682 67.580870 25.524840
683 3.033675 58.125372
684 65.340300 99.646686
685 39.302620 21.043676
686 45.813527 94.080774
687 44.825564 82.197394
688 42.895074 25.620556
689 91.623861 48.070512
690 96.638561 34.034234
691 90.740626 53.254239
692 72.426244 5.181092
693 55.315050 16.170945
694 87.412614 46.208182
695 22.572496 45.373341
696 65.906572 66.364797
697 12.729184 98.994988
698 23.799315 58.617419
699 86.614363 86.382340
700 38.444727 10.791054
701 50.434655 63.414510
702 92.311876 55.420559
703 80.308266 33.985427
704 84.820217 24.293532
705 63.423149 37.454640
706 85.299907 77.715582
707 23.126306 94.947259
708 64.228923 1.085410
709 80.810818 92.275647
710 80.614781 46.763907
711 79.383852 3.323393
712 85.305944 57.419675
713 41.630049 74.984552
714 44.830886 76.690503
715 33.872642 90.214654
716 1.719090 52.135617
717 5.342722 53.050401
718 48.550636 82.015300
719 70.916958 25.023324
720 56.801687 66.475049
721 73.335210 94.849452
722 32.190123 39.452766
723 30.889494 47.491537
724 75.462097 91.578197
725 94.632009 15.041157
726 13.393900 33.764102
727 34.121812 58.681246
728 67.272132 87.247640
729 6.238138 38.305430
730 9.748961 8.037050
731 43.786862 15.852963
732 59.286486 12.646030
733 56.430770 35.190607
734 47.389218 79.033096
735 47.388310 75.611154
736 34.745495 1.120879
737 30.728238 55.709640
738 96.746309 93.219623
739 51.247091 72.304845
740 66.229009 79.877604
741 6.924477 54.858992
742 21.203740 11.257162
743 45.116835 7.180661
744 87.096091 52.031720
745 14.805062 86.394300
746 12.128668 53.284983
747 81.970042 20.117614
748 17.765025 47.976357
749 88.204221 62.240732
750 83.158146 3.839565
751 75.936351 98.327650
752 26.863563 95.792574
753 30.263465 66.422390
754 48.175948 26.071047
755 96.855898 22.928183
756 91.245061 30.281059
757 56.204279 4.383117
758 32.648022 19.830021
759 62.845183 29.365172
760 4.184473 19.840257
761 55.610442 99.319660
762 67.420817 3.646019
763 67.922858 96.480216
764 10.906991 8.465952
765 95.407066 52.043401
766 81.858284 83.904483
767 42.836289 35.772131
768 23.265590 85.587155
769 39.497057 36.980379
770 72.296761 45.335225
771 9.614021 27.570715
772 67.063794 87.837488
773 42.155392 10.608618
774 39.568448 32.871454
775 42.887340 96.551449
776 61.512164 28.945848
777 89.021828 55.302283
778 6.551753 49.394222
779 90.992245 21.255166
780 91.522593 40.638900
781 33.194490 34.026601
782 32.860395 32.277778
783 52.921797 96.729165
784 46.841193 37.089864
785 84.999258 23.827169
786 47.819262 46.650811
787 38.064302 42.777711
788 27.305948 82.409072
789 25.466938 58.912540
790 12.858156 18.816910
791 78.169622 44.831607
792 11.760548 56.511681
793 73.257269 27.072059
794 45.385000 51.347545
795 14.980194 18.899669
796 10.048827 67.087220
797 98.537461 14.323836
798 40.018585 32.557450
799 43.142976 89.708762
800 94.564895 41.123519
LOCATIONS
1 76.630387 20.600973
2 55.803621 82.115530
3 52.200827 63.100988
4 15.030611 56.543461
5 79.141594 9.507468
6 46.271001 60.134743
7 46.523427 89.072083
8 39.288300 28.348093
9 38.947400 53.590724
10 99.160436 66.468712
11 65.078154 10.147028
12 4.327097 76.803530
13 55.240750 95.664503
14 83.053261 16.141766
15 26.845466 60.395592
16 12.316721 64.532862
17 44.186247 0.787178
18 55.267271 94.391264
19 74.287577 97.601826
20 77.880936 84.082699
21 15.398684 66.577424
22 89.195521 70.219175
23 71.821414 25.840368
24 63.359604 30.274157
25 14.538508 58.822286
26 57.776985 58.195699
27 35.802314 75.655187
28 28.389455 56.398032
29 80.942156 34.339360
30 60.543103 87.761080
31 32.257872 97.705484
32 67.659460 62.568095
33 16.471161 10.251111
34 40.672587 84.552416
35 42.249746 98.238946
36 54.945015 22.839812
37 95.843104 31.938761
38 17.452277 2.299257
39 12.269883 41.924512
40 22.569051 12.576630
41 91.244814 37.544952
42 52.003219 57.079653
43 73.611838 5.635466
44 64.537124 96.873594
45 39.637051 38.291572
46 48.773071 73.895447
47 71.377918 95.483191
48 39.980113 4.317597
49 44.516082 71.572296
50 42.654227 91.716332
51 76.268680 71.084490
52 84.813970 83.201195
53 35.841964 30.352573
54 97.084622 84.128705
55 7.938678 34.259418
56 88.290314 80.620868
57 97.648311 62.859203
58 60.594627 57.225708
59 81.654006 78.996768
60 54.073705 63.047945
61 41.726813 40.482748
62 61.383384 7.270145
63 88.517418 77.214617
64 79.155506 84.461597
65 92.828718 44.671748
66 58.588753 45.046155
67 33.875793 16.270267
68 65.859086 60.323400
69 18.425144 6.741884
70 69.753742 63.206251
71 92.686718 24.503004
72 98.331097 50.101366
73 6.993081 6.735988
74 44.484728 69.667658
75 24.056518 65.816762
76 10.555609 47.970110
77 15.701625 72.846541
78 29.112777 21.196314
79 99.341040 41.844480
80 3.385435 49.532502
81 51.962133 37.655289
82 13.238939 19.877539
83 29.536302 17.862937
84 68.522895 89.177873
85 8.161264 50.702472
86 2.887915 31.106698
87 70.382218 62.994313
88 58.258954 0.282293
89 64.092328 70.285545
90 81.240682 3.620009
91 49.151957 98.917509
92 16.105501 83.350790
93 32.474394 3.675242
94 61.455507 59.462099
95 43.530509 83.504691
96 68.429174 11.765467
97 49.816550 52.229907
98 71.458250 9.112098
99 3.536833 67.673182
100 25.289666 19.908324
101 4.661629 50.741581
102 37.625984 47.789483
103 27.850363 95.521078
104 62.074522 42.252564
105 48.503203 88.552990
106 81.570805 22.429869
107 52.665410 46.941663
108 18.200946 78.906366
109 67.406042 94.209707
110 66.359643 2.552090
111 18.628396 35.306492
112 7.694451 3.323572
113 15.608539 88.952953
114 62.266144 36.352307
115 87.413776 55.778715
116 33.778397 25.698975
117 50.173507 76.966291
118 25.781362 99.289805
119 60.434681 65.188519
120 20.802498 14.571207
121 80.990372 37.127508
122 8.609483 73.310829
123 24.189409 9.544734
124 70.681134 43.893890
125 47.598196 29.185682
126 17.188475 42.081978
127 53.276535 94.284162
128 76.053728 5.518213
129 27.081387 85.409016
130 57.039648 6.496289
131 11.773473 43.176313
132 65.637573 68.571388
133 38.063712 2.707382
134 36.511991 20.548456
135 56.878880 56.095729
136 78.621122 8.995045
137 6.208860 10.312773
138 51.952671 92.735531
139 30.691840 28.746462
140 65.689349 95.267996
141 34.882212 78.572781
142 39.108072 5.819455
143 21.492242 26.066459
144 52.669037 10.688990
145 36.611705 53.162933
146 1.828206 38.325122
147 23.693449 48.928156
148 61.328676 40.093055
149 70.981181 12.901053
150 63.352416 1.398550
151 12.940654 0.490484
152 96.160931 26.950796
153 70.082977 94.712642
154 1.718063 77.123419
155 84.217865 54.492998
156 97.954394 12.434410
157 53.052060 82.790799
158 42.076172 71.290623
159 95.496100 11.595682
160 96.483073 33.722045
161 15.188224 10.248409
162 55.367595 11.444811
163 44.592034 72.468159
164 37.309204 58.094471
165 5.961711 62.891397
166 50.115132 70.751650
167 79.019012 53.495490
168 69.894197 5.344626
169 43.803200 64.441492
170 94.677998 72.880059
171 83.003650 76.050390
172 50.866591 94.928820
173 73.562775 31.986609
174 87.103438 60.574823
175 22.904349 52.265989
176 66.383031 17.440180
177 32.909982 34.327243
178 16.558153 46.124532
179 98.544225 64.723286
180 3.640161 53.442571
181 38.931239 72.807672
182 82.365392 21.388203
183 49.410987 38.781645
184 92.061343 44.488554
185 3.750104 97.962993
186 39.194902 56.200890
187 65.273925 61.565298
188 84.853535 77.943171
189 15.854141 10.614766
190 8.505263 30.020557
191 69.923591 67.955413
192 80.166332 53.396080
193 83.146252 95.948404
194 53.872691 25.008195
195 51.438732 79.711048
196 93.271347 0.337857
197 53.124421 54.196419
198 48.298682 93.180642
199 64.752403 42.972013
200 61.056960 3.711283
201 81.445301 23.548367
202 80.573722 6.852821
203 13.637303 49.076196
204 72.174205 42.908702
205 58.048875 36.811833
206 22.761633 14.681882
207 37.394241 71.721361
208 91.908527 34.915910
209 24.330144 22.692938
210 37.761523 44.565522
211 53.907077 65.327741
212 71.232334 68.520650
213 32.219936 1.041396
214 94.326765 50.136209
215 76.282018 32.321123
216 18.425931 66.962823
217 26.612278 5.339468
218 38.062778 74.158315
219 70.074009 31.235526
220 44.427859 71.857185
221 45.072325 13.433534
222 25.551428 6.619427
223 95.424386 1.657119
224 20.078611 80.529929
225 65.159181 21.148113
226 24.124281 46.281068
227 95.264320 49.029427
228 73.546235 14.331437
229 91.967712 49.987525
230 62.857135 65.060668
231 10.441684 24.210989
232 41.496990 82.789650
233 48.340453 10.474772
234 73.062049 27.655087
235 58.368074 60.337906
236 8.114468 14.618769
237 7.726516 33.458495
238 14.248938 75.699743
239 60.670640 26.242271
240 44.294943 41.666739
241 13.875344 27.226836
242 59.729814 89.370707
243 75.107855 89.672848
244 48.111151 44.476383
245 38.710229 97.549166
246 20.585807 85.196745
247 47.060619 57.245142
248 92.539815 77.970061
249 38.044304 22.339444
250 88.760762 29.204255
251 22.399402 7.289034
252 8.134833 21.002876
253 20.222955 64.469090
254 88.197862 39.274400
255 42.297346 12.786152
256 71.480602 66.173918
257 76.651114 60.303256
258 42.415634 57.927046
259 37.829142 63.866584
260 55.653473 14.671801
261 32.204989 17.836186
262 13.192692 30.051626
263 99.725924 99.244126
264 46.847867 97.993723
265 32.902705 17.939411
266 47.431607 86.623034
267 66.837282 11.493198
268 70.720211 49.277029
269 2.245387 64.305848
270 20.535993 69.779550
271 38.748236 94.544192
272 5.179257 28.879187
273 19.396230 8.406259
274 20.101658 51.355870
275 87.114903 43.700536
276 16.556490 34.479406
277 44.577143 35.503835
278 33.041178 50.982213
279 27.002501 7.403370
280 45.441743 48.559790
281 33.941227 38.552307
282 65.436016 39.377074
283 92.065200 9.025062
284 4.846222 85.185463
285 27.033411 56.560306
286 91.445920 38.651672
287 29.655101 64.615102
288 40.386292 46.310876
289 10.496632 84.756461
290 37.699373 25.881667
291 68.827385 47.744494
292 17.953444 3.527171
293 23.063084 14.266251
294 29.677968 76.914921
295 75.404190 87.189542
296 31.141948 6.190739
297 39.240122 44.831896
298 28.865931 81.880010
299 63.966662 99.336240
300 88.386867 61.836900
301 18.337874 55.581590
302 61.582139 59.450182
303 50.502626 47.837524
304 30.502360 92.100040
305 40.752853 71.559477
306 31.701459 54.822131
307 54.056842 63.452733
308 95.204777 78.023214
309 30.348758 70.330247
310 10.697348 56.752016
311 45.989158 50.495799
312 33.059840 95.527493
313 2.601575 65.162458
314 30.834872 92.783626
315 12.056834 56.653379
316 0.064530 20.528058
317 64.303275 32.928410
318 59.889889 37.702513
319 56.109872 72.353413
320 21.275239 98.542606
321 33.046176 58.029953
322 36.803960 49.990709
323 0.756407 3.097155
324 33.349348 23.745395
325 53.046808 75.378292
326 71.393239 50.962937
327 36.743241 88.569029
328 50.896624 44.999563
329 73.783822 66.218359
330 25.882568 13.355357
331 27.789468 58.923271
332 40.296299 61.740932
333 98.735242 38.545834
334 82.103247 81.395361
335 56.246661 73.018282
336 4.411122 71.326444
337 9.685053 6.367260
338 36.817048 58.012298
339 78.314780 62.586115
340 38.321445 14.168272
341 66.911527 7.127502
342 29.472525 47.125903
343 53.426997 85.799453
344 71.756491 53.323481
345 60.821197 55.631280
346 98.164854 56.267797
347 96.483533 18.428388
348 38.997384 83.437581
349 38.008310 6.926844
350 33.704682 92.654131
351 25.122706 94.249685
352 57.007222 33.430056
353 35.903040 16.696960
354 21.875795 25.917975
355 32.351187 44.005411
356 11.818431 81.211949
357 90.121640 34.458912
358 51.079771 30.558737
359 74.040183 14.903373
360 46.304004 54.168110
361 63.425991 95.280265
362 22.346935 31.230812
363 6.729256 18.187848
364 39.249420 60.002642
365 0.697825 53.507252
366 48.631853 57.542054
367 80.007441 91.179144
368 89.844925 72.301764
369 18.751172 54.642212
370 51.392189 45.646688
371 34.681198 87.664527
372 7.517550 21.957737
373 34.712018 95.970613
374 42.620725 39.166162
375 28.766822 69.402342
376 60.846555 78.901616
377 63.421209 79.530201
378 3.832382 28.341517
379 98.228526 33.258469
380 25.284237 1.560753
381 51.205174 3.294638
382 91.723920 81.810662
383 84.890638 43.907884
384 60.436441 94.263492
385 62.435820 7.912665
386 86.912859 83.394729
387 12.818283 34.718547
388 79.524047 48.828028
389 18.330197 43.075374
390 20.480697 82.726890
391 14.998292 20.553935
392 24.867525 16.927574
393 11.423854 54.340039
394 91.262658 10.483252
395 66.973318 50.873383
396 42.142580 25.179694
397 23.358153 69.283803
398 84.510034 77.251054
399 49.478939 11.062823
400 51.393064 87.944059
401 74.672954 20.466440
402 31.801238 43.410292
403 38.117947 6.108893
404 25.398628 78.123828
405 33.467695 98.038621
406 25.578782 76.098145
407 19.885933 55.339951
408 45.964417 84.783347
409 26.196157 63.599625
410 59.232601 70.246743
411 83.880823 11.055189
412 85.087120 45.030658
413 43.479968 46.324765
414 95.675583 7.738087
415 13.046550 33.862410
416 37.737436 14.399382
417 24.043397 49.348866
418 32.035045 73.876625
419 15.490693 16.806076
420 11.569744 20.968791
421 61.520611 65.700749
422 26.546972 96.227923
423 47.105588 15.029842
424 20.416156 62.708066
425 44.717837 97.253049
426 7.632770 18.261153
427 77.578456 38.015215
428 83.981638 1.182391
429 58.855315 56.655051
430 19.911124 44.458696
431 25.480681 59.303568
432 60.123857 60.125136
433 22.390912 33.984329
434 75.645902 78.854348
435 57.336928 21.223386
436 75.579189 41.906520
437 46.922091 2.842573
438 67.457376 50.900346
439 40.153933 92.365240
440 21.929527 51.131698
441 32.159075 28.597737
442 93.825176 27.095331
443 56.192455 86.205703
444 4.727835 62.737501
445 84.544581 15.754803
446 44.793843 84.395822
447 27.395288 34.949181
448 26.003780 81.045218
449 80.327943 69.676601
450 80.757778 2.089289
451 55.662380 46.195486
452 52.861550 21.488025
453 98.734890 98.316703
454 16.060514 63.494029
455 82.452093 59.134909
456 33.045851 73.014471
457 20.898192 46.315313
458 97.206384 66.804753
459 77.992443 8.683589
460 87.742143 84.650415
461 3.982350 42.175977
462 77.880102 74.415070
463 75.710500 76.210175
464 72.199380 73.462506
465 63.032242 83.867074
466 62.784520 29.357844
467 48.477365 3.254382
468 35.310789 15.260516
469 3.396681 61.815163
470 94.992966 54.822709
471 80.451966 61.827785
472 78.798682 16.580028
473 57.383724 30.790298
474 90.233372 61.852884
475 76.993847 18.212443
476 67.185929 96.272567
477 8.075942 84.362464
478 38.329762 65.092161
479 36.401838 41.856680
480 20.715105 88.603755
481 43.402874 98.307214
482 81.932959 47.245203
483 85.402486 98.393270
484 60.199892 18.815841
485 13.989066 38.033600
486 59.938134 51.599890
487 49.455883 96.318030
488 32.698104 32.265836
489 8.651024 33.159525
490 30.713295 26.585632
491 95.886171 69.615273
492 96.559594 94.133233
493 25.084748 43.379432
494 7.191300 51.729816
495 12.795810 53.377022
496 63.892559 46.309106
497 42.389660 63.318396
498 3.580883 82.057751
499 21.906890 21.586447
500 25.806053 1.867428
501 21.762296 0.946869
502 26.391420 67.418290
503 31.038204 65.897188
504 43.636195 54.776839
505 58.650812 0.975029
506 21.107725 26.568609
507 1.664335 51.243552
508 30.357130 91.833560
509 0.629936 7.437671
510 51.827267 94.893018
511 86.361070 88.637019
512 4.615767 17.109620
513 22.921008 62.634300
514 49.006884 74.645591
515 45.993215 90.070549
516 96.355530 47.219247
517 29.655945 33.243850
518 79.127244 91.441585
519 76.688169 87.897822
520 89.426406 62.070551
521 74.009726 10.068705
522 15.948037 54.187763
523 94.057032 79.102044
524 7.626962 70.491866
525 66.718331 55.823228
526 77.653027 33.472568
527 12.925775 67.893295
528 91.657498 25.260288
529 45.888238 97.213911
530 46.554648 73.730146
531 61.652116 39.483233
532 65.166904 1.604491
533 15.138194 75.402711
534 42.218807 20.018544
535 53.404444 77.261083
536 36.329785 92.688937
537 81.549718 23.097150
538 20.261862 33.841019
539 10.844839 15.835785
540 49.973604 83.155815
541 76.144318 33.666400
542 83.279604 20.167701
543 72.371079 35.348445
544 30.240234 66.697286
545 15.365874 53.264959
546 20.929658 74.003115
547 85.228015 88.092658
548 78.721273 29.920758
549 77.238599 86.470142
550 86.542194 36.404565
551 92.479428 86.000579
552 84.684996 9.371343
553 83.174888 18.972939
554 31.884733 80.676826
555 79.659024 37.958424
556 58.413405 92.986775
557 10.329215 46.327916
558 69.432910 89.327634
559 10.826590 65.264284
560 46.560852 46.559495
561 15.460986 97.539118
562 22.798439 61.012832
563 17.236794 99.836707
564 26.241900 60.807358
565 94.510741 23.121924
566 67.843614 62.761863
567 83.521127 98.003704
568 22.826750 27.376448
569 29.971446 19.391743
570 63.260305 54.288966
571 85.876449 63.577270
572 22.788026 4.930708
573 96.546229 62.329905
574 94.878924 88.991160
575 70.735819 60.045311
576 10.816381 74.282068
577 94.886321 19.335309
578 89.714271 94.501204
579 10.325002 11.081341
580 92.024761 60.730565
581 94.037957 41.147358
582 1.918051 83.005827
583 98.166876 77.802834
584 89.617336 6.078382
585 98.062880 49.912417
586 16.193130 84.501682
587 70.165867 28.502096
588 88.012151 68.247538
589 28.250145 79.635798
590 35.224911 79.766856
591 39.290343 13.244875
592 95.693742 41.598731
593 14.368908 69.805810
594 47.695840 91.123202
595 45.735693 0.381399
596 29.331365 79.595884
597 68.674193 33.290612
598 1.053273 83.273076
599 27.118123 45.534235
600 57.083549 75.851605
601 64.009659 37.330920
602 65.459755 50.240819
603 40.329151 50.000547
604 72.259519 4.963877
605 71.452243 20.930494
606 15.408269 48.503735
607 83.538363 55.164136
608 84.957098 63.501713
609 89.758199 12.635391
610 85.281282 11.951318
611 61.796417 91.348876
612 60.554191 45.018155
613 39.257991 37.023203
614 90.244872 30.144316
615 63.757835 34.605685
616 39.299558 20.750501
617 0.282440 6.643790
618 50.342242 41.889860
619 7.581324 73.458658
620 6.303822 51.284424
621 26.735914 68.096575
622 86.174014 75.600721
623 11.989839 11.473807
624 61.189965 64.019604
625 11.349415 84.748706
626 54.527998 49.974770
627 52.728657 97.343189
628 38.033429 10.540761
629 75.524562 73.141594
630 74.257802 11.721489
631 32.477646 32.114193
632 52.326754 41.022403
633 2.978763 27.214038
634 90.550550 46.109836
635 17.290143 57.388601
636 47.276986 1.440279
637 98.544184 53.072752
638 30.242066 54.356437
639 28.545845 1.873988
640 70.510527 97.118794
641 55.262314 14.397877
642 64.882724 28.244817
643 89.961933 17.787885
644 56.147669 14.000553
645 1.132080 91.426644
646 26.055243 80.743291
647 32.514649 32.929144
648 65.954448 30.161726
649 78.700112 11.439598
650 56.877460 93.735782
651 78.265940 98.620524
652 51.708180 35.936122
653 34.429835 37.873651
654 17.394691 12.489913
655 31.709932 39.954263
656 75.788713 33.831120
657 22.827640 41.727761
658 88.682271 44.207243
659 9.063018 95.912335
660 68.965179 18.256973
661 12.864520 71.176516
662 59.157184 65.779520
663 15.081658 41.669823
664 3.835539 23.865448
665 65.661913 84.338829
666 11.445205 11.362346
667 19.400208 89.537554
668 0.829179 36.262719
669 74.687142 82.684964
670 84.582814 79.308410
671 57.045477 40.140677
672 36.266799 49.175918
673 99.056458 22.098267
674 68.710379 86.434372
675 38.750306 22.907212
676 60.376449 65.641379
677 90.576242 69.620621
678 38.713333 5.434547
679 91.847680 21.256925
680 84.205528 52.308798
681 95.748818 66.235038
682 8.646690 59.861537
683 52.811105 39.870237
684 6.069029 72.248851
685 81.426536 94.817074
686 26.587427 9.761923
687 85.461043 65.593773
688 79.805441 10.882013
689 99.208292 10.545666
690 6.541731 57.404181
691 23.203410 19.798321
692 62.349528 58.863866
693 62.860044 36.232717
694 90.708913 87.915226
695 76.548314 8.594007
696 68.347328 67.049451
697 88.819111 98.379646
698 7.454918 19.876707
699 42.499983 48.191027
700 0.289282 49.998285
701 50.518245 40.465966
702 19.874041 71.627254
703 10.411702 36.618323
704 57.269578 67.791490
705 94.195738 35.495030
706 38.871286 11.388975
707 67.679183 77.372248
708 48.168278 27.441773
709 77.354259 37.658388
710 32.420441 58.795812
711 68.711029 13.816783
712 12.730638 31.489251
713 73.631061 29.422615
714 24.761396 28.085395
715 72.851547 61.737320
716 46.941959 45.645959
717 65.834401 12.913517
718 65.452406 42.402008
719 66.117664 88.726506
720 8.231112 11.742267
721 43.325227 43.647360
722 91.784047 59.338268
723 7.177339 76.966861
724 96.042701 68.472495
725 34.525833 33.353454
726 12.452817 78.016917
727 1.053665 91.177764
728 4.525768 14.612061
729 17.878327 54.171315
730 95.531492 89.657238
731 45.882593 32.040259
732 70.107413 19.847007
733 82.471010 18.053793
734 82.860389 44.896691
735 7.029090 21.093535
736 50.080337 12.080248
737 5.423133 24.380285
738 71.938486 71.930206
739 44.921049 94.140882
740 26.021359 99.969556
741 2.562962 29.037431
742 32.356226 51.801087
743 37.388985 47.983238
744 29.748826 69.512162
745 82.942976 23.097570
746 93.605325 19.887747
747 76.639127 6.348630
748 71.758683 7.338994
749 37.244753 74.161747
750 56.759291 12.616844
751 62.043501 71.732677
752 38.265020 74.734527
753 75.609547 4.639367
754 40.722129 51.378600
755 32.564798 34.528553
756 27.162048 21.059043
757 90.387054 28.629788
758 18.280928 66.197401
759 54.409846 84.771520
760 42.129100 52.716207
761 11.139563 2.364889
762 85.671955 94.051371
763 73.280361 38.800184
764 86.924706 46.472596
765 32.855191 88.388327
766 54.310439 32.897613
767 31.766255 3.665035
768 34.024473 25.077898
769 92.057906 80.476210
770 90.847005 31.355452
771 87.610940 83.537527
772 22.157205 87.983833
773 69.371846 81.561125
774 78.826109 26.973480
775 18.875211 66.445510
776 24.754330 47.737991
777 66.606702 89.450562
778 76.719506 75.192112
779 26.374467 38.125454
780 84.176773 67.529250
781 32.499635 59.055553
782 5.593629 59.548185
783 5.067117 13.993341
784 76.474328 77.642352
785 55.857197 0.620405
786 12.022497 59.186344
787 24.241184 52.551587
788 69.989605 82.510570
789 18.568940 21.033541
790 50.884816 67.999355
791 48.857796 33.707106
792 30.463134 88.388775
793 52.973146 61.340793
794 84.113507 73.989372
795 92.513060 3.495145
796 92.979970 4.829081
797 18.099542 13.320527
798 68.336763 39.133238
799 34.035898 82.418008
800 42.331230 22.183862
